         0             0        1.04857900e+10    1.0485790000e+06
         1             1        1.54829774e+10    1.5482977387e+06
         2             2        0.00000000e+00    0.0000000000e+00
         3             3        4.38009277e+09    4.3800927724e+05
         4             4        0.00000000e+00    0.0000000000e+00
         5             5        7.32086614e+08    7.3208661448e+04
         6             6        0.00000000e+00    0.0000000000e+00
         7             7        1.29253994e+08    1.2925399406e+04
         8             8        0.00000000e+00    0.0000000000e+00
         9             9        5.72642247e+07    5.7264224748e+03
        10            10        0.00000000e+00    0.0000000000e+00
        11            11        3.36970547e+07    3.3697054737e+03
        12            12        0.00000000e+00    0.0000000000e+00
        13            13        2.27332511e+07    2.2733251132e+03
        14            14        0.00000000e+00    0.0000000000e+00
        15            15        1.65870197e+07    1.6587019722e+03
        16            16        0.00000000e+00    0.0000000000e+00
        17            17        1.27447033e+07    1.2744703335e+03
        18            18        0.00000000e+00    0.0000000000e+00
        19            19        1.01580287e+07    1.0158028723e+03
        20            20        0.00000000e+00    0.0000000000e+00
        21            21        8.32162620e+06    8.3216261950e+02
        22            22        0.00000000e+00    0.0000000000e+00
        23            23        6.96348630e+06    6.9634863000e+02
        24            24        0.00000000e+00    0.0000000000e+00
        25            25        5.92691078e+06    5.9269107750e+02
        26            26        0.00000000e+00    0.0000000000e+00
        27            27        5.11505856e+06    5.1150585600e+02
        28            28        0.00000000e+00    0.0000000000e+00
        29            29        4.46613392e+06    4.4661339175e+02
        30            30        0.00000000e+00    0.0000000000e+00
        31            31        3.93770164e+06    3.9377016425e+02
        32            32        0.00000000e+00    0.0000000000e+00
        33            33        3.50118932e+06    3.5011893200e+02
        34            34        0.00000000e+00    0.0000000000e+00
        35            35        3.13581926e+06    3.1358192625e+02
        36            36        0.00000000e+00    0.0000000000e+00
        37            37        2.82639671e+06    2.8263967150e+02
        38            38        0.00000000e+00    0.0000000000e+00
        39            39        2.56176544e+06    2.5617654425e+02
        40            40        0.00000000e+00    0.0000000000e+00
        41            41        2.33366737e+06    2.3336673725e+02
        42            42        0.00000000e+00    0.0000000000e+00
        43            43        2.13531952e+06    2.1353195200e+02
        44            44        0.00000000e+00    0.0000000000e+00
        45            45        1.96192425e+06    1.9619242500e+02
        46            46        0.00000000e+00    0.0000000000e+00
        47            47        1.80893654e+06    1.8089365425e+02
        48            48        0.00000000e+00    0.0000000000e+00
        49            49        1.67364675e+06    1.6736467525e+02
        50            50        0.00000000e+00    0.0000000000e+00
        51            51        1.55291955e+06    1.5529195500e+02
        52            52        0.00000000e+00    0.0000000000e+00
        53            53        1.44512039e+06    1.4451203875e+02
        54            54        0.00000000e+00    0.0000000000e+00
        55            55        1.34826673e+06    1.3482667325e+02
        56            56        0.00000000e+00    0.0000000000e+00
        57            57        1.26069035e+06    1.2606903475e+02
        58            58        0.00000000e+00    0.0000000000e+00
        59            59        1.18152080e+06    1.1815208050e+02
        60            60        0.00000000e+00    0.0000000000e+00
        61            61        1.10964808e+06    1.1096480825e+02
        62            62        0.00000000e+00    0.0000000000e+00
        63            63        1.04389162e+06    1.0438916225e+02
        64            64        0.00000000e+00    0.0000000000e+00
        65            66        9.83877233e+05    4.9193861625e+01
        66            68        9.28895870e+05    4.6444793500e+01
        67            70        8.78387672e+05    4.3919383625e+01
        68            72        8.31714318e+05    4.1585715875e+01
        69            74        7.88677522e+05    3.9433876125e+01
        70            76        7.48864150e+05    3.7443207500e+01
        71            78        7.11834007e+05    3.5591700375e+01
        72            80        6.77474943e+05    3.3873747125e+01
        73            82        6.45506297e+05    3.2275314875e+01
        74            84        6.15677195e+05    3.0783859750e+01
        75            86        5.87854282e+05    2.9392714125e+01
        76            88        5.61767363e+05    2.8088368125e+01
        77            90        5.37299130e+05    2.6864956500e+01
        78            92        5.14347722e+05    2.5717386125e+01
        79            94        4.92852787e+05    2.4642639375e+01
        80            96        4.72566705e+05    2.3628335250e+01
        81            98        4.53471695e+05    2.2673584750e+01
        82           100        4.35522290e+05    2.1776114500e+01
        83           102        4.18486370e+05    2.0924318500e+01
        84           104        4.02394445e+05    2.0119722250e+01
        85           106        3.87196102e+05    1.9359805125e+01
        86           108        3.72792845e+05    1.8639642250e+01
        87           110        3.59109750e+05    1.7955487500e+01
        88           112        3.46213657e+05    1.7310682875e+01
        89           114        3.33917807e+05    1.6695890375e+01
        90           116        3.22191880e+05    1.6109594000e+01
        91           118        3.11065160e+05    1.5553258000e+01
        92           120        3.00483727e+05    1.5024186375e+01
        93           122        2.90355780e+05    1.4517789000e+01
        94           124        2.80762088e+05    1.4038104375e+01
        95           126        2.71524943e+05    1.3576247125e+01
        96           128        2.62754338e+05    1.3137716875e+01
        97           130        2.54381010e+05    1.2719050500e+01
        98           132        2.46307397e+05    1.2315369875e+01
        99           134        2.38724270e+05    1.1936213500e+01
       100           136        2.31375935e+05    1.1568796750e+01
       101           138        2.24342812e+05    1.1217140625e+01
       102           140        2.17550505e+05    1.0877525250e+01
       103           142        2.11161470e+05    1.0558073500e+01
       104           144        2.04873235e+05    1.0243661750e+01
       105           146        1.98985345e+05    9.9492672500e+00
       106           148        1.93231753e+05    9.6615876250e+00
       107           150        1.87724440e+05    9.3862220000e+00
       108           152        1.82480647e+05    9.1240323750e+00
       109           154        1.77408685e+05    8.8704342500e+00
       110           156        1.72502332e+05    8.6251166250e+00
       111           158        1.67748295e+05    8.3874147500e+00
       112           160        1.63258853e+05    8.1629426250e+00
       113           162        1.58899862e+05    7.9449931250e+00
       114           164        1.54666182e+05    7.7333091250e+00
       115           166        1.50592005e+05    7.5296002500e+00
       116           168        1.46716535e+05    7.3358267500e+00
       117           170        1.42923455e+05    7.1461727500e+00
       118           172        1.39234703e+05    6.9617351250e+00
       119           174        1.35716922e+05    6.7858461250e+00
       120           176        1.32311737e+05    6.6155868750e+00
       121           178        1.29046122e+05    6.4523061250e+00
       122           180        1.25863173e+05    6.2931586250e+00
       123           182        1.22773283e+05    6.1386641250e+00
       124           184        1.19802630e+05    5.9901315000e+00
       125           186        1.16899958e+05    5.8449978750e+00
       126           188        1.14121810e+05    5.7060905000e+00
       127           190        1.11445715e+05    5.5722857500e+00
       128           192        1.08826432e+05    5.4413216250e+00
       129           196        2.10115422e+05    5.2528855625e+00
       130           200        2.00590598e+05    5.0147649375e+00
       131           204        1.91651763e+05    4.7912940625e+00
       132           208        1.83230465e+05    4.5807616250e+00
       133           212        1.75276210e+05    4.3819052500e+00
       134           216        1.67793610e+05    4.1948402500e+00
       135           220        1.60681600e+05    4.0170400000e+00
       136           224        1.54003853e+05    3.8500963125e+00
       137           228        1.47644125e+05    3.6911031250e+00
       138           232        1.41666350e+05    3.5416587500e+00
       139           236        1.36001075e+05    3.4000268750e+00
       140           240        1.30634477e+05    3.2658619375e+00
       141           244        1.25512760e+05    3.1378190000e+00
       142           248        1.20645775e+05    3.0161443750e+00
       143           252        1.16071600e+05    2.9017900000e+00
       144           256        1.11665258e+05    2.7916314375e+00
       145           260        1.07512798e+05    2.6878199375e+00
       146           264        1.03526402e+05    2.5881600625e+00
       147           268        9.98009575e+04    2.4950239375e+00
       148           272        9.61606250e+04    2.4040156250e+00
       149           276        9.27066075e+04    2.3176651875e+00
       150           280        8.94746400e+04    2.2368660000e+00
       151           284        8.63051150e+04    2.1576278750e+00
       152           288        8.33186400e+04    2.0829660000e+00
       153           292        8.04863850e+04    2.0121596250e+00
       154           296        7.77401075e+04    1.9435026875e+00
       155           300        7.51470925e+04    1.8786773125e+00
       156           304        7.26250550e+04    1.8156263750e+00
       157           308        7.02072025e+04    1.7551800625e+00
       158           312        6.79212300e+04    1.6980307500e+00
       159           316        6.57187275e+04    1.6429681875e+00
       160           320        6.36154850e+04    1.5903871250e+00
       161           324        6.15782100e+04    1.5394552500e+00
       162           328        5.96473675e+04    1.4911841875e+00
       163           332        5.77712400e+04    1.4442810000e+00
       164           336        5.59934275e+04    1.3998356875e+00
       165           340        5.42527925e+04    1.3563198125e+00
       166           344        5.26016725e+04    1.3150418125e+00
       167           348        5.10260500e+04    1.2756512500e+00
       168           352        4.94560125e+04    1.2364003125e+00
       169           356        4.80066850e+04    1.2001671250e+00
       170           360        4.65768300e+04    1.1644207500e+00
       171           364        4.52377475e+04    1.1309436875e+00
       172           368        4.38973050e+04    1.0974326250e+00
       173           372        4.26322275e+04    1.0658056875e+00
       174           376        4.14204675e+04    1.0355116875e+00
       175           380        4.02416025e+04    1.0060400625e+00
       176           384        3.91035700e+04    9.7758925000e-01
       177           388        3.79896500e+04    9.4974125000e-01
       178           392        3.69346800e+04    9.2336700000e-01
       179           396        3.59137575e+04    8.9784393750e-01
       180           400        3.49429875e+04    8.7357468750e-01
       181           404        3.39847300e+04    8.4961825000e-01
       182           408        3.30621125e+04    8.2655281250e-01
       183           412        3.21733350e+04    8.0433337500e-01
       184           416        3.13061650e+04    7.8265412500e-01
       185           420        3.04877750e+04    7.6219437500e-01
       186           424        2.96894675e+04    7.4223668750e-01
       187           428        2.88978800e+04    7.2244700000e-01
       188           432        2.81682875e+04    7.0420718750e-01
       189           436        2.74405700e+04    6.8601425000e-01
       190           440        2.67202975e+04    6.6800743750e-01
       191           444        2.60392825e+04    6.5098206250e-01
       192           448        2.53718175e+04    6.3429543750e-01
       193           456        4.88534400e+04    6.1066800000e-01
       194           464        4.64585675e+04    5.8073209375e-01
       195           472        4.42038675e+04    5.5254834375e-01
       196           480        4.20624750e+04    5.2578093750e-01
       197           488        4.00889575e+04    5.0111196875e-01
       198           496        3.81942125e+04    4.7742765625e-01
       199           504        3.64153350e+04    4.5519168750e-01
       200           512        3.47397375e+04    4.3424671875e-01
       201           520        3.31906375e+04    4.1488296875e-01
       202           528        3.16884550e+04    3.9610568750e-01
       203           536        3.02942325e+04    3.7867790625e-01
       204           544        2.89580150e+04    3.6197518750e-01
       205           552        2.76713550e+04    3.4589193750e-01
       206           560        2.64864800e+04    3.3108100000e-01
       207           568        2.53625150e+04    3.1703143750e-01
       208           576        2.42843350e+04    3.0355418750e-01
       209           584        2.32696100e+04    2.9087012500e-01
       210           592        2.23074500e+04    2.7884312500e-01
       211           600        2.13852875e+04    2.6731609375e-01
       212           608        2.05297675e+04    2.5662209375e-01
       213           616        1.96971100e+04    2.4621387500e-01
       214           624        1.89055150e+04    2.3631893750e-01
       215           632        1.81706700e+04    2.2713337500e-01
       216           640        1.74520450e+04    2.1815056250e-01
       217           648        1.67855850e+04    2.0981981250e-01
       218           656        1.61232925e+04    2.0154115625e-01
       219           664        1.55073250e+04    1.9384156250e-01
       220           672        1.49349450e+04    1.8668681250e-01
       221           680        1.43639925e+04    1.7954990625e-01
       222           688        1.38352100e+04    1.7294012500e-01
       223           696        1.33172925e+04    1.6646615625e-01
       224           704        1.28281075e+04    1.6035134375e-01
       225           712        1.23684525e+04    1.5460565625e-01
       226           720        1.19144025e+04    1.4893003125e-01
       227           728        1.14925475e+04    1.4365684375e-01
       228           736        1.10831500e+04    1.3853937500e-01
       229           744        1.06982075e+04    1.3372759375e-01
       230           752        1.03223925e+04    1.2902990625e-01
       231           760        9.96038000e+03    1.2450475000e-01
       232           768        9.62278250e+03    1.2028478125e-01
       233           776        9.29647750e+03    1.1620596875e-01
       234           784        8.98193250e+03    1.1227415625e-01
       235           792        8.68217750e+03    1.0852721875e-01
       236           800        8.38957500e+03    1.0486968750e-01
       237           808        8.11059750e+03    1.0138246875e-01
       238           816        7.83940250e+03    9.7992531250e-02
       239           824        7.58590750e+03    9.4823843750e-02
       240           832        7.34423750e+03    9.1802968750e-02
       241           840        7.09833750e+03    8.8729218750e-02
       242           848        6.87677500e+03    8.5959687500e-02
       243           856        6.66213250e+03    8.3276656250e-02
       244           864        6.45183000e+03    8.0647875000e-02
       245           872        6.25430000e+03    7.8178750000e-02
       246           880        6.04770750e+03    7.5596343750e-02
       247           888        5.86862000e+03    7.3357750000e-02
       248           896        5.69378250e+03    7.1172281250e-02
       249           904        5.51395250e+03    6.8924406250e-02
       250           912        5.34942750e+03    6.6867843750e-02
       251           920        5.18495750e+03    6.4811968750e-02
       252           928        5.03643750e+03    6.2955468750e-02
       253           936        4.88466750e+03    6.1058343750e-02
       254           944        4.74236500e+03    5.9279562500e-02
       255           952        4.60665750e+03    5.7583218750e-02
       256           960        4.47059500e+03    5.5882437500e-02
       257           976        8.55285000e+03    5.3455312500e-02
       258           992        8.07492250e+03    5.0468265625e-02
       259          1008        7.62438750e+03    4.7652421875e-02
       260          1024        7.20885500e+03    4.5055343750e-02
       261          1040        6.82140500e+03    4.2633781250e-02
       262          1056        6.45059750e+03    4.0316234375e-02
       263          1072        6.11442250e+03    3.8215140625e-02
       264          1088        5.79620750e+03    3.6226296875e-02
       265          1104        5.50344500e+03    3.4396531250e-02
       266          1120        5.21585500e+03    3.2599093750e-02
       267          1136        4.95580500e+03    3.0973781250e-02
       268          1152        4.71144250e+03    2.9446515625e-02
       269          1168        4.48237000e+03    2.8014812500e-02
       270          1184        4.25731250e+03    2.6608203125e-02
       271          1200        4.05704750e+03    2.5356546875e-02
       272          1216        3.86014000e+03    2.4125875000e-02
       273          1232        3.68529500e+03    2.3033093750e-02
       274          1248        3.51080750e+03    2.1942546875e-02
       275          1264        3.34767500e+03    2.0922968750e-02
       276          1280        3.19794750e+03    1.9987171875e-02
       277          1296        3.05220750e+03    1.9076296875e-02
       278          1312        2.91598750e+03    1.8224921875e-02
       279          1328        2.78448750e+03    1.7403046875e-02
       280          1344        2.66409500e+03    1.6650593750e-02
       281          1360        2.54579000e+03    1.5911187500e-02
       282          1376        2.43908250e+03    1.5244265625e-02
       283          1392        2.33983250e+03    1.4623953125e-02
       284          1408        2.24421000e+03    1.4026312500e-02
       285          1424        2.14544750e+03    1.3409046875e-02
       286          1440        2.05702500e+03    1.2856406250e-02
       287          1456        1.97607750e+03    1.2350484375e-02
       288          1472        1.89547250e+03    1.1846703125e-02
       289          1488        1.81970750e+03    1.1373171875e-02
       290          1504        1.75142250e+03    1.0946390625e-02
       291          1520        1.67859500e+03    1.0491218750e-02
       292          1536        1.61450000e+03    1.0090625000e-02
       293          1552        1.55392000e+03    9.7120000000e-03
       294          1568        1.49854000e+03    9.3658750000e-03
       295          1584        1.43895500e+03    8.9934687500e-03
       296          1600        1.38395750e+03    8.6497343750e-03
       297          1616        1.33632500e+03    8.3520312500e-03
       298          1632        1.28631500e+03    8.0394687500e-03
       299          1648        1.23936250e+03    7.7460156250e-03
       300          1664        1.19754000e+03    7.4846250000e-03
       301          1680        1.15060750e+03    7.1912968750e-03
       302          1696        1.11629500e+03    6.9768437500e-03
       303          1712        1.07664000e+03    6.7290000000e-03
       304          1728        1.03570500e+03    6.4731562500e-03
       305          1744        1.00181000e+03    6.2613125000e-03
       306          1760        9.66167500e+02    6.0385468750e-03
       307          1776        9.35502500e+02    5.8468906250e-03
       308          1792        9.06172500e+02    5.6635781250e-03
       309          1808        8.76785000e+02    5.4799062500e-03
       310          1824        8.48017500e+02    5.3001093750e-03
       311          1840        8.18907500e+02    5.1181718750e-03
       312          1856        7.95532500e+02    4.9720781250e-03
       313          1872        7.68207500e+02    4.8012968750e-03
       314          1888        7.46960000e+02    4.6685000000e-03
       315          1904        7.22120000e+02    4.5132500000e-03
       316          1920        7.00152500e+02    4.3759531250e-03
       317          1936        6.79347500e+02    4.2459218750e-03
       318          1952        6.55345000e+02    4.0959062500e-03
       319          1968        6.37267500e+02    3.9829218750e-03
       320          1984        6.17092500e+02    3.8568281250e-03
       321          2016        1.18200750e+03    3.6937734375e-03
       322          2048        1.11242750e+03    3.4763359375e-03
       323          2080        1.05267250e+03    3.2896015625e-03
       324          2112        9.92770000e+02    3.1024062500e-03
       325          2144        9.39022500e+02    2.9344453125e-03
       326          2176        8.88092500e+02    2.7752890625e-03
       327          2208        8.42092500e+02    2.6315390625e-03
       328          2240        7.97252500e+02    2.4914140625e-03
       329          2272        7.56800000e+02    2.3650000000e-03
       330          2304        7.20445000e+02    2.2513906250e-03
       331          2336        6.85647500e+02    2.1426484375e-03
       332          2368        6.47902500e+02    2.0246953125e-03
       333          2400        6.19047500e+02    1.9345234375e-03
       334          2432        5.88545000e+02    1.8392031250e-03
       335          2464        5.62305000e+02    1.7572031250e-03
       336          2496        5.35317500e+02    1.6728671875e-03
       337          2528        5.10692500e+02    1.5959140625e-03
       338          2560        4.87457500e+02    1.5233046875e-03
       339          2592        4.66260000e+02    1.4570625000e-03
       340          2624        4.47317500e+02    1.3978671875e-03
       341          2656        4.26857500e+02    1.3339296875e-03
       342          2688        4.08062500e+02    1.2751953125e-03
       343          2720        3.89995000e+02    1.2187343750e-03
       344          2752        3.74547500e+02    1.1704609375e-03
       345          2784        3.58647500e+02    1.1207734375e-03
       346          2816        3.45737500e+02    1.0804296875e-03
       347          2848        3.29775000e+02    1.0305468750e-03
       348          2880        3.17417500e+02    9.9192968750e-04
       349          2912        3.04177500e+02    9.5055468750e-04
       350          2944        2.93190000e+02    9.1621875000e-04
       351          2976        2.81517500e+02    8.7974218750e-04
       352          3008        2.70122500e+02    8.4413281250e-04
       353          3040        2.61320000e+02    8.1662500000e-04
       354          3072        2.53642500e+02    7.9263281250e-04
       355          3104        2.41670000e+02    7.5521875000e-04
       356          3136        2.33570000e+02    7.2990625000e-04
       357          3168        2.24780000e+02    7.0243750000e-04
       358          3200        2.16940000e+02    6.7793750000e-04
       359          3232        2.09547500e+02    6.5483593750e-04
       360          3264        2.01822500e+02    6.3069531250e-04
       361          3296        1.95177500e+02    6.0992968750e-04
       362          3328        1.87895000e+02    5.8717187500e-04
       363          3360        1.81065000e+02    5.6582812500e-04
       364          3392        1.76242500e+02    5.5075781250e-04
       365          3424        1.70350000e+02    5.3234375000e-04
       366          3456        1.63455000e+02    5.1079687500e-04
       367          3488        1.58882500e+02    4.9650781250e-04
       368          3520        1.53442500e+02    4.7950781250e-04
       369          3552        1.48137500e+02    4.6292968750e-04
       370          3584        1.44510000e+02    4.5159375000e-04
       371          3616        1.38917500e+02    4.3411718750e-04
       372          3648        1.35107500e+02    4.2221093750e-04
       373          3680        1.30527500e+02    4.0789843750e-04
       374          3712        1.25932500e+02    3.9353906250e-04
       375          3744        1.22525000e+02    3.8289062500e-04
       376          3776        1.17562500e+02    3.6738281250e-04
       377          3808        1.15597500e+02    3.6124218750e-04
       378          3840        1.11442500e+02    3.4825781250e-04
       379          3872        1.07272500e+02    3.3522656250e-04
       380          3904        1.05035000e+02    3.2823437500e-04
       381          3936        1.01490000e+02    3.1715625000e-04
       382          3968        9.90425000e+01    3.0950781250e-04
       383          4000        9.59975000e+01    2.9999218750e-04
       384          4032        9.24300000e+01    2.8884375000e-04
       385          4096        1.78170000e+02    2.7839062500e-04
       386          4160        1.67012500e+02    2.6095703125e-04
       387          4224        1.58737500e+02    2.4802734375e-04
       388          4288        1.49295000e+02    2.3327343750e-04
       389          4352        1.40242500e+02    2.1912890625e-04
       390          4416        1.33110000e+02    2.0798437500e-04
       391          4480        1.24882500e+02    1.9512890625e-04
       392          4544        1.18622500e+02    1.8534765625e-04
       393          4608        1.11302500e+02    1.7391015625e-04
       394          4672        1.06780000e+02    1.6684375000e-04
       395          4736        1.00657500e+02    1.5727734375e-04
       396          4800        9.50425000e+01    1.4850390625e-04
       397          4864        9.08250000e+01    1.4191406250e-04
       398          4928        8.48175000e+01    1.3252734375e-04
       399          4992        8.05025000e+01    1.2578515625e-04
       400          5056        7.65125000e+01    1.1955078125e-04
       401          5120        7.24525000e+01    1.1320703125e-04
       402          5184        6.84525000e+01    1.0695703125e-04
       403          5248        6.48525000e+01    1.0133203125e-04
       404          5312        6.26125000e+01    9.7832031250e-05
       405          5376        5.85450000e+01    9.1476562500e-05
       406          5440        5.54525000e+01    8.6644531250e-05
       407          5504        5.38100000e+01    8.4078125000e-05
       408          5568        5.08700000e+01    7.9484375000e-05
       409          5632        4.78075000e+01    7.4699218750e-05
       410          5696        4.54700000e+01    7.1046875000e-05
       411          5760        4.29025000e+01    6.7035156250e-05
       412          5824        4.11275000e+01    6.4261718750e-05
       413          5888        3.92975000e+01    6.1402343750e-05
       414          5952        3.73200000e+01    5.8312500000e-05
       415          6016        3.50425000e+01    5.4753906250e-05
       416          6080        3.34475000e+01    5.2261718750e-05
       417          6144        3.15025000e+01    4.9222656250e-05
       418          6208        3.02125000e+01    4.7207031250e-05
       419          6272        2.92325000e+01    4.5675781250e-05
       420          6336        2.68725000e+01    4.1988281250e-05
       421          6400        2.61625000e+01    4.0878906250e-05
       422          6464        2.49000000e+01    3.8906250000e-05
       423          6528        2.37525000e+01    3.7113281250e-05
       424          6592        2.27400000e+01    3.5531250000e-05
       425          6656        2.07775000e+01    3.2464843750e-05
       426          6720        2.02300000e+01    3.1609375000e-05
       427          6784        1.96425000e+01    3.0691406250e-05
       428          6848        1.78575000e+01    2.7902343750e-05
       429          6912        1.69800000e+01    2.6531250000e-05
       430          6976        1.61450000e+01    2.5226562500e-05
       431          7040        1.54850000e+01    2.4195312500e-05
       432          7104        1.45275000e+01    2.2699218750e-05
       433          7168        1.41500000e+01    2.2109375000e-05
       434          7232        1.31250000e+01    2.0507812500e-05
       435          7296        1.29550000e+01    2.0242187500e-05
       436          7360        1.19775000e+01    1.8714843750e-05
       437          7424        1.14000000e+01    1.7812500000e-05
       438          7488        1.10475000e+01    1.7261718750e-05
       439          7552        1.03275000e+01    1.6136718750e-05
       440          7616        9.69500000e+00    1.5148437500e-05
       441          7680        9.39750000e+00    1.4683593750e-05
       442          7744        8.92500000e+00    1.3945312500e-05
       443          7808        8.21250000e+00    1.2832031250e-05
       444          7872        8.13000000e+00    1.2703125000e-05
       445          7936        7.58500000e+00    1.1851562500e-05
       446          8000        7.20500000e+00    1.1257812500e-05
       447          8064        6.85000000e+00    1.0703125000e-05
       448          8128        6.35250000e+00    9.9257812500e-06
       449          8256        1.19325000e+01    9.3222656250e-06
       450          8384        1.04100000e+01    8.1328125000e-06
       451          8512        9.79500000e+00    7.6523437500e-06
       452          8640        8.86250000e+00    6.9238281250e-06
       453          8768        7.74000000e+00    6.0468750000e-06
       454          8896        7.20000000e+00    5.6250000000e-06
       455          9024        6.41750000e+00    5.0136718750e-06
       456          9152        5.51000000e+00    4.3046875000e-06
       457          9280        4.97250000e+00    3.8847656250e-06
       458          9408        4.66000000e+00    3.6406250000e-06
       459          9536        4.09000000e+00    3.1953125000e-06
       460          9664        3.56250000e+00    2.7832031250e-06
       461          9792        3.21000000e+00    2.5078125000e-06
       462          9920        2.92000000e+00    2.2812500000e-06
       463         10048        2.70250000e+00    2.1113281250e-06
       464         10176        2.40000000e+00    1.8750000000e-06
       465         10304        2.12750000e+00    1.6621093750e-06
       466         10432        1.98750000e+00    1.5527343750e-06
       467         10560        1.74000000e+00    1.3593750000e-06
       468         10688        1.45250000e+00    1.1347656250e-06
       469         10816        1.38750000e+00    1.0839843750e-06
       470         10944        1.20750000e+00    9.4335937500e-07
       471         11072        1.03500000e+00    8.0859375000e-07
       472         11200        9.52500000e-01    7.4414062500e-07
       473         11328        9.02500000e-01    7.0507812500e-07
       474         11456        7.02500000e-01    5.4882812500e-07
       475         11584        6.32500000e-01    4.9414062500e-07
       476         11712        5.52500000e-01    4.3164062500e-07
       477         11840        5.15000000e-01    4.0234375000e-07
       478         11968        3.57500000e-01    2.7929687500e-07
       479         12096        3.95000000e-01    3.0859375000e-07
       480         12224        3.72500000e-01    2.9101562500e-07
       481         12352        3.17500000e-01    2.4804687500e-07
       482         12480        2.37500000e-01    1.8554687500e-07
       483         12608        2.35000000e-01    1.8359375000e-07
       484         12736        2.27500000e-01    1.7773437500e-07
       485         12864        2.25000000e-01    1.7578125000e-07
       486         12992        1.55000000e-01    1.2109375000e-07
       487         13120        1.70000000e-01    1.3281250000e-07
       488         13248        1.45000000e-01    1.1328125000e-07
       489         13376        1.10000000e-01    8.5937500000e-08
       490         13504        1.37500000e-01    1.0742187500e-07
       491         13632        1.00000000e-01    7.8125000000e-08
       492         13760        9.25000000e-02    7.2265625000e-08
       493         13888        8.25000000e-02    6.4453125000e-08
       494         14016        7.25000000e-02    5.6640625000e-08
       495         14144        4.50000000e-02    3.5156250000e-08
       496         14272        3.50000000e-02    2.7343750000e-08
       497         14400        3.25000000e-02    2.5390625000e-08
       498         14528        3.50000000e-02    2.7343750000e-08
       499         14656        1.50000000e-02    1.1718750000e-08
       500         14784        4.50000000e-02    3.5156250000e-08
       501         14912        2.50000000e-02    1.9531250000e-08
       502         15040        1.75000000e-02    1.3671875000e-08
       503         15168        1.50000000e-02    1.1718750000e-08
       504         15296        7.50000000e-03    5.8593750000e-09
       505         15424        1.00000000e-02    7.8125000000e-09
       506         15552        7.50000000e-03    5.8593750000e-09
       507         15680        2.50000000e-03    1.9531250000e-09
       508         15808        7.50000000e-03    5.8593750000e-09
       509         15936        7.50000000e-03    5.8593750000e-09
       510         16064        5.00000000e-03    3.9062500000e-09
       511         16192        0.00000000e+00    0.0000000000e+00
       512         16320        0.00000000e+00    0.0000000000e+00
       513         16576        1.00000000e-02    3.9062500000e-09
       514         16832        7.50000000e-03    2.9296875000e-09
       515         17088        2.50000000e-03    9.7656250000e-10
       516         17344        2.50000000e-03    9.7656250000e-10
       517         17600        0.00000000e+00    0.0000000000e+00
       518         17856        2.50000000e-03    9.7656250000e-10
       519         18112        2.50000000e-03    9.7656250000e-10
       520         18368        0.00000000e+00    0.0000000000e+00
       521         18624        0.00000000e+00    0.0000000000e+00
       522         18880        0.00000000e+00    0.0000000000e+00
       523         19136        0.00000000e+00    0.0000000000e+00
       524         19392        0.00000000e+00    0.0000000000e+00
       525         19648        0.00000000e+00    0.0000000000e+00
       526         19904        0.00000000e+00    0.0000000000e+00
       527         20160        0.00000000e+00    0.0000000000e+00
       528         20416        0.00000000e+00    0.0000000000e+00
       529         20672        0.00000000e+00    0.0000000000e+00
       530         20928        0.00000000e+00    0.0000000000e+00
       531         21184        0.00000000e+00    0.0000000000e+00
       532         21440        0.00000000e+00    0.0000000000e+00
       533         21696        0.00000000e+00    0.0000000000e+00
       534         21952        2.50000000e-03    9.7656250000e-10
