         0             0        3.35559680e+09    6.5539000000e+04
         1             1        4.95449949e+09    9.6767568123e+04
         2             2        0.00000000e+00    0.0000000000e+00
         3             3        1.40157663e+09    2.7374543598e+04
         4             4        0.00000000e+00    0.0000000000e+00
         5             5        2.34245333e+08    4.5751041696e+03
         6             6        0.00000000e+00    0.0000000000e+00
         7             7        4.13557243e+07    8.0772899014e+02
         8             8        0.00000000e+00    0.0000000000e+00
         9             9        1.83217545e+07    3.5784676758e+02
        10            10        0.00000000e+00    0.0000000000e+00
        11            11        1.07815599e+07    2.1057734219e+02
        12            12        0.00000000e+00    0.0000000000e+00
        13            13        7.27347459e+06    1.4206005059e+02
        14            14        0.00000000e+00    0.0000000000e+00
        15            15        5.30691255e+06    1.0365063575e+02
        16            16        0.00000000e+00    0.0000000000e+00
        17            17        4.07755174e+06    7.9639682422e+01
        18            18        0.00000000e+00    0.0000000000e+00
        19            19        3.25021729e+06    6.3480806543e+01
        20            20        0.00000000e+00    0.0000000000e+00
        21            21        2.66238400e+06    5.1999687598e+01
        22            22        0.00000000e+00    0.0000000000e+00
        23            23        2.22796973e+06    4.3515033789e+01
        24            24        0.00000000e+00    0.0000000000e+00
        25            25        1.89621966e+06    3.7035540234e+01
        26            26        0.00000000e+00    0.0000000000e+00
        27            27        1.63650683e+06    3.1963024121e+01
        28            28        0.00000000e+00    0.0000000000e+00
        29            29        1.42870847e+06    2.7904462305e+01
        30            30        0.00000000e+00    0.0000000000e+00
        31            31        1.25982764e+06    2.4606008594e+01
        32            32        0.00000000e+00    0.0000000000e+00
        33            33        1.12019337e+06    2.1878776758e+01
        34            34        0.00000000e+00    0.0000000000e+00
        35            35        1.00323548e+06    1.9594442969e+01
        36            36        0.00000000e+00    0.0000000000e+00
        37            37        9.04064665e+05    1.7657512988e+01
        38            38        0.00000000e+00    0.0000000000e+00
        39            39        8.19560650e+05    1.6007043945e+01
        40            40        0.00000000e+00    0.0000000000e+00
        41            41        7.46609925e+05    1.4582225098e+01
        42            42        0.00000000e+00    0.0000000000e+00
        43            43        6.83047435e+05    1.3340770215e+01
        44            44        0.00000000e+00    0.0000000000e+00
        45            45        6.27537485e+05    1.2256591504e+01
        46            46        0.00000000e+00    0.0000000000e+00
        47            47        5.78637595e+05    1.1301515527e+01
        48            48        0.00000000e+00    0.0000000000e+00
        49            49        5.35517770e+05    1.0459331445e+01
        50            50        0.00000000e+00    0.0000000000e+00
        51            51        4.96753825e+05    9.7022231445e+00
        52            52        0.00000000e+00    0.0000000000e+00
        53            53        4.62252070e+05    9.0283607422e+00
        54            54        0.00000000e+00    0.0000000000e+00
        55            55        4.31270380e+05    8.4232496093e+00
        56            56        0.00000000e+00    0.0000000000e+00
        57            57        4.03271645e+05    7.8763993164e+00
        58            58        0.00000000e+00    0.0000000000e+00
        59            59        3.77917430e+05    7.3811998048e+00
        60            60        0.00000000e+00    0.0000000000e+00
        61            61        3.54886340e+05    6.9313738282e+00
        62            62        0.00000000e+00    0.0000000000e+00
        63            63        3.33827985e+05    6.5200778321e+00
        64            64        0.00000000e+00    0.0000000000e+00
        65            66        3.14699400e+05    3.0732363281e+00
        66            68        2.97182130e+05    2.9021692383e+00
        67            70        2.80947840e+05    2.7436312500e+00
        68            72        2.65973800e+05    2.5974003906e+00
        69            74        2.52224325e+05    2.4631281738e+00
        70            76        2.39498920e+05    2.3388566406e+00
        71            78        2.27695325e+05    2.2235871582e+00
        72            80        2.16647390e+05    2.1156971680e+00
        73            82        2.06439020e+05    2.0160060547e+00
        74            84        1.96903455e+05    1.9228853028e+00
        75            86        1.87952110e+05    1.8354698242e+00
        76            88        1.79674490e+05    1.7546336914e+00
        77            90        1.71849205e+05    1.6782148926e+00
        78            92        1.64422610e+05    1.6056895508e+00
        79            94        1.57629670e+05    1.5393522462e+00
        80            96        1.51154335e+05    1.4761165528e+00
        81            98        1.45020145e+05    1.4162123535e+00
        82           100        1.39241490e+05    1.3597801758e+00
        83           102        1.33782540e+05    1.3064701172e+00
        84           104        1.28638665e+05    1.2562369629e+00
        85           106        1.23771060e+05    1.2087017579e+00
        86           108        1.19184895e+05    1.1639149903e+00
        87           110        1.14808640e+05    1.1211781250e+00
        88           112        1.10707650e+05    1.0811293945e+00
        89           114        1.06722735e+05    1.0422142089e+00
        90           116        1.03006725e+05    1.0059250488e+00
        91           118        9.94089950e+04    9.7079096681e-01
        92           120        9.59958900e+04    9.3745986328e-01
        93           122        9.27767500e+04    9.0602294922e-01
        94           124        8.97156150e+04    8.7612905274e-01
        95           126        8.68041500e+04    8.4769677735e-01
        96           128        8.39354250e+04    8.1968188477e-01
        97           130        8.12946450e+04    7.9389301758e-01
        98           132        7.87347400e+04    7.6889394532e-01
        99           134        7.62819650e+04    7.4494106446e-01
       100           136        7.39075200e+04    7.2175312500e-01
       101           138        7.16808950e+04    7.0000874024e-01
       102           140        6.95274950e+04    6.7897944336e-01
       103           142        6.74396300e+04    6.5859013672e-01
       104           144        6.54816700e+04    6.3946943359e-01
       105           146        6.35708400e+04    6.2080898438e-01
       106           148        6.17334550e+04    6.0286577149e-01
       107           150        6.00042200e+04    5.8597871094e-01
       108           152        5.82866800e+04    5.6920585938e-01
       109           154        5.66847600e+04    5.5356210938e-01
       110           156        5.51004000e+04    5.3808984376e-01
       111           158        5.35963500e+04    5.2340185547e-01
       112           160        5.21466700e+04    5.0924482422e-01
       113           162        5.07749850e+04    4.9584946290e-01
       114           164        4.94117550e+04    4.8253666993e-01
       115           166        4.81077100e+04    4.6980185547e-01
       116           168        4.68533950e+04    4.5755268555e-01
       117           170        4.56723500e+04    4.4601904297e-01
       118           172        4.44634700e+04    4.3421357422e-01
       119           174        4.33544500e+04    4.2338330079e-01
       120           176        4.23032700e+04    4.1311787110e-01
       121           178        4.12214250e+04    4.0255297852e-01
       122           180        4.02198950e+04    3.9277241211e-01
       123           182        3.92183200e+04    3.8299140625e-01
       124           184        3.82502200e+04    3.7353730469e-01
       125           186        3.73648550e+04    3.6489116211e-01
       126           188        3.64560600e+04    3.5601621094e-01
       127           190        3.55961950e+04    3.4761909180e-01
       128           192        3.47784000e+04    3.3963281250e-01
       129           196        6.71744200e+04    3.2800009766e-01
       130           200        6.40672700e+04    3.1282846680e-01
       131           204        6.12090950e+04    2.9887253418e-01
       132           208        5.85411050e+04    2.8584523926e-01
       133           212        5.59706900e+04    2.7329438477e-01
       134           216        5.35983050e+04    2.6171047363e-01
       135           220        5.12941200e+04    2.5045957032e-01
       136           224        4.92211700e+04    2.4033774414e-01
       137           228        4.71557300e+04    2.3025258789e-01
       138           232        4.52417150e+04    2.2090681152e-01
       139           236        4.34205150e+04    2.1201423340e-01
       140           240        4.17067400e+04    2.0364619141e-01
       141           244        4.00782150e+04    1.9569440918e-01
       142           248        3.85347050e+04    1.8815773926e-01
       143           252        3.70600550e+04    1.8095729981e-01
       144           256        3.56811300e+04    1.7422426758e-01
       145           260        3.43275650e+04    1.6761506348e-01
       146           264        3.30575550e+04    1.6141384278e-01
       147           268        3.18693450e+04    1.5561203614e-01
       148           272        3.07136100e+04    1.4996879883e-01
       149           276        2.96128900e+04    1.4459418945e-01
       150           280        2.85747050e+04    1.3952492676e-01
       151           284        2.75915300e+04    1.3472426758e-01
       152           288        2.66261050e+04    1.3001027832e-01
       153           292        2.57376700e+04    1.2567221679e-01
       154           296        2.48404400e+04    1.2129121094e-01
       155           300        2.40105700e+04    1.1723911133e-01
       156           304        2.31993200e+04    1.1327792969e-01
       157           308        2.24319250e+04    1.0953088379e-01
       158           312        2.17059550e+04    1.0598610840e-01
       159           316        2.09908150e+04    1.0249421387e-01
       160           320        2.03570750e+04    9.9399780274e-02
       161           324        1.96697450e+04    9.6043676758e-02
       162           328        1.90913250e+04    9.3219360352e-02
       163           332        1.84660100e+04    9.0166064453e-02
       164           336        1.79153850e+04    8.7477465820e-02
       165           340        1.73663800e+04    8.4796777344e-02
       166           344        1.68428600e+04    8.2240527344e-02
       167           348        1.63249450e+04    7.9711645508e-02
       168           352        1.58516050e+04    7.7400415039e-02
       169           356        1.53424450e+04    7.4914282227e-02
       170           360        1.49240650e+04    7.2871411132e-02
       171           364        1.44705950e+04    7.0657202148e-02
       172           368        1.40613550e+04    6.8658959961e-02
       173           372        1.36559950e+04    6.6679663086e-02
       174           376        1.32693350e+04    6.4791674805e-02
       175           380        1.28898000e+04    6.2938476563e-02
       176           384        1.25306000e+04    6.1184570313e-02
       177           388        1.21749050e+04    5.9447778320e-02
       178           392        1.18424200e+04    5.7824316407e-02
       179           396        1.15211100e+04    5.6255419922e-02
       180           400        1.11982950e+04    5.4679174805e-02
       181           404        1.08967250e+04    5.3206665039e-02
       182           408        1.05996450e+04    5.1756079102e-02
       183           412        1.03189350e+04    5.0385424805e-02
       184           416        1.00519300e+04    4.9081689454e-02
       185           420        9.80034500e+03    4.7853247071e-02
       186           424        9.52955500e+03    4.6531030274e-02
       187           428        9.29270000e+03    4.5374511719e-02
       188           432        9.03958500e+03    4.4138598633e-02
       189           436        8.80497000e+03    4.2993017578e-02
       190           440        8.59647500e+03    4.1974975586e-02
       191           444        8.37639000e+03    4.0900341798e-02
       192           448        8.16884000e+03    3.9886914063e-02
       193           456        1.57211100e+04    3.8381616211e-02
       194           464        1.49539250e+04    3.6508605957e-02
       195           472        1.42462650e+04    3.4780920410e-02
       196           480        1.35496000e+04    3.3080078125e-02
       197           488        1.29363600e+04    3.1582910156e-02
       198           496        1.23358900e+04    3.0116918946e-02
       199           504        1.17606650e+04    2.8712561036e-02
       200           512        1.12481300e+04    2.7461254883e-02
       201           520        1.07534700e+04    2.6253588867e-02
       202           528        1.02603200e+04    2.5049609375e-02
       203           536        9.81890000e+03    2.3971923828e-02
       204           544        9.38811500e+03    2.2920202637e-02
       205           552        8.99167500e+03    2.1952331543e-02
       206           560        8.60812000e+03    2.1015917969e-02
       207           568        8.25458500e+03    2.0152795410e-02
       208           576        7.90951500e+03    1.9310339356e-02
       209           584        7.59650500e+03    1.8546154785e-02
       210           592        7.28476000e+03    1.7785058594e-02
       211           600        6.98448000e+03    1.7051953125e-02
       212           608        6.71978000e+03    1.6405712891e-02
       213           616        6.45260500e+03    1.5753430176e-02
       214           624        6.19064000e+03    1.5113867188e-02
       215           632        5.97055500e+03    1.4576550293e-02
       216           640        5.72118500e+03    1.3967736816e-02
       217           648        5.51924000e+03    1.3474707032e-02
       218           656        5.30440000e+03    1.2950195312e-02
       219           664        5.11871500e+03    1.2496862793e-02
       220           672        4.92978500e+03    1.2035607910e-02
       221           680        4.74704500e+03    1.1589465333e-02
       222           688        4.57758000e+03    1.1175732422e-02
       223           696        4.41158000e+03    1.0770458985e-02
       224           704        4.25095500e+03    1.0378308106e-02
       225           712        4.10875000e+03    1.0031127930e-02
       226           720        3.97748500e+03    9.7106567383e-03
       227           728        3.82430500e+03    9.3366821289e-03
       228           736        3.69785500e+03    9.0279663086e-03
       229           744        3.57035500e+03    8.7166870118e-03
       230           752        3.45694000e+03    8.4397949219e-03
       231           760        3.33471500e+03    8.1413940430e-03
       232           768        3.22899500e+03    7.8832885742e-03
       233           776        3.12599500e+03    7.6318237305e-03
       234           784        3.01752500e+03    7.3670043945e-03
       235           792        2.91788000e+03    7.1237304688e-03
       236           800        2.82496000e+03    6.8968750000e-03
       237           808        2.74088000e+03    6.6916015626e-03
       238           816        2.65560500e+03    6.4834106446e-03
       239           824        2.56707000e+03    6.2672607422e-03
       240           832        2.49088500e+03    6.0812622071e-03
       241           840        2.41893500e+03    5.9056030274e-03
       242           848        2.33871500e+03    5.7097534180e-03
       243           856        2.26543500e+03    5.5308471680e-03
       244           864        2.20183500e+03    5.3755737305e-03
       245           872        2.13141000e+03    5.2036376954e-03
       246           880        2.06812500e+03    5.0491333008e-03
       247           888        2.01401500e+03    4.9170288086e-03
       248           896        1.95433500e+03    4.7713256836e-03
       249           904        1.89570000e+03    4.6281738282e-03
       250           912        1.84554500e+03    4.5057250977e-03
       251           920        1.79082500e+03    4.3721313477e-03
       252           928        1.74053500e+03    4.2493530274e-03
       253           936        1.68930000e+03    4.1242675781e-03
       254           944        1.64213500e+03    4.0091186524e-03
       255           952        1.59627000e+03    3.8971435547e-03
       256           960        1.54785500e+03    3.7789428712e-03
       257           976        2.97313500e+03    3.6293151856e-03
       258           992        2.81584500e+03    3.4373107910e-03
       259          1008        2.67096000e+03    3.2604492188e-03
       260          1024        2.52847000e+03    3.0865112305e-03
       261          1040        2.40337000e+03    2.9338012696e-03
       262          1056        2.27516500e+03    2.7773010254e-03
       263          1072        2.16531500e+03    2.6432067871e-03
       264          1088        2.05005000e+03    2.5025024414e-03
       265          1104        1.95520000e+03    2.3867187500e-03
       266          1120        1.85656500e+03    2.2663146973e-03
       267          1136        1.76864500e+03    2.1589904786e-03
       268          1152        1.68113500e+03    2.0521667481e-03
       269          1168        1.60918500e+03    1.9643371582e-03
       270          1184        1.52822000e+03    1.8655029297e-03
       271          1200        1.45436500e+03    1.7753479004e-03
       272          1216        1.38484500e+03    1.6904846192e-03
       273          1232        1.32798000e+03    1.6210693360e-03
       274          1248        1.26717000e+03    1.5468383789e-03
       275          1264        1.20822000e+03    1.4748779297e-03
       276          1280        1.15560000e+03    1.4106445313e-03
       277          1296        1.10176000e+03    1.3449218750e-03
       278          1312        1.05469000e+03    1.2874633789e-03
       279          1328        1.01339000e+03    1.2370483398e-03
       280          1344        9.67695000e+02    1.1812683106e-03
       281          1360        9.25035000e+02    1.1291931153e-03
       282          1376        8.86535000e+02    1.0821960449e-03
       283          1392        8.50365000e+02    1.0380432128e-03
       284          1408        8.14010000e+02    9.9366455077e-04
       285          1424        7.80860000e+02    9.5319824219e-04
       286          1440        7.45265000e+02    9.0974731445e-04
       287          1456        7.16995000e+02    8.7523803711e-04
       288          1472        6.86615000e+02    8.3815307618e-04
       289          1488        6.58425000e+02    8.0374145508e-04
       290          1504        6.32490000e+02    7.7208251953e-04
       291          1520        6.10900000e+02    7.4572753907e-04
       292          1536        5.84270000e+02    7.1322021485e-04
       293          1552        5.60815000e+02    6.8458862305e-04
       294          1568        5.37870000e+02    6.5657958984e-04
       295          1584        5.19435000e+02    6.3407592773e-04
       296          1600        4.99725000e+02    6.1001586914e-04
       297          1616        4.77760000e+02    5.8320312501e-04
       298          1632        4.55330000e+02    5.5582275391e-04
       299          1648        4.42035000e+02    5.3959350585e-04
       300          1664        4.23725000e+02    5.1724243163e-04
       301          1680        4.08055000e+02    4.9811401367e-04
       302          1696        3.94130000e+02    4.8111572265e-04
       303          1712        3.77340000e+02    4.6062011719e-04
       304          1728        3.66245000e+02    4.4707641602e-04
       305          1744        3.50200000e+02    4.2749023438e-04
       306          1760        3.37640000e+02    4.1215820313e-04
       307          1776        3.23740000e+02    3.9519042969e-04
       308          1792        3.13805000e+02    3.8306274414e-04
       309          1808        3.02630000e+02    3.6942138672e-04
       310          1824        2.89285000e+02    3.5313110352e-04
       311          1840        2.79225000e+02    3.4085083008e-04
       312          1856        2.68375000e+02    3.2760620117e-04
       313          1872        2.57920000e+02    3.1484375000e-04
       314          1888        2.48645000e+02    3.0352172851e-04
       315          1904        2.39360000e+02    2.9218750000e-04
       316          1920        2.31515000e+02    2.8261108399e-04
       317          1936        2.22865000e+02    2.7205200196e-04
       318          1952        2.13945000e+02    2.6116333009e-04
       319          1968        2.07280000e+02    2.5302734376e-04
       320          1984        2.00410000e+02    2.4464111329e-04
       321          2016        3.79130000e+02    2.3140258789e-04
       322          2048        3.52165000e+02    2.1494445801e-04
       323          2080        3.25450000e+02    1.9863891602e-04
       324          2112        3.04950000e+02    1.8612670899e-04
       325          2144        2.80995000e+02    1.7150573731e-04
       326          2176        2.65425000e+02    1.6200256348e-04
       327          2208        2.45055000e+02    1.4956970215e-04
       328          2240        2.29150000e+02    1.3986206055e-04
       329          2272        2.13265000e+02    1.3016662598e-04
       330          2304        1.96850000e+02    1.2014770508e-04
       331          2336        1.86320000e+02    1.1372070313e-04
       332          2368        1.72580000e+02    1.0533447266e-04
       333          2400        1.60995000e+02    9.8263549804e-05
       334          2432        1.49885000e+02    9.1482543946e-05
       335          2464        1.39560000e+02    8.5180664062e-05
       336          2496        1.29990000e+02    7.9339599610e-05
       337          2528        1.20950000e+02    7.3822021485e-05
       338          2560        1.13665000e+02    6.9375610352e-05
       339          2592        1.04490000e+02    6.3775634766e-05
       340          2624        9.68450000e+01    5.9109497071e-05
       341          2656        9.14100000e+01    5.5792236329e-05
       342          2688        8.49900000e+01    5.1873779297e-05
       343          2720        7.95950000e+01    4.8580932618e-05
       344          2752        7.39000000e+01    4.5104980469e-05
       345          2784        6.83000000e+01    4.1687011719e-05
       346          2816        6.42900000e+01    3.9239501953e-05
       347          2848        5.98250000e+01    3.6514282227e-05
       348          2880        5.58650000e+01    3.4097290039e-05
       349          2912        5.15000000e+01    3.1433105469e-05
       350          2944        4.82850000e+01    2.9470825195e-05
       351          2976        4.44050000e+01    2.7102661133e-05
       352          3008        4.11600000e+01    2.5122070313e-05
       353          3040        3.83300000e+01    2.3394775391e-05
       354          3072        3.60550000e+01    2.2006225586e-05
       355          3104        3.39100000e+01    2.0697021485e-05
       356          3136        3.09050000e+01    1.8862915040e-05
       357          3168        2.95600000e+01    1.8041992188e-05
       358          3200        2.76800000e+01    1.6894531251e-05
       359          3232        2.48400000e+01    1.5161132813e-05
       360          3264        2.36450000e+01    1.4431762696e-05
       361          3296        2.12900000e+01    1.2994384766e-05
       362          3328        2.01350000e+01    1.2289428711e-05
       363          3360        1.87000000e+01    1.1413574219e-05
       364          3392        1.74550000e+01    1.0653686523e-05
       365          3424        1.60250000e+01    9.7808837889e-06
       366          3456        1.52150000e+01    9.2864990230e-06
       367          3488        1.40500000e+01    8.5754394529e-06
       368          3520        1.29750000e+01    7.9193115232e-06
       369          3552        1.21700000e+01    7.4279785155e-06
       370          3584        1.11050000e+01    6.7779541016e-06
       371          3616        1.03400000e+01    6.3110351562e-06
       372          3648        9.93000000e+00    6.0607910157e-06
       373          3680        9.30000000e+00    5.6762695313e-06
       374          3712        8.38500000e+00    5.1177978517e-06
       375          3744        7.87000000e+00    4.8034667970e-06
       376          3776        6.78000000e+00    4.1381835938e-06
       377          3808        6.63500000e+00    4.0496826173e-06
       378          3840        6.14000000e+00    3.7475585938e-06
       379          3872        5.19000000e+00    3.1677246094e-06
       380          3904        5.17000000e+00    3.1555175782e-06
       381          3936        4.84000000e+00    2.9541015626e-06
       382          3968        4.58000000e+00    2.7954101563e-06
       383          4000        4.03000000e+00    2.4597167969e-06
       384          4032        3.90000000e+00    2.3803710937e-06
       385          4096        6.86000000e+00    2.0935058593e-06
       386          4160        5.92500000e+00    1.8081665038e-06
       387          4224        4.91000000e+00    1.4984130858e-06
       388          4288        4.12500000e+00    1.2588500976e-06
       389          4352        3.75500000e+00    1.1459350585e-06
       390          4416        3.10000000e+00    9.4604492182e-07
       391          4480        2.44000000e+00    7.4462890622e-07
       392          4544        2.21000000e+00    6.7443847655e-07
       393          4608        1.75500000e+00    5.3558349609e-07
       394          4672        1.77000000e+00    5.4016113281e-07
       395          4736        1.42000000e+00    4.3334960938e-07
       396          4800        1.14500000e+00    3.4942626955e-07
       397          4864        9.45000000e-01    2.8839111330e-07
       398          4928        8.85000000e-01    2.7008056642e-07
       399          4992        6.95000000e-01    2.1209716799e-07
       400          5056        6.25000000e-01    1.9073486329e-07
       401          5120        4.95000000e-01    1.5106201173e-07
       402          5184        4.65000000e-01    1.4190673829e-07
       403          5248        2.80000000e-01    8.5449218760e-08
       404          5312        2.75000000e-01    8.3923339854e-08
       405          5376        2.80000000e-01    8.5449218762e-08
       406          5440        1.90000000e-01    5.7983398445e-08
       407          5504        1.60000000e-01    4.8828125008e-08
       408          5568        1.95000000e-01    5.9509277351e-08
       409          5632        1.20000000e-01    3.6621093756e-08
       410          5696        8.00000000e-02    2.4414062504e-08
       411          5760        6.50000000e-02    1.9836425783e-08
       412          5824        7.00000000e-02    2.1362304690e-08
       413          5888        8.00000000e-02    2.4414062504e-08
       414          5952        6.50000000e-02    1.9836425784e-08
       415          6016        3.50000000e-02    1.0681152346e-08
       416          6080        5.00000000e-02    1.5258789065e-08
       417          6144        3.00000000e-02    9.1552734390e-09
       418          6208        2.50000000e-02    7.6293945325e-09
       419          6272        2.00000000e-02    6.1035156260e-09
       420          6336        2.50000000e-02    7.6293945325e-09
       421          6400        5.00000000e-03    1.5258789065e-09
       422          6464        1.50000000e-02    4.5776367195e-09
       423          6528        1.00000000e-02    3.0517578130e-09
       424          6592        1.00000000e-02    3.0517578130e-09
       425          6656        0.00000000e+00    0.0000000000e+00
       426          6720        5.00000000e-03    1.5258789065e-09
       427          6784        5.00000000e-03    1.5258789065e-09
       428          6848        0.00000000e+00    0.0000000000e+00
       429          6912        5.00000000e-03    1.5258789065e-09
       430          6976        5.00000000e-03    1.5258789065e-09
       431          7040        5.00000000e-03    1.5258789065e-09
       432          7104        5.00000000e-03    1.5258789065e-09
       433          7168        0.00000000e+00    0.0000000000e+00
       434          7232        0.00000000e+00    0.0000000000e+00
       435          7296        0.00000000e+00    0.0000000000e+00
       436          7360        0.00000000e+00    0.0000000000e+00
       437          7424        0.00000000e+00    0.0000000000e+00
       438          7488        0.00000000e+00    0.0000000000e+00
       439          7552        0.00000000e+00    0.0000000000e+00
       440          7616        5.00000000e-03    1.5258789065e-09
