         0             0        8.39014400e+08    1.6387000000e+04
         1             1        1.23858498e+09    2.4191112947e+04
         2             2        0.00000000e+00    0.0000000000e+00
         3             3        3.50346038e+08    6.8426960562e+03
         4             4        0.00000000e+00    0.0000000000e+00
         5             5        5.85449837e+07    1.1434567120e+03
         6             6        0.00000000e+00    0.0000000000e+00
         7             7        1.03340893e+07    2.0183768076e+02
         8             8        0.00000000e+00    0.0000000000e+00
         9             9        4.57837318e+06    8.9421351270e+01
        10            10        0.00000000e+00    0.0000000000e+00
        11            11        2.69403484e+06    5.2617867968e+01
        12            12        0.00000000e+00    0.0000000000e+00
        13            13        1.81743907e+06    3.5496856836e+01
        14            14        0.00000000e+00    0.0000000000e+00
        15            15        1.32599623e+06    2.5898363868e+01
        16            16        0.00000000e+00    0.0000000000e+00
        17            17        1.01887906e+06    1.9899981641e+01
        18            18        0.00000000e+00    0.0000000000e+00
        19            19        8.12042385e+05    1.5860202832e+01
        20            20        0.00000000e+00    0.0000000000e+00
        21            21        6.65176055e+05    1.2991719825e+01
        22            22        0.00000000e+00    0.0000000000e+00
        23            23        5.56564330e+05    1.0870397071e+01
        24            24        0.00000000e+00    0.0000000000e+00
        25            25        4.73699445e+05    9.2519422852e+00
        26            26        0.00000000e+00    0.0000000000e+00
        27            27        4.08831100e+05    7.9849824219e+00
        28            28        0.00000000e+00    0.0000000000e+00
        29            29        3.57053895e+05    6.9737088868e+00
        30            30        0.00000000e+00    0.0000000000e+00
        31            31        3.14758880e+05    6.1476343750e+00
        32            32        0.00000000e+00    0.0000000000e+00
        33            33        2.79774845e+05    5.4643524414e+00
        34            34        0.00000000e+00    0.0000000000e+00
        35            35        2.50533970e+05    4.8932416016e+00
        36            36        0.00000000e+00    0.0000000000e+00
        37            37        2.25811465e+05    4.4103801758e+00
        38            38        0.00000000e+00    0.0000000000e+00
        39            39        2.04624100e+05    3.9965644531e+00
        40            40        0.00000000e+00    0.0000000000e+00
        41            41        1.86443495e+05    3.6414745118e+00
        42            42        0.00000000e+00    0.0000000000e+00
        43            43        1.70614150e+05    3.3323076172e+00
        44            44        0.00000000e+00    0.0000000000e+00
        45            45        1.56717305e+05    3.0608848633e+00
        46            46        0.00000000e+00    0.0000000000e+00
        47            47        1.44492890e+05    2.8221267579e+00
        48            48        0.00000000e+00    0.0000000000e+00
        49            49        1.33622070e+05    2.6098060547e+00
        50            50        0.00000000e+00    0.0000000000e+00
        51            51        1.24020160e+05    2.4222687500e+00
        52            52        0.00000000e+00    0.0000000000e+00
        53            53        1.15421395e+05    2.2543241211e+00
        54            54        0.00000000e+00    0.0000000000e+00
        55            55        1.07661510e+05    2.1027638672e+00
        56            56        0.00000000e+00    0.0000000000e+00
        57            57        1.00684775e+05    1.9664995118e+00
        58            58        0.00000000e+00    0.0000000000e+00
        59            59        9.43101200e+04    1.8419945313e+00
        60            60        0.00000000e+00    0.0000000000e+00
        61            61        8.85383150e+04    1.7292639649e+00
        62            62        0.00000000e+00    0.0000000000e+00
        63            63        8.33416850e+04    1.6277672852e+00
        64            64        0.00000000e+00    0.0000000000e+00
        65            66        7.85487000e+04    7.6707714844e-01
        66            68        7.41278950e+04    7.2390522461e-01
        67            70        7.00883550e+04    6.8445659180e-01
        68            72        6.63788950e+04    6.4823139649e-01
        69            74        6.29501700e+04    6.1474775391e-01
        70            76        5.97630300e+04    5.8362333985e-01
        71            78        5.68055900e+04    5.5474208984e-01
        72            80        5.40888900e+04    5.2821181640e-01
        73            82        5.14866950e+04    5.0279975586e-01
        74            84        4.91178550e+04    4.7966655274e-01
        75            86        4.68943150e+04    4.5795229492e-01
        76            88        4.48136100e+04    4.3763291016e-01
        77            90        4.28505350e+04    4.1846225587e-01
        78            92        4.10160950e+04    4.0054780274e-01
        79            94        3.93254050e+04    3.8403715820e-01
        80            96        3.76959450e+04    3.6812446289e-01
        81            98        3.61664800e+04    3.5318828125e-01
        82           100        3.46941650e+04    3.3881020508e-01
        83           102        3.33610550e+04    3.2579155273e-01
        84           104        3.20752300e+04    3.1323466797e-01
        85           106        3.08862750e+04    3.0162377930e-01
        86           108        2.97334750e+04    2.9036596680e-01
        87           110        2.86503400e+04    2.7978847657e-01
        88           112        2.76211550e+04    2.6973784180e-01
        89           114        2.66201900e+04    2.5996279297e-01
        90           116        2.56863800e+04    2.5084355469e-01
        91           118        2.47956550e+04    2.4214506837e-01
        92           120        2.39537000e+04    2.3392285157e-01
        93           122        2.31421950e+04    2.2599799805e-01
        94           124        2.23760850e+04    2.1851645508e-01
        95           126        2.16433350e+04    2.1136069337e-01
        96           128        2.09254500e+04    2.0435009766e-01
        97           130        2.02751350e+04    1.9799936524e-01
        98           132        1.96418650e+04    1.9181508789e-01
        99           134        1.90208350e+04    1.8575034180e-01
       100           136        1.84494450e+04    1.8017036133e-01
       101           138        1.78774600e+04    1.7458457031e-01
       102           140        1.73420200e+04    1.6935566407e-01
       103           142        1.68201450e+04    1.6425922852e-01
       104           144        1.63254150e+04    1.5942788086e-01
       105           146        1.58538400e+04    1.5482265625e-01
       106           148        1.54139300e+04    1.5052666016e-01
       107           150        1.49642250e+04    1.4613500977e-01
       108           152        1.45586250e+04    1.4217407227e-01
       109           154        1.41585800e+04    1.3826738281e-01
       110           156        1.37530250e+04    1.3430688477e-01
       111           158        1.33796200e+04    1.3066035156e-01
       112           160        1.30146800e+04    1.2709648438e-01
       113           162        1.26763400e+04    1.2379238282e-01
       114           164        1.23410850e+04    1.2051840821e-01
       115           166        1.20186400e+04    1.1736953125e-01
       116           168        1.17068350e+04    1.1432456055e-01
       117           170        1.14002250e+04    1.1133032227e-01
       118           172        1.11112450e+04    1.0850825196e-01
       119           174        1.08404950e+04    1.0586420899e-01
       120           176        1.05532650e+04    1.0305922852e-01
       121           178        1.02850400e+04    1.0043984375e-01
       122           180        1.00481800e+04    9.8126757813e-02
       123           182        9.80387000e+03    9.5740917970e-02
       124           184        9.55937500e+03    9.3353271486e-02
       125           186        9.33072000e+03    9.1120312501e-02
       126           188        9.12036000e+03    8.9066015626e-02
       127           190        8.89128000e+03    8.6828906250e-02
       128           192        8.68468000e+03    8.4811328126e-02
       129           196        1.67788150e+04    8.1927807617e-02
       130           200        1.60292350e+04    7.8267749024e-02
       131           204        1.53188600e+04    7.4799121094e-02
       132           208        1.46678100e+04    7.1620166016e-02
       133           212        1.40067300e+04    6.8392236328e-02
       134           216        1.34294050e+04    6.5573266602e-02
       135           220        1.28695350e+04    6.2839526367e-02
       136           224        1.23279400e+04    6.0195019532e-02
       137           228        1.18232600e+04    5.7730761719e-02
       138           232        1.13462600e+04    5.5401660157e-02
       139           236        1.09012600e+04    5.3228808594e-02
       140           240        1.04719800e+04    5.1132714844e-02
       141           244        1.00686100e+04    4.9163134766e-02
       142           248        9.68677000e+03    4.7298681641e-02
       143           252        9.33409000e+03    4.5576611328e-02
       144           256        8.97087000e+03    4.3803076172e-02
       145           260        8.64760500e+03    4.2224633789e-02
       146           264        8.33537000e+03    4.0700048829e-02
       147           268        8.02962000e+03    3.9207128906e-02
       148           272        7.74595000e+03    3.7822021485e-02
       149           276        7.47444000e+03    3.6496289063e-02
       150           280        7.20515500e+03    3.5181420899e-02
       151           284        6.97661000e+03    3.4065478515e-02
       152           288        6.73347000e+03    3.2878271485e-02
       153           292        6.50092000e+03    3.1742773438e-02
       154           296        6.29046000e+03    3.0715136719e-02
       155           300        6.08281500e+03    2.9701245118e-02
       156           304        5.88400000e+03    2.8730468751e-02
       157           308        5.69338500e+03    2.7799731446e-02
       158           312        5.51228500e+03    2.6915454102e-02
       159           316        5.34609000e+03    2.6103955079e-02
       160           320        5.17375000e+03    2.5262451172e-02
       161           324        5.01303000e+03    2.4477685547e-02
       162           328        4.86022000e+03    2.3731542969e-02
       163           332        4.70715000e+03    2.2984130860e-02
       164           336        4.56611000e+03    2.2295458985e-02
       165           340        4.43319000e+03    2.1646435547e-02
       166           344        4.30261500e+03    2.1008862305e-02
       167           348        4.17469000e+03    2.0384228516e-02
       168           352        4.05363500e+03    1.9793139649e-02
       169           356        3.93003000e+03    1.9189599610e-02
       170           360        3.82138000e+03    1.8659082031e-02
       171           364        3.70357000e+03    1.8083837891e-02
       172           368        3.61028000e+03    1.7628320313e-02
       173           372        3.50495000e+03    1.7114013672e-02
       174           376        3.40926500e+03    1.6646801758e-02
       175           380        3.32911500e+03    1.6255444336e-02
       176           384        3.22097500e+03    1.5727416993e-02
       177           388        3.13563000e+03    1.5310693360e-02
       178           392        3.04930500e+03    1.4889184570e-02
       179           396        2.96919000e+03    1.4497998047e-02
       180           400        2.89901500e+03    1.4155346680e-02
       181           404        2.82290500e+03    1.3783715821e-02
       182           408        2.74973500e+03    1.3426440430e-02
       183           412        2.67261000e+03    1.3049853516e-02
       184           416        2.60754500e+03    1.2732153321e-02
       185           420        2.53831000e+03    1.2394091797e-02
       186           424        2.47862000e+03    1.2102636719e-02
       187           428        2.41516000e+03    1.1792773438e-02
       188           432        2.35729500e+03    1.1510229492e-02
       189           436        2.30441000e+03    1.1252001954e-02
       190           440        2.23693000e+03    1.0922509766e-02
       191           444        2.18389500e+03    1.0663549805e-02
       192           448        2.13320000e+03    1.0416015625e-02
       193           456        4.10682000e+03    1.0026416016e-02
       194           464        3.91491000e+03    9.5578857422e-03
       195           472        3.73685500e+03    9.1231811524e-03
       196           480        3.56802500e+03    8.7109985352e-03
       197           488        3.40930500e+03    8.3234985352e-03
       198           496        3.25279500e+03    7.9413940430e-03
       199           504        3.10495000e+03    7.5804443360e-03
       200           512        2.97981500e+03    7.2749389649e-03
       201           520        2.84388500e+03    6.9430786133e-03
       202           528        2.71663000e+03    6.6323974610e-03
       203           536        2.61156500e+03    6.3758911133e-03
       204           544        2.49724500e+03    6.0967895509e-03
       205           552        2.39580000e+03    5.8491210938e-03
       206           560        2.30165500e+03    5.6192749024e-03
       207           568        2.21128000e+03    5.3986328125e-03
       208           576        2.11977500e+03    5.1752319336e-03
       209           584        2.03354000e+03    4.9646972657e-03
       210           592        1.95759500e+03    4.7792846680e-03
       211           600        1.88267500e+03    4.5963745118e-03
       212           608        1.80960500e+03    4.4179809571e-03
       213           616        1.74052500e+03    4.2493286133e-03
       214           624        1.67027000e+03    4.0778076172e-03
       215           632        1.60559500e+03    3.9199096680e-03
       216           640        1.54960500e+03    3.7832153321e-03
       217           648        1.49440500e+03    3.6484497071e-03
       218           656        1.44176500e+03    3.5199340821e-03
       219           664        1.38217500e+03    3.3744506837e-03
       220           672        1.33282500e+03    3.2539672852e-03
       221           680        1.28596000e+03    3.1395507813e-03
       222           688        1.24121000e+03    3.0302978516e-03
       223           696        1.20071000e+03    2.9314208984e-03
       224           704        1.15568500e+03    2.8214965820e-03
       225           712        1.11810000e+03    2.7297363282e-03
       226           720        1.07629000e+03    2.6276611329e-03
       227           728        1.03663000e+03    2.5308349610e-03
       228           736        1.01008000e+03    2.4660156250e-03
       229           744        9.71770000e+02    2.3724853516e-03
       230           752        9.37805000e+02    2.2895629883e-03
       231           760        9.07605000e+02    2.2158325196e-03
       232           768        8.74955000e+02    2.1361206055e-03
       233           776        8.47890000e+02    2.0700439453e-03
       234           784        8.25775000e+02    2.0160522461e-03
       235           792        7.91815000e+02    1.9331420899e-03
       236           800        7.68365000e+02    1.8758911133e-03
       237           808        7.45315000e+02    1.8196166993e-03
       238           816        7.18040000e+02    1.7530273438e-03
       239           824        6.96385000e+02    1.7001586915e-03
       240           832        6.73150000e+02    1.6434326172e-03
       241           840        6.51455000e+02    1.5904663086e-03
       242           848        6.32175000e+02    1.5433959961e-03
       243           856        6.11000000e+02    1.4916992188e-03
       244           864        5.91290000e+02    1.4435791016e-03
       245           872        5.75685000e+02    1.4054809571e-03
       246           880        5.58455000e+02    1.3634155274e-03
       247           888        5.39875000e+02    1.3180541992e-03
       248           896        5.21090000e+02    1.2721923828e-03
       249           904        5.04775000e+02    1.2323608399e-03
       250           912        4.89630000e+02    1.1953857423e-03
       251           920        4.78095000e+02    1.1672241212e-03
       252           928        4.65060000e+02    1.1354003907e-03
       253           936        4.47725000e+02    1.0930786133e-03
       254           944        4.32865000e+02    1.0567993163e-03
       255           952        4.21290000e+02    1.0285400390e-03
       256           960        4.10760000e+02    1.0028320312e-03
       257           976        7.84090000e+02    9.5714111329e-04
       258           992        7.37255000e+02    8.9996948242e-04
       259          1008        6.98425000e+02    8.5256958008e-04
       260          1024        6.56355000e+02    8.0121459961e-04
       261          1040        6.19750000e+02    7.5653076172e-04
       262          1056        5.84535000e+02    7.1354370118e-04
       263          1072        5.51315000e+02    6.7299194336e-04
       264          1088        5.18180000e+02    6.3254394531e-04
       265          1104        4.93695000e+02    6.0265502930e-04
       266          1120        4.65815000e+02    5.6862182618e-04
       267          1136        4.38835000e+02    5.3568725585e-04
       268          1152        4.13190000e+02    5.0438232421e-04
       269          1168        3.90615000e+02    4.7682495117e-04
       270          1184        3.67270000e+02    4.4832763672e-04
       271          1200        3.49120000e+02    4.2617187501e-04
       272          1216        3.30425000e+02    4.0335083008e-04
       273          1232        3.11945000e+02    3.8079223634e-04
       274          1248        2.94600000e+02    3.5961914063e-04
       275          1264        2.79045000e+02    3.4063110351e-04
       276          1280        2.65600000e+02    3.2421875000e-04
       277          1296        2.51065000e+02    3.0647583008e-04
       278          1312        2.34205000e+02    2.8589477539e-04
       279          1328        2.25125000e+02    2.7481079102e-04
       280          1344        2.12390000e+02    2.5926513673e-04
       281          1360        2.02405000e+02    2.4707641602e-04
       282          1376        1.91490000e+02    2.3375244141e-04
       283          1392        1.80030000e+02    2.1976318360e-04
       284          1408        1.70685000e+02    2.0835571289e-04
       285          1424        1.59845000e+02    1.9512329102e-04
       286          1440        1.52900000e+02    1.8664550782e-04
       287          1456        1.45585000e+02    1.7771606446e-04
       288          1472        1.35690000e+02    1.6563720704e-04
       289          1488        1.30600000e+02    1.5942382813e-04
       290          1504        1.22525000e+02    1.4956665040e-04
       291          1520        1.17945000e+02    1.4397583008e-04
       292          1536        1.10950000e+02    1.3543701172e-04
       293          1552        1.04580000e+02    1.2766113282e-04
       294          1568        9.91800000e+01    1.2106933594e-04
       295          1584        9.42200000e+01    1.1501464844e-04
       296          1600        8.82850000e+01    1.0776977540e-04
       297          1616        8.33500000e+01    1.0174560547e-04
       298          1632        7.87100000e+01    9.6081542972e-05
       299          1648        7.54200000e+01    9.2065429690e-05
       300          1664        7.16500000e+01    8.7463378908e-05
       301          1680        6.71750000e+01    8.2000732423e-05
       302          1696        6.43150000e+01    7.8509521486e-05
       303          1712        6.03150000e+01    7.3626708986e-05
       304          1728        5.80400000e+01    7.0849609376e-05
       305          1744        5.36700000e+01    6.5515136720e-05
       306          1760        5.00850000e+01    6.1138916017e-05
       307          1776        4.81400000e+01    5.8764648439e-05
       308          1792        4.66650000e+01    5.6964111329e-05
       309          1808        4.29050000e+01    5.2374267579e-05
       310          1824        4.04800000e+01    4.9414062501e-05
       311          1840        3.82700000e+01    4.6716308594e-05
       312          1856        3.62300000e+01    4.4226074219e-05
       313          1872        3.49950000e+01    4.2718505860e-05
       314          1888        3.20550000e+01    3.9129638672e-05
       315          1904        3.13250000e+01    3.8238525391e-05
       316          1920        2.85500000e+01    3.4851074219e-05
       317          1936        2.66600000e+01    3.2543945312e-05
       318          1952        2.57850000e+01    3.1475830078e-05
       319          1968        2.45050000e+01    2.9913330078e-05
       320          1984        2.32650000e+01    2.8399658203e-05
       321          2016        4.25500000e+01    2.5970458984e-05
       322          2048        3.82500000e+01    2.3345947266e-05
       323          2080        3.38400000e+01    2.0654296875e-05
       324          2112        2.97900000e+01    1.8182373047e-05
       325          2144        2.66000000e+01    1.6235351563e-05
       326          2176        2.44000000e+01    1.4892578125e-05
       327          2208        2.07350000e+01    1.2655639648e-05
       328          2240        1.83350000e+01    1.1190795898e-05
       329          2272        1.66100000e+01    1.0137939453e-05
       330          2304        1.50800000e+01    9.2041015621e-06
       331          2336        1.28050000e+01    7.8155517577e-06
       332          2368        1.15300000e+01    7.0373535156e-06
       333          2400        1.02350000e+01    6.2469482422e-06
       334          2432        8.99000000e+00    5.4870605469e-06
       335          2464        8.13000000e+00    4.9621582032e-06
       336          2496        7.25500000e+00    4.4281005860e-06
       337          2528        6.38000000e+00    3.8940429688e-06
       338          2560        5.71500000e+00    3.4881591798e-06
       339          2592        4.87000000e+00    2.9724121095e-06
       340          2624        4.14500000e+00    2.5299072266e-06
       341          2656        3.80000000e+00    2.3193359375e-06
       342          2688        3.17000000e+00    1.9348144531e-06
       343          2720        3.00000000e+00    1.8310546874e-06
       344          2752        2.83000000e+00    1.7272949218e-06
       345          2784        2.23500000e+00    1.3641357421e-06
       346          2816        1.92000000e+00    1.1718750000e-06
       347          2848        1.62500000e+00    9.9182128900e-07
       348          2880        1.50500000e+00    9.1857910149e-07
       349          2912        1.26000000e+00    7.6904296871e-07
       350          2944        1.02500000e+00    6.2561035154e-07
       351          2976        9.95000000e-01    6.0729980467e-07
       352          3008        8.70000000e-01    5.3100585934e-07
       353          3040        7.25000000e-01    4.4250488279e-07
       354          3072        5.90000000e-01    3.6010742187e-07
       355          3104        5.95000000e-01    3.6315917967e-07
       356          3136        5.75000000e-01    3.5095214843e-07
       357          3168        3.55000000e-01    2.1667480469e-07
       358          3200        2.90000000e-01    1.7700195313e-07
       359          3232        3.15000000e-01    1.9226074219e-07
       360          3264        2.50000000e-01    1.5258789063e-07
       361          3296        2.10000000e-01    1.2817382813e-07
       362          3328        1.75000000e-01    1.0681152344e-07
       363          3360        1.60000000e-01    9.7656250000e-08
       364          3392        9.50000000e-02    5.7983398438e-08
       365          3424        1.10000000e-01    6.7138671875e-08
       366          3456        1.05000000e-01    6.4086914063e-08
       367          3488        4.50000000e-02    2.7465820312e-08
       368          3520        8.00000000e-02    4.8828125000e-08
       369          3552        5.00000000e-02    3.0517578125e-08
       370          3584        3.50000000e-02    2.1362304688e-08
       371          3616        5.00000000e-02    3.0517578125e-08
       372          3648        4.00000000e-02    2.4414062500e-08
       373          3680        1.50000000e-02    9.1552734375e-09
       374          3712        2.00000000e-02    1.2207031250e-08
       375          3744        3.50000000e-02    2.1362304688e-08
       376          3776        1.00000000e-02    6.1035156250e-09
       377          3808        1.50000000e-02    9.1552734375e-09
       378          3840        1.00000000e-02    6.1035156250e-09
       379          3872        1.00000000e-02    6.1035156250e-09
       380          3904        0.00000000e+00    0.0000000000e+00
       381          3936        0.00000000e+00    0.0000000000e+00
       382          3968        1.00000000e-02    6.1035156250e-09
       383          4000        0.00000000e+00    0.0000000000e+00
       384          4032        1.00000000e-02    6.1035156250e-09
       385          4096        5.00000000e-03    1.5258789065e-09
       386          4160        5.00000000e-03    1.5258789065e-09
       387          4224        0.00000000e+00    0.0000000000e+00
       388          4288        5.00000000e-03    1.5258789065e-09
