         0             0        1.34217824e+10    4.1943070000e+06
         1             1        1.98182208e+10    6.1931940069e+06
         2             2        0.00000000e+00    0.0000000000e+00
         3             3        5.60653271e+09    1.7520414708e+06
         4             4        0.00000000e+00    0.0000000000e+00
         5             5        9.37075427e+08    2.9283607087e+05
         6             6        0.00000000e+00    0.0000000000e+00
         7             7        1.65443924e+08    5.1701226114e+04
         8             8        0.00000000e+00    0.0000000000e+00
         9             9        7.32990840e+07    2.2905963736e+04
        10            10        0.00000000e+00    0.0000000000e+00
        11            11        4.31321608e+07    1.3478800255e+04
        12            12        0.00000000e+00    0.0000000000e+00
        13            13        2.90980782e+07    9.0931494282e+03
        14            14        0.00000000e+00    0.0000000000e+00
        15            15        2.12318753e+07    6.6349610282e+03
        16            16        0.00000000e+00    0.0000000000e+00
        17            17        1.63136339e+07    5.0980106063e+03
        18            18        0.00000000e+00    0.0000000000e+00
        19            19        1.30028762e+07    4.0633988032e+03
        20            20        0.00000000e+00    0.0000000000e+00
        21            21        1.06516521e+07    3.3286412829e+03
        22            22        0.00000000e+00    0.0000000000e+00
        23            23        8.91334218e+06    2.7854194297e+03
        24            24        0.00000000e+00    0.0000000000e+00
        25            25        7.58628065e+06    2.3707127032e+03
        26            26        0.00000000e+00    0.0000000000e+00
        27            27        6.54734221e+06    2.0460444407e+03
        28            28        0.00000000e+00    0.0000000000e+00
        29            29        5.71679004e+06    1.7864968891e+03
        30            30        0.00000000e+00    0.0000000000e+00
        31            31        5.04000449e+06    1.5750014032e+03
        32            32        0.00000000e+00    0.0000000000e+00
        33            33        4.48147338e+06    1.4004604298e+03
        34            34        0.00000000e+00    0.0000000000e+00
        35            35        4.01377083e+06    1.2543033845e+03
        36            36        0.00000000e+00    0.0000000000e+00
        37            37        3.61762681e+06    1.1305083782e+03
        38            38        0.00000000e+00    0.0000000000e+00
        39            39        3.27909453e+06    1.0247170407e+03
        40            40        0.00000000e+00    0.0000000000e+00
        41            41        2.98727417e+06    9.3352317656e+02
        42            42        0.00000000e+00    0.0000000000e+00
        43            43        2.73306023e+06    8.5408132187e+02
        44            44        0.00000000e+00    0.0000000000e+00
        45            45        2.51118749e+06    7.8474609062e+02
        46            46        0.00000000e+00    0.0000000000e+00
        47            47        2.31557365e+06    7.2361676719e+02
        48            48        0.00000000e+00    0.0000000000e+00
        49            49        2.14227301e+06    6.6946031562e+02
        50            50        0.00000000e+00    0.0000000000e+00
        51            51        1.98796874e+06    6.2124023125e+02
        52            52        0.00000000e+00    0.0000000000e+00
        53            53        1.85002333e+06    5.7813229062e+02
        54            54        0.00000000e+00    0.0000000000e+00
        55            55        1.72570662e+06    5.3928332031e+02
        56            56        0.00000000e+00    0.0000000000e+00
        57            57        1.61379159e+06    5.0430987187e+02
        58            58        0.00000000e+00    0.0000000000e+00
        59            59        1.51226240e+06    4.7258200000e+02
        60            60        0.00000000e+00    0.0000000000e+00
        61            61        1.42022555e+06    4.4382048437e+02
        62            62        0.00000000e+00    0.0000000000e+00
        63            63        1.33621070e+06    4.1756584219e+02
        64            64        0.00000000e+00    0.0000000000e+00
        65            66        1.25948655e+06    1.9679477345e+02
        66            68        1.18904220e+06    1.8578784376e+02
        67            70        1.12424415e+06    1.7566314844e+02
        68            72        1.06460569e+06    1.6634463907e+02
        69            74        1.00942361e+06    1.5772243985e+02
        70            76        9.58685365e+05    1.4979458829e+02
        71            78        9.11246940e+05    1.4238233438e+02
        72            80        8.67209875e+05    1.3550154297e+02
        73            82        8.26370940e+05    1.2912045938e+02
        74            84        7.88076920e+05    1.2313701876e+02
        75            86        7.52494005e+05    1.1757718829e+02
        76            88        7.19093150e+05    1.1235830470e+02
        77            90        6.87876965e+05    1.0748077579e+02
        78            92        6.58498065e+05    1.0289032267e+02
        79            94        6.30906445e+05    9.8579132031e+01
        80            96        6.04811935e+05    9.4501864844e+01
        81            98        5.80370085e+05    9.0682825781e+01
        82           100        5.57418245e+05    8.7096600781e+01
        83           102        5.35585570e+05    8.3685245312e+01
        84           104        5.15073590e+05    8.0480248438e+01
        85           106        4.95599475e+05    7.7437417969e+01
        86           108        4.77149020e+05    7.4554534375e+01
        87           110        4.59706605e+05    7.1829157031e+01
        88           112        4.43167495e+05    6.9244921094e+01
        89           114        4.27402655e+05    6.6781664844e+01
        90           116        4.12292090e+05    6.4420639063e+01
        91           118        3.98100625e+05    6.2203222656e+01
        92           120        3.84545360e+05    6.0085212500e+01
        93           122        3.71673290e+05    5.8073951562e+01
        94           124        3.59364170e+05    5.6150651562e+01
        95           126        3.47553020e+05    5.4305159375e+01
        96           128        3.36366725e+05    5.2557300781e+01
        97           130        3.25669970e+05    5.0885932813e+01
        98           132        3.15343850e+05    4.9272476563e+01
        99           134        3.05534205e+05    4.7739719531e+01
       100           136        2.96102660e+05    4.6266040625e+01
       101           138        2.87079875e+05    4.4856230469e+01
       102           140        2.78487950e+05    4.3513742188e+01
       103           142        2.70276595e+05    4.2230717969e+01
       104           144        2.62357085e+05    4.0993294531e+01
       105           146        2.54642720e+05    3.9787925000e+01
       106           148        2.47356155e+05    3.8649399219e+01
       107           150        2.40338945e+05    3.7552960156e+01
       108           152        2.33524765e+05    3.6488244531e+01
       109           154        2.27079415e+05    3.5481158594e+01
       110           156        2.20772085e+05    3.4495638281e+01
       111           158        2.14761005e+05    3.3556407031e+01
       112           160        2.09000045e+05    3.2656257031e+01
       113           162        2.03422070e+05    3.1784698438e+01
       114           164        1.97988155e+05    3.0935649219e+01
       115           166        1.92787720e+05    3.0123081250e+01
       116           168        1.87757475e+05    2.9337105469e+01
       117           170        1.82926985e+05    2.8582341406e+01
       118           172        1.78262010e+05    2.7853439062e+01
       119           174        1.73748820e+05    2.7148253125e+01
       120           176        1.69372615e+05    2.6464471094e+01
       121           178        1.65199970e+05    2.5812495313e+01
       122           180        1.61072005e+05    2.5167500781e+01
       123           182        1.57195900e+05    2.4561859375e+01
       124           184        1.53353220e+05    2.3961440625e+01
       125           186        1.49689820e+05    2.3389034375e+01
       126           188        1.46147000e+05    2.2835468750e+01
       127           190        1.42660630e+05    2.2290723438e+01
       128           192        1.39302760e+05    2.1766056250e+01
       129           196        2.68952355e+05    2.1011902735e+01
       130           200        2.56799705e+05    2.0062476954e+01
       131           204        2.45358810e+05    1.9168657032e+01
       132           208        2.34530500e+05    1.8322695313e+01
       133           212        2.24399215e+05    1.7531188672e+01
       134           216        2.14755775e+05    1.6777794922e+01
       135           220        2.05644900e+05    1.6066007812e+01
       136           224        1.97127380e+05    1.5400576563e+01
       137           228        1.89024920e+05    1.4767571875e+01
       138           232        1.81337585e+05    1.4166998828e+01
       139           236        1.74115525e+05    1.3602775391e+01
       140           240        1.67220260e+05    1.3064082813e+01
       141           244        1.60633030e+05    1.2549455470e+01
       142           248        1.54469580e+05    1.2067935938e+01
       143           252        1.48562425e+05    1.1606439453e+01
       144           256        1.42996880e+05    1.1171631251e+01
       145           260        1.37643205e+05    1.0753375391e+01
       146           264        1.32566350e+05    1.0356746094e+01
       147           268        1.27747790e+05    9.9802960937e+00
       148           272        1.23160055e+05    9.6218792969e+00
       149           276        1.18737925e+05    9.2764003906e+00
       150           280        1.14520515e+05    8.9469152344e+00
       151           284        1.10490030e+05    8.6320335937e+00
       152           288        1.06686205e+05    8.3348597656e+00
       153           292        1.03007440e+05    8.0474562500e+00
       154           296        9.95411000e+04    7.7766484375e+00
       155           300        9.61956000e+04    7.5152812500e+00
       156           304        9.29670000e+04    7.2630468750e+00
       157           308        8.99228750e+04    7.0252246094e+00
       158           312        8.69915250e+04    6.7962128906e+00
       159           316        8.41088450e+04    6.5710035156e+00
       160           320        8.14522300e+04    6.3634554688e+00
       161           324        7.88409650e+04    6.1594503906e+00
       162           328        7.63747800e+04    5.9667796875e+00
       163           332        7.39513350e+04    5.7774480469e+00
       164           336        7.16799950e+04    5.5999996094e+00
       165           340        6.94793950e+04    5.4280777344e+00
       166           344        6.73409550e+04    5.2610121094e+00
       167           348        6.53521300e+04    5.1056351562e+00
       168           352        6.33423750e+04    4.9486230469e+00
       169           356        6.14518650e+04    4.8009269531e+00
       170           360        5.96575900e+04    4.6607492187e+00
       171           364        5.78956900e+04    4.5231007812e+00
       172           368        5.62086450e+04    4.3913003906e+00
       173           372        5.46014550e+04    4.2657386719e+00
       174           376        5.30286050e+04    4.1428597656e+00
       175           380        5.15239750e+04    4.0253105469e+00
       176           384        5.00287850e+04    3.9084988281e+00
       177           388        4.86612150e+04    3.8016574219e+00
       178           392        4.73083800e+04    3.6959671875e+00
       179           396        4.60024450e+04    3.5939410156e+00
       180           400        4.47249050e+04    3.4941332031e+00
       181           404        4.35269050e+04    3.4005394531e+00
       182           408        4.23578200e+04    3.3092046875e+00
       183           412        4.11981850e+04    3.2186082031e+00
       184           416        4.01285700e+04    3.1350445312e+00
       185           420        3.90261150e+04    3.0489152344e+00
       186           424        3.80110550e+04    2.9696136719e+00
       187           428        3.70118300e+04    2.8915492187e+00
       188           432        3.60129850e+04    2.8135144531e+00
       189           436        3.51243700e+04    2.7440914062e+00
       190           440        3.42360300e+04    2.6746898437e+00
       191           444        3.33430300e+04    2.6049242187e+00
       192           448        3.25032200e+04    2.5393140625e+00
       193           456        6.25623150e+04    2.4438404297e+00
       194           464        5.94843650e+04    2.3236080079e+00
       195           472        5.66129450e+04    2.2114431641e+00
       196           480        5.38806900e+04    2.1047144531e+00
       197           488        5.13290350e+04    2.0050404297e+00
       198           496        4.89422750e+04    1.9118076173e+00
       199           504        4.66686550e+04    1.8229943360e+00
       200           512        4.45308400e+04    1.7394859376e+00
       201           520        4.24879650e+04    1.6596861329e+00
       202           528        4.05764900e+04    1.5850191407e+00
       203           536        3.87675800e+04    1.5143585938e+00
       204           544        3.70867400e+04    1.4487007813e+00
       205           552        3.54940300e+04    1.3864855470e+00
       206           560        3.39403600e+04    1.3257953125e+00
       207           568        3.24856150e+04    1.2689693360e+00
       208           576        3.11296200e+04    1.2160007813e+00
       209           584        2.98174300e+04    1.1647433594e+00
       210           592        2.85898700e+04    1.1167917970e+00
       211           600        2.74078000e+04    1.0706171876e+00
       212           608        2.62924350e+04    1.0270482423e+00
       213           616        2.52262150e+04    9.8539902344e-01
       214           624        2.42391450e+04    9.4684160156e-01
       215           632        2.32755300e+04    9.0920039062e-01
       216           640        2.23466450e+04    8.7291582031e-01
       217           648        2.14814950e+04    8.3912089844e-01
       218           656        2.06676800e+04    8.0733125000e-01
       219           664        1.98771650e+04    7.7645175781e-01
       220           672        1.91223600e+04    7.4696718750e-01
       221           680        1.84142000e+04    7.1930468750e-01
       222           688        1.76976350e+04    6.9131386719e-01
       223           696        1.70381600e+04    6.6555312500e-01
       224           704        1.64411750e+04    6.4223339844e-01
       225           712        1.58371550e+04    6.1863886719e-01
       226           720        1.52558100e+04    5.9593007812e-01
       227           728        1.47379850e+04    5.7570253906e-01
       228           736        1.41985800e+04    5.5463203125e-01
       229           744        1.37111050e+04    5.3559003906e-01
       230           752        1.32341550e+04    5.1695917969e-01
       231           760        1.27488750e+04    4.9800292969e-01
       232           768        1.23125750e+04    4.8095996094e-01
       233           776        1.19063900e+04    4.6509335937e-01
       234           784        1.14950300e+04    4.4902460938e-01
       235           792        1.11275500e+04    4.3466992187e-01
       236           800        1.07442050e+04    4.1969550781e-01
       237           808        1.03891000e+04    4.0582421875e-01
       238           816        1.00456700e+04    3.9240898437e-01
       239           824        9.71562000e+03    3.7951640625e-01
       240           832        9.40620500e+03    3.6742988281e-01
       241           840        9.09915000e+03    3.5543554687e-01
       242           848        8.81186500e+03    3.4421347656e-01
       243           856        8.53306500e+03    3.3332285156e-01
       244           864        8.26364000e+03    3.2279843750e-01
       245           872        7.99031500e+03    3.1212167969e-01
       246           880        7.74523000e+03    3.0254804687e-01
       247           888        7.50459000e+03    2.9314804688e-01
       248           896        7.28034000e+03    2.8438828125e-01
       249           904        7.06322500e+03    2.7590722656e-01
       250           912        6.84960000e+03    2.6756250000e-01
       251           920        6.63169500e+03    2.5905058594e-01
       252           928        6.44259000e+03    2.5166367187e-01
       253           936        6.25009000e+03    2.4414414062e-01
       254           944        6.07065000e+03    2.3713476562e-01
       255           952        5.89374500e+03    2.3022441406e-01
       256           960        5.72081000e+03    2.2346914063e-01
       257           976        1.09419350e+04    2.1370966798e-01
       258           992        1.03379600e+04    2.0191328125e-01
       259          1008        9.76341000e+03    1.9069160157e-01
       260          1024        9.21662500e+03    1.8001220703e-01
       261          1040        8.71259500e+03    1.7016787110e-01
       262          1056        8.24171500e+03    1.6097099610e-01
       263          1072        7.81281000e+03    1.5259394532e-01
       264          1088        7.40414500e+03    1.4461220704e-01
       265          1104        7.01603500e+03    1.3703193360e-01
       266          1120        6.66260500e+03    1.3012900391e-01
       267          1136        6.33014500e+03    1.2363564454e-01
       268          1152        6.00676500e+03    1.1731962891e-01
       269          1168        5.70535500e+03    1.1143271485e-01
       270          1184        5.43817500e+03    1.0621435548e-01
       271          1200        5.17100000e+03    1.0099609376e-01
       272          1216        4.92147500e+03    9.6122558594e-02
       273          1232        4.68911000e+03    9.1584179687e-02
       274          1248        4.46456500e+03    8.7198535156e-02
       275          1264        4.25821000e+03    8.3168164062e-02
       276          1280        4.05928000e+03    7.9282812500e-02
       277          1296        3.88410500e+03    7.5861425781e-02
       278          1312        3.70075500e+03    7.2280371094e-02
       279          1328        3.54492000e+03    6.9236718750e-02
       280          1344        3.38645500e+03    6.6141699219e-02
       281          1360        3.23927500e+03    6.3267089844e-02
       282          1376        3.09572000e+03    6.0463281250e-02
       283          1392        2.96917000e+03    5.7991601562e-02
       284          1408        2.83877500e+03    5.5444824219e-02
       285          1424        2.71406000e+03    5.3008984375e-02
       286          1440        2.60450000e+03    5.0869140625e-02
       287          1456        2.50401500e+03    4.8906542969e-02
       288          1472        2.40115500e+03    4.6897558594e-02
       289          1488        2.29911000e+03    4.4904492188e-02
       290          1504        2.21007500e+03    4.3165527344e-02
       291          1520        2.11807000e+03    4.1368554688e-02
       292          1536        2.03690500e+03    3.9783300781e-02
       293          1552        1.95814000e+03    3.8244921875e-02
       294          1568        1.87945000e+03    3.6708007812e-02
       295          1584        1.81317500e+03    3.5413574219e-02
       296          1600        1.74316500e+03    3.4046191406e-02
       297          1616        1.67615500e+03    3.2737402344e-02
       298          1632        1.61863500e+03    3.1613964844e-02
       299          1648        1.55509500e+03    3.0372949219e-02
       300          1664        1.49814500e+03    2.9260644531e-02
       301          1680        1.44457500e+03    2.8214355469e-02
       302          1696        1.39292000e+03    2.7205468750e-02
       303          1712        1.34623500e+03    2.6293652344e-02
       304          1728        1.29377000e+03    2.5268945312e-02
       305          1744        1.25313500e+03    2.4475292969e-02
       306          1760        1.20620000e+03    2.3558593750e-02
       307          1776        1.16676500e+03    2.2788378906e-02
       308          1792        1.12567000e+03    2.1985742188e-02
       309          1808        1.08928000e+03    2.1275000000e-02
       310          1824        1.05022500e+03    2.0512207031e-02
       311          1840        1.02044000e+03    1.9930468750e-02
       312          1856        9.82890000e+02    1.9197070313e-02
       313          1872        9.53020000e+02    1.8613671875e-02
       314          1888        9.18085000e+02    1.7931347656e-02
       315          1904        8.88500000e+02    1.7353515625e-02
       316          1920        8.64700000e+02    1.6888671875e-02
       317          1936        8.37920000e+02    1.6365625000e-02
       318          1952        8.09490000e+02    1.5810351563e-02
       319          1968        7.83745000e+02    1.5307519531e-02
       320          1984        7.59560000e+02    1.4835156250e-02
       321          2016        1.45133000e+03    1.4173144532e-02
       322          2048        1.36050500e+03    1.3286181641e-02
       323          2080        1.28621500e+03    1.2560693360e-02
       324          2112        1.21176000e+03    1.1833593751e-02
       325          2144        1.13881500e+03    1.1121240235e-02
       326          2176        1.07846000e+03    1.0531835938e-02
       327          2208        1.01752000e+03    9.9367187505e-03
       328          2240        9.64325000e+02    9.4172363282e-03
       329          2272        9.12935000e+02    8.9153808594e-03
       330          2304        8.65970000e+02    8.4567382813e-03
       331          2336        8.16910000e+02    7.9776367188e-03
       332          2368        7.76645000e+02    7.5844238281e-03
       333          2400        7.37935000e+02    7.2063964844e-03
       334          2432        7.02765000e+02    6.8629394531e-03
       335          2464        6.66105000e+02    6.5049316406e-03
       336          2496        6.36255000e+02    6.2134277344e-03
       337          2528        6.02580000e+02    5.8845703125e-03
       338          2560        5.75465000e+02    5.6197753906e-03
       339          2592        5.53165000e+02    5.4020019531e-03
       340          2624        5.25190000e+02    5.1288085937e-03
       341          2656        4.97280000e+02    4.8562500000e-03
       342          2688        4.79365000e+02    4.6812988281e-03
       343          2720        4.58530000e+02    4.4778320313e-03
       344          2752        4.37435000e+02    4.2718261719e-03
       345          2784        4.17875000e+02    4.0808105469e-03
       346          2816        4.02180000e+02    3.9275390625e-03
       347          2848        3.85980000e+02    3.7693359375e-03
       348          2880        3.69730000e+02    3.6106445312e-03
       349          2912        3.51835000e+02    3.4358886719e-03
       350          2944        3.40935000e+02    3.3294433594e-03
       351          2976        3.26090000e+02    3.1844726562e-03
       352          3008        3.13255000e+02    3.0591308594e-03
       353          3040        3.04935000e+02    2.9778808594e-03
       354          3072        2.89225000e+02    2.8244628906e-03
       355          3104        2.78045000e+02    2.7152832031e-03
       356          3136        2.67075000e+02    2.6081542969e-03
       357          3168        2.58640000e+02    2.5257812500e-03
       358          3200        2.49415000e+02    2.4356933594e-03
       359          3232        2.37825000e+02    2.3225097656e-03
       360          3264        2.29565000e+02    2.2418457031e-03
       361          3296        2.22265000e+02    2.1705566406e-03
       362          3328        2.14730000e+02    2.0969726563e-03
       363          3360        2.08160000e+02    2.0328125000e-03
       364          3392        1.99975000e+02    1.9528808594e-03
       365          3424        1.92300000e+02    1.8779296875e-03
       366          3456        1.88240000e+02    1.8382812500e-03
       367          3488        1.81110000e+02    1.7686523437e-03
       368          3520        1.76565000e+02    1.7242675781e-03
       369          3552        1.70795000e+02    1.6679199219e-03
       370          3584        1.66570000e+02    1.6266601562e-03
       371          3616        1.58085000e+02    1.5437988281e-03
       372          3648        1.53920000e+02    1.5031250000e-03
       373          3680        1.48715000e+02    1.4522949219e-03
       374          3712        1.46035000e+02    1.4261230469e-03
       375          3744        1.41225000e+02    1.3791503906e-03
       376          3776        1.36275000e+02    1.3308105469e-03
       377          3808        1.31980000e+02    1.2888671875e-03
       378          3840        1.29595000e+02    1.2655761719e-03
       379          3872        1.25560000e+02    1.2261718750e-03
       380          3904        1.21815000e+02    1.1895996094e-03
       381          3936        1.16470000e+02    1.1374023438e-03
       382          3968        1.13565000e+02    1.1090332031e-03
       383          4000        1.10820000e+02    1.0822265625e-03
       384          4032        1.08455000e+02    1.0591308594e-03
       385          4096        2.08070000e+02    1.0159667968e-03
       386          4160        1.95590000e+02    9.5502929682e-04
       387          4224        1.84670000e+02    9.0170898436e-04
       388          4288        1.76530000e+02    8.6196289062e-04
       389          4352        1.67240000e+02    8.1660156250e-04
       390          4416        1.59125000e+02    7.7697753906e-04
       391          4480        1.50230000e+02    7.3354492187e-04
       392          4544        1.45300000e+02    7.0947265625e-04
       393          4608        1.37410000e+02    6.7094726563e-04
       394          4672        1.30995000e+02    6.3962402344e-04
       395          4736        1.24700000e+02    6.0888671875e-04
       396          4800        1.18840000e+02    5.8027343750e-04
       397          4864        1.14340000e+02    5.5830078125e-04
       398          4928        1.10025000e+02    5.3723144531e-04
       399          4992        1.03770000e+02    5.0668945313e-04
       400          5056        9.99450000e+01    4.8801269531e-04
       401          5120        9.65200000e+01    4.7128906250e-04
       402          5184        9.18150000e+01    4.4831542969e-04
       403          5248        8.78700000e+01    4.2905273437e-04
       404          5312        8.42950000e+01    4.1159667969e-04
       405          5376        8.26850000e+01    4.0373535156e-04
       406          5440        7.78750000e+01    3.8024902344e-04
       407          5504        7.44700000e+01    3.6362304687e-04
       408          5568        7.25550000e+01    3.5427246094e-04
       409          5632        6.97800000e+01    3.4072265625e-04
       410          5696        6.70900000e+01    3.2758789063e-04
       411          5760        6.30900000e+01    3.0805664062e-04
       412          5824        6.13000000e+01    2.9931640625e-04
       413          5888        5.86650000e+01    2.8645019531e-04
       414          5952        5.64950000e+01    2.7585449219e-04
       415          6016        5.45000000e+01    2.6611328125e-04
       416          6080        5.29650000e+01    2.5861816406e-04
       417          6144        5.15350000e+01    2.5163574219e-04
       418          6208        4.89450000e+01    2.3898925781e-04
       419          6272        4.71400000e+01    2.3017578125e-04
       420          6336        4.64600000e+01    2.2685546875e-04
       421          6400        4.40600000e+01    2.1513671875e-04
       422          6464        4.19850000e+01    2.0500488281e-04
       423          6528        4.20100000e+01    2.0512695312e-04
       424          6592        4.15300000e+01    2.0278320312e-04
       425          6656        3.89600000e+01    1.9023437500e-04
       426          6720        3.75950000e+01    1.8356933594e-04
       427          6784        3.59750000e+01    1.7565917969e-04
       428          6848        3.53350000e+01    1.7253417969e-04
       429          6912        3.38700000e+01    1.6538085937e-04
       430          6976        3.27800000e+01    1.6005859375e-04
       431          7040        3.26400000e+01    1.5937500000e-04
       432          7104        3.06900000e+01    1.4985351563e-04
       433          7168        2.95450000e+01    1.4426269531e-04
       434          7232        2.85600000e+01    1.3945312500e-04
       435          7296        2.81750000e+01    1.3757324219e-04
       436          7360        2.70850000e+01    1.3225097656e-04
       437          7424        2.55200000e+01    1.2460937500e-04
       438          7488        2.52150000e+01    1.2312011719e-04
       439          7552        2.46200000e+01    1.2021484375e-04
       440          7616        2.36000000e+01    1.1523437500e-04
       441          7680        2.33000000e+01    1.1376953125e-04
       442          7744        2.25850000e+01    1.1027832031e-04
       443          7808        2.18350000e+01    1.0661621094e-04
       444          7872        2.12850000e+01    1.0393066406e-04
       445          7936        1.94200000e+01    9.4824218750e-05
       446          8000        1.91300000e+01    9.3408203125e-05
       447          8064        1.95000000e+01    9.5214843750e-05
       448          8128        1.88900000e+01    9.2236328125e-05
       449          8256        3.52150000e+01    8.5974121096e-05
       450          8384        3.38350000e+01    8.2604980469e-05
       451          8512        3.15650000e+01    7.7062988283e-05
       452          8640        2.93650000e+01    7.1691894531e-05
       453          8768        2.76850000e+01    6.7590332032e-05
       454          8896        2.66050000e+01    6.4953613281e-05
       455          9024        2.43100000e+01    5.9350585937e-05
       456          9152        2.29250000e+01    5.5969238281e-05
       457          9280        2.18400000e+01    5.3320312500e-05
       458          9408        2.05850000e+01    5.0256347656e-05
       459          9536        1.90900000e+01    4.6606445313e-05
       460          9664        1.88000000e+01    4.5898437500e-05
       461          9792        1.73300000e+01    4.2309570312e-05
       462          9920        1.66350000e+01    4.0612792969e-05
       463         10048        1.53200000e+01    3.7402343750e-05
       464         10176        1.46150000e+01    3.5681152344e-05
       465         10304        1.39400000e+01    3.4033203125e-05
       466         10432        1.32650000e+01    3.2385253906e-05
       467         10560        1.22250000e+01    2.9846191406e-05
       468         10688        1.16450000e+01    2.8430175781e-05
       469         10816        1.05200000e+01    2.5683593750e-05
       470         10944        1.03100000e+01    2.5170898438e-05
       471         11072        9.28500000e+00    2.2668457031e-05
       472         11200        9.27500000e+00    2.2644042969e-05
       473         11328        8.51000000e+00    2.0776367187e-05
       474         11456        8.57500000e+00    2.0935058594e-05
       475         11584        7.54500000e+00    1.8420410156e-05
       476         11712        7.61500000e+00    1.8591308594e-05
       477         11840        7.08500000e+00    1.7297363281e-05
       478         11968        6.79000000e+00    1.6577148437e-05
       479         12096        6.49000000e+00    1.5844726562e-05
       480         12224        6.01500000e+00    1.4685058594e-05
       481         12352        5.65500000e+00    1.3806152344e-05
       482         12480        5.31000000e+00    1.2963867187e-05
       483         12608        4.99500000e+00    1.2194824219e-05
       484         12736        4.70000000e+00    1.1474609375e-05
       485         12864        4.32500000e+00    1.0559082031e-05
       486         12992        4.12500000e+00    1.0070800781e-05
       487         13120        3.89000000e+00    9.4970703125e-06
       488         13248        3.94000000e+00    9.6191406250e-06
       489         13376        3.36000000e+00    8.2031250000e-06
       490         13504        3.42000000e+00    8.3496093750e-06
       491         13632        3.29500000e+00    8.0444335937e-06
       492         13760        2.97000000e+00    7.2509765625e-06
       493         13888        2.78000000e+00    6.7871093750e-06
       494         14016        2.55500000e+00    6.2377929687e-06
       495         14144        2.46000000e+00    6.0058593750e-06
       496         14272        2.44500000e+00    5.9692382812e-06
       497         14400        2.28000000e+00    5.5664062500e-06
       498         14528        1.94000000e+00    4.7363281250e-06
       499         14656        1.90000000e+00    4.6386718750e-06
       500         14784        1.86500000e+00    4.5532226562e-06
       501         14912        1.75500000e+00    4.2846679687e-06
       502         15040        1.63000000e+00    3.9794921875e-06
       503         15168        1.44000000e+00    3.5156250000e-06
       504         15296        1.35000000e+00    3.2958984375e-06
       505         15424        1.38500000e+00    3.3813476562e-06
       506         15552        1.23500000e+00    3.0151367187e-06
       507         15680        1.21500000e+00    2.9663085937e-06
       508         15808        9.95000000e-01    2.4291992188e-06
       509         15936        9.90000000e-01    2.4169921875e-06
       510         16064        1.12500000e+00    2.7465820312e-06
       511         16192        1.04000000e+00    2.5390625000e-06
       512         16320        7.70000000e-01    1.8798828125e-06
       513         16576        1.52000000e+00    1.8554687500e-06
       514         16832        1.39500000e+00    1.7028808594e-06
       515         17088        1.24000000e+00    1.5136718750e-06
       516         17344        1.05500000e+00    1.2878417969e-06
       517         17600        9.95000000e-01    1.2145996094e-06
       518         17856        7.20000000e-01    8.7890625000e-07
       519         18112        6.85000000e-01    8.3618164063e-07
       520         18368        6.75000000e-01    8.2397460938e-07
       521         18624        5.95000000e-01    7.2631835938e-07
       522         18880        4.70000000e-01    5.7373046875e-07
       523         19136        4.70000000e-01    5.7373046875e-07
       524         19392        4.00000000e-01    4.8828125000e-07
       525         19648        3.50000000e-01    4.2724609375e-07
       526         19904        3.20000000e-01    3.9062500000e-07
       527         20160        3.00000000e-01    3.6621093750e-07
       528         20416        2.10000000e-01    2.5634765625e-07
       529         20672        1.70000000e-01    2.0751953125e-07
       530         20928        1.65000000e-01    2.0141601563e-07
       531         21184        1.25000000e-01    1.5258789063e-07
       532         21440        7.50000000e-02    9.1552734375e-08
       533         21696        9.00000000e-02    1.0986328125e-07
       534         21952        1.50000000e-01    1.8310546875e-07
       535         22208        6.50000000e-02    7.9345703125e-08
       536         22464        6.00000000e-02    7.3242187500e-08
       537         22720        4.00000000e-02    4.8828125000e-08
       538         22976        6.50000000e-02    7.9345703125e-08
       539         23232        8.00000000e-02    9.7656250000e-08
       540         23488        2.50000000e-02    3.0517578125e-08
       541         23744        2.00000000e-02    2.4414062500e-08
       542         24000        3.00000000e-02    3.6621093750e-08
       543         24256        2.50000000e-02    3.0517578125e-08
       544         24512        2.00000000e-02    2.4414062500e-08
       545         24768        3.00000000e-02    3.6621093750e-08
       546         25024        2.00000000e-02    2.4414062500e-08
       547         25280        1.50000000e-02    1.8310546875e-08
       548         25536        2.00000000e-02    2.4414062500e-08
       549         25792        5.00000000e-03    6.1035156250e-09
       550         26048        1.00000000e-02    1.2207031250e-08
       551         26304        5.00000000e-03    6.1035156250e-09
       552         26560        0.00000000e+00    0.0000000000e+00
       553         26816        1.00000000e-02    1.2207031250e-08
       554         27072        0.00000000e+00    0.0000000000e+00
       555         27328        0.00000000e+00    0.0000000000e+00
       556         27584        1.00000000e-02    1.2207031250e-08
       557         27840        0.00000000e+00    0.0000000000e+00
       558         28096        5.00000000e-03    6.1035156250e-09
       559         28352        0.00000000e+00    0.0000000000e+00
       560         28608        0.00000000e+00    0.0000000000e+00
       561         28864        5.00000000e-03    6.1035156250e-09
       562         29120        0.00000000e+00    0.0000000000e+00
       563         29376        0.00000000e+00    0.0000000000e+00
       564         29632        0.00000000e+00    0.0000000000e+00
       565         29888        0.00000000e+00    0.0000000000e+00
       566         30144        0.00000000e+00    0.0000000000e+00
       567         30400        0.00000000e+00    0.0000000000e+00
       568         30656        5.00000000e-03    6.1035156250e-09
