         0             0        1.34219264e+10    2.6214700000e+05
         1             1        1.98181628e+10    3.8707349280e+05
         2             2        0.00000000e+00    0.0000000000e+00
         3             3        5.60648186e+09    1.0950159892e+05
         4             4        0.00000000e+00    0.0000000000e+00
         5             5        9.37055806e+08    1.8301871213e+04
         6             6        0.00000000e+00    0.0000000000e+00
         7             7        1.65440009e+08    3.2312501695e+03
         8             8        0.00000000e+00    0.0000000000e+00
         9             9        7.32954890e+07    1.4315525190e+03
        10            10        0.00000000e+00    0.0000000000e+00
        11            11        4.31307658e+07    8.4239776973e+02
        12            12        0.00000000e+00    0.0000000000e+00
        13            13        2.90979038e+07    5.6831843448e+02
        14            14        0.00000000e+00    0.0000000000e+00
        15            15        2.12310532e+07    4.1466900859e+02
        16            16        0.00000000e+00    0.0000000000e+00
        17            17        1.63129786e+07    3.1861286348e+02
        18            18        0.00000000e+00    0.0000000000e+00
        19            19        1.30015166e+07    2.5393587100e+02
        20            20        0.00000000e+00    0.0000000000e+00
        21            21        1.06508401e+07    2.0802422080e+02
        22            22        0.00000000e+00    0.0000000000e+00
        23            23        8.91272325e+06    1.7407662598e+02
        24            24        0.00000000e+00    0.0000000000e+00
        25            25        7.58561925e+06    1.4815662598e+02
        26            26        0.00000000e+00    0.0000000000e+00
        27            27        6.54713578e+06    1.2787374570e+02
        28            28        0.00000000e+00    0.0000000000e+00
        29            29        5.71645328e+06    1.1164947812e+02
        30            30        0.00000000e+00    0.0000000000e+00
        31            31        5.04025509e+06    9.8442482324e+01
        32            32        0.00000000e+00    0.0000000000e+00
        33            33        4.48108364e+06    8.7521164941e+01
        34            34        0.00000000e+00    0.0000000000e+00
        35            35        4.01339834e+06    7.8386686328e+01
        36            36        0.00000000e+00    0.0000000000e+00
        37            37        3.61749292e+06    7.0654158691e+01
        38            38        0.00000000e+00    0.0000000000e+00
        39            39        3.27904033e+06    6.4043756348e+01
        40            40        0.00000000e+00    0.0000000000e+00
        41            41        2.98692561e+06    5.8338390821e+01
        42            42        0.00000000e+00    0.0000000000e+00
        43            43        2.73320248e+06    5.3382861035e+01
        44            44        0.00000000e+00    0.0000000000e+00
        45            45        2.51093950e+06    4.9041787110e+01
        46            46        0.00000000e+00    0.0000000000e+00
        47            47        2.31546840e+06    4.5223992285e+01
        48            48        0.00000000e+00    0.0000000000e+00
        49            49        2.14204269e+06    4.1836771289e+01
        50            50        0.00000000e+00    0.0000000000e+00
        51            51        1.98769000e+06    3.8822070313e+01
        52            52        0.00000000e+00    0.0000000000e+00
        53            53        1.84954027e+06    3.6123833496e+01
        54            54        0.00000000e+00    0.0000000000e+00
        55            55        1.72561418e+06    3.3703401953e+01
        56            56        0.00000000e+00    0.0000000000e+00
        57            57        1.61356643e+06    3.1514969336e+01
        58            58        0.00000000e+00    0.0000000000e+00
        59            59        1.51233088e+06    2.9537712500e+01
        60            60        0.00000000e+00    0.0000000000e+00
        61            61        1.42017708e+06    2.7737833594e+01
        62            62        0.00000000e+00    0.0000000000e+00
        63            63        1.33616009e+06    2.6096876855e+01
        64            64        0.00000000e+00    0.0000000000e+00
        65            66        1.25917659e+06    1.2296646387e+01
        66            68        1.18889147e+06    1.1610268213e+01
        67            70        1.12413877e+06    1.0977917725e+01
        68            72        1.06458757e+06    1.0396363037e+01
        69            74        1.00953499e+06    9.8587401367e+00
        70            76        9.58487405e+05    9.3602285645e+00
        71            78        9.11082305e+05    8.8972881348e+00
        72            80        8.67053320e+05    8.4673175781e+00
        73            82        8.26167645e+05    8.0680434082e+00
        74            84        7.88092715e+05    7.6962179199e+00
        75            86        7.52342170e+05    7.3470915039e+00
        76            88        7.19054560e+05    7.0220171875e+00
        77            90        6.87669235e+05    6.7155198731e+00
        78            92        6.58303325e+05    6.4287434082e+00
        79            94        6.30716520e+05    6.1593410156e+00
        80            96        6.04828115e+05    5.9065245606e+00
        81            98        5.80457280e+05    5.6685281250e+00
        82           100        5.57333240e+05    5.4427074219e+00
        83           102        5.35567395e+05    5.2301503418e+00
        84           104        5.14972245e+05    5.0290258301e+00
        85           106        4.95542100e+05    4.8392783203e+00
        86           108        4.77104195e+05    4.6592206543e+00
        87           110        4.59611005e+05    4.4883887207e+00
        88           112        4.43011255e+05    4.3262817871e+00
        89           114        4.27260140e+05    4.1724623047e+00
        90           116        4.12245635e+05    4.0258362793e+00
        91           118        3.98009970e+05    3.8868161133e+00
        92           120        3.84497950e+05    3.7548627930e+00
        93           122        3.71557325e+05    3.6284895020e+00
        94           124        3.59277830e+05    3.5085725586e+00
        95           126        3.47411780e+05    3.3926931641e+00
        96           128        3.36251800e+05    3.2837089844e+00
        97           130        3.25551005e+05    3.1792090332e+00
        98           132        3.15249030e+05    3.0786038086e+00
        99           134        3.05403425e+05    2.9824553223e+00
       100           136        2.96086605e+05    2.8914707520e+00
       101           138        2.87096350e+05    2.8036752930e+00
       102           140        2.78392500e+05    2.7186767578e+00
       103           142        2.70143345e+05    2.6381186035e+00
       104           144        2.62224840e+05    2.5607894531e+00
       105           146        2.54622220e+05    2.4865451172e+00
       106           148        2.47308855e+05    2.4151255371e+00
       107           150        2.40281000e+05    2.3464941406e+00
       108           152        2.33496780e+05    2.2802419922e+00
       109           154        2.27000360e+05    2.2168003907e+00
       110           156        2.20689535e+05    2.1551712402e+00
       111           158        2.14663780e+05    2.0963259766e+00
       112           160        2.08878570e+05    2.0398297852e+00
       113           162        2.03340255e+05    1.9857446778e+00
       114           164        1.97884750e+05    1.9324682618e+00
       115           166        1.92695870e+05    1.8817956055e+00
       116           168        1.87716590e+05    1.8331698243e+00
       117           170        1.82905540e+05    1.7861869141e+00
       118           172        1.78142915e+05    1.7396769043e+00
       119           174        1.73647160e+05    1.6957730468e+00
       120           176        1.69338560e+05    1.6536968750e+00
       121           178        1.65132730e+05    1.6126243164e+00
       122           180        1.61040375e+05    1.5726599121e+00
       123           182        1.57138095e+05    1.5345517090e+00
       124           184        1.53296335e+05    1.4970345215e+00
       125           186        1.49603750e+05    1.4609741211e+00
       126           188        1.46038760e+05    1.4261597657e+00
       127           190        1.42611765e+05    1.3926930176e+00
       128           192        1.39250785e+05    1.3598709473e+00
       129           196        2.68855275e+05    1.3127698975e+00
       130           200        2.56632690e+05    1.2530893067e+00
       131           204        2.45202770e+05    1.1972791504e+00
       132           208        2.34423325e+05    1.1446451416e+00
       133           212        2.24184125e+05    1.0946490479e+00
       134           216        2.14601500e+05    1.0478588867e+00
       135           220        2.05563265e+05    1.0037268799e+00
       136           224        1.96997385e+05    9.6190129395e-01
       137           228        1.88950715e+05    9.2261091309e-01
       138           232        1.81242930e+05    8.8497524414e-01
       139           236        1.73943865e+05    8.4933527832e-01
       140           240        1.67106925e+05    8.1595178223e-01
       141           244        1.60555745e+05    7.8396359863e-01
       142           248        1.54338160e+05    7.5360429688e-01
       143           252        1.48475830e+05    7.2497963868e-01
       144           256        1.42873835e+05    6.9762614747e-01
       145           260        1.37539860e+05    6.7158134766e-01
       146           264        1.32389400e+05    6.4643261719e-01
       147           268        1.27630230e+05    6.2319448242e-01
       148           272        1.23026265e+05    6.0071418457e-01
       149           276        1.18681190e+05    5.7949799805e-01
       150           280        1.14416130e+05    5.5867250977e-01
       151           284        1.10410170e+05    5.3911215820e-01
       152           288        1.06557795e+05    5.2030173340e-01
       153           292        1.02888195e+05    5.0238376465e-01
       154           296        9.93953250e+04    4.8532873535e-01
       155           300        9.60901250e+04    4.6919006348e-01
       156           304        9.29006400e+04    4.5361640625e-01
       157           308        8.98355200e+04    4.3865000000e-01
       158           312        8.68577150e+04    4.2410993653e-01
       159           316        8.40420450e+04    4.1036154786e-01
       160           320        8.13571100e+04    3.9725151368e-01
       161           324        7.87339350e+04    3.8444304199e-01
       162           328        7.62790250e+04    3.7245617676e-01
       163           332        7.38700650e+04    3.6069367676e-01
       164           336        7.16081950e+04    3.4964938965e-01
       165           340        6.93873500e+04    3.3880541992e-01
       166           344        6.72620350e+04    3.2842790527e-01
       167           348        6.52301450e+04    3.1850656738e-01
       168           352        6.32625700e+04    3.0889926758e-01
       169           356        6.13793350e+04    2.9970378418e-01
       170           360        5.95696150e+04    2.9086726074e-01
       171           364        5.77834400e+04    2.8214570313e-01
       172           368        5.61548950e+04    2.7419382324e-01
       173           372        5.45209400e+04    2.6621552734e-01
       174           376        5.29929700e+04    2.5875473633e-01
       175           380        5.14389250e+04    2.5116662598e-01
       176           384        4.99803300e+04    2.4404458008e-01
       177           388        4.85745650e+04    2.3718049317e-01
       178           392        4.72361050e+04    2.3064504395e-01
       179           396        4.59499050e+04    2.2436477051e-01
       180           400        4.46774250e+04    2.1815148926e-01
       181           404        4.34306300e+04    2.1206362305e-01
       182           408        4.22807550e+04    2.0644899903e-01
       183           412        4.11620950e+04    2.0098679199e-01
       184           416        4.00546550e+04    1.9557937012e-01
       185           420        3.89867400e+04    1.9036494141e-01
       186           424        3.79456500e+04    1.8528149414e-01
       187           428        3.69914950e+04    1.8062253418e-01
       188           432        3.59875400e+04    1.7572041016e-01
       189           436        3.50879850e+04    1.7132805176e-01
       190           440        3.41816150e+04    1.6690241700e-01
       191           444        3.33101700e+04    1.6264731445e-01
       192           448        3.24623550e+04    1.5850759277e-01
       193           456        6.24877150e+04    1.5255789795e-01
       194           464        5.94244550e+04    1.4507923584e-01
       195           472        5.65255200e+04    1.3800175781e-01
       196           480        5.38182200e+04    1.3139213867e-01
       197           488        5.12832900e+04    1.2520334473e-01
       198           496        4.88486800e+04    1.1925947266e-01
       199           504        4.66255400e+04    1.1383188477e-01
       200           512        4.44747600e+04    1.0858095703e-01
       201           520        4.24833500e+04    1.0371911621e-01
       202           528        4.05380200e+04    9.8969775391e-02
       203           536        3.87438400e+04    9.4589453125e-02
       204           544        3.70688900e+04    9.0500219727e-02
       205           552        3.54399700e+04    8.6523364258e-02
       206           560        3.39218350e+04    8.2816979981e-02
       207           568        3.24476250e+04    7.9217834473e-02
       208           576        3.11091250e+04    7.5950012207e-02
       209           584        2.98125050e+04    7.2784436036e-02
       210           592        2.85674100e+04    6.9744653320e-02
       211           600        2.74129000e+04    6.6926025391e-02
       212           608        2.62781550e+04    6.4155651856e-02
       213           616        2.52441550e+04    6.1631237793e-02
       214           624        2.42480350e+04    5.9199304200e-02
       215           632        2.32922900e+04    5.6865942383e-02
       216           640        2.23762550e+04    5.4629528808e-02
       217           648        2.15192500e+04    5.2537231446e-02
       218           656        2.06870400e+04    5.0505468750e-02
       219           664        1.99008650e+04    4.8586096191e-02
       220           672        1.91522250e+04    4.6758361817e-02
       221           680        1.84262600e+04    4.4985986328e-02
       222           688        1.77588300e+04    4.3356518555e-02
       223           696        1.71085900e+04    4.1769018555e-02
       224           704        1.64900200e+04    4.0258837891e-02
       225           712        1.58909100e+04    3.8796166992e-02
       226           720        1.53137700e+04    3.7387133789e-02
       227           728        1.47996450e+04    3.6131945801e-02
       228           736        1.42567350e+04    3.4806481934e-02
       229           744        1.37617700e+04    3.3598071289e-02
       230           752        1.32995150e+04    3.2469519043e-02
       231           760        1.28254500e+04    3.1312133789e-02
       232           768        1.24014900e+04    3.0277075195e-02
       233           776        1.19782250e+04    2.9243713379e-02
       234           784        1.15728600e+04    2.8254052735e-02
       235           792        1.11895750e+04    2.7318298340e-02
       236           800        1.08171850e+04    2.6409143067e-02
       237           808        1.04706250e+04    2.5563049317e-02
       238           816        1.01211650e+04    2.4709875488e-02
       239           824        9.81239000e+03    2.3956030274e-02
       240           832        9.47077000e+03    2.3121997071e-02
       241           840        9.18347500e+03    2.2420593262e-02
       242           848        8.89990000e+03    2.1728271485e-02
       243           856        8.61421500e+03    2.1030798340e-02
       244           864        8.35001500e+03    2.0385778808e-02
       245           872        8.09880000e+03    1.9772460937e-02
       246           880        7.83970000e+03    1.9139892578e-02
       247           888        7.60285500e+03    1.8561657715e-02
       248           896        7.37020000e+03    1.7993652344e-02
       249           904        7.15257000e+03    1.7462329102e-02
       250           912        6.93425500e+03    1.6929333496e-02
       251           920        6.73259000e+03    1.6436987305e-02
       252           928        6.54761500e+03    1.5985388184e-02
       253           936        6.34936500e+03    1.5501379395e-02
       254           944        6.16138500e+03    1.5042443848e-02
       255           952        5.97911500e+03    1.4597448731e-02
       256           960        5.81874000e+03    1.4205908203e-02
       257           976        1.11586000e+04    1.3621337891e-02
       258           992        1.05399250e+04    1.2866119385e-02
       259          1008        9.95691000e+03    1.2154431153e-02
       260          1024        9.42288500e+03    1.1502545166e-02
       261          1040        8.92991500e+03    1.0900775146e-02
       262          1056        8.44845500e+03    1.0313055420e-02
       263          1072        8.03170500e+03    9.8043273926e-03
       264          1088        7.60956000e+03    9.2890136719e-03
       265          1104        7.23425500e+03    8.8308776856e-03
       266          1120        6.86784000e+03    8.3835937501e-03
       267          1136        6.54111000e+03    7.9847534180e-03
       268          1152        6.22204500e+03    7.5952697755e-03
       269          1168        5.92268000e+03    7.2298339844e-03
       270          1184        5.63580500e+03    6.8796447754e-03
       271          1200        5.37982500e+03    6.5671691895e-03
       272          1216        5.13603500e+03    6.2695739746e-03
       273          1232        4.89202000e+03    5.9717041016e-03
       274          1248        4.67542000e+03    5.7072998047e-03
       275          1264        4.46890500e+03    5.4552062988e-03
       276          1280        4.27410000e+03    5.2174072265e-03
       277          1296        4.08975000e+03    4.9923706055e-03
       278          1312        3.90439500e+03    4.7661071777e-03
       279          1328        3.74459000e+03    4.5710327149e-03
       280          1344        3.58296000e+03    4.3737304687e-03
       281          1360        3.43122500e+03    4.1885070800e-03
       282          1376        3.30005500e+03    4.0283874512e-03
       283          1392        3.15600500e+03    3.8525451661e-03
       284          1408        3.03151000e+03    3.7005737305e-03
       285          1424        2.90731000e+03    3.5489624024e-03
       286          1440        2.79383000e+03    3.4104370117e-03
       287          1456        2.68522500e+03    3.2778625489e-03
       288          1472        2.58182500e+03    3.1516418457e-03
       289          1488        2.47954500e+03    3.0267883301e-03
       290          1504        2.38856500e+03    2.9157287598e-03
       291          1520        2.30130000e+03    2.8092041016e-03
       292          1536        2.20442500e+03    2.6909484863e-03
       293          1552        2.12961500e+03    2.5996276855e-03
       294          1568        2.05377500e+03    2.5070495605e-03
       295          1584        1.97244000e+03    2.4077636719e-03
       296          1600        1.90784500e+03    2.3289123535e-03
       297          1616        1.83512000e+03    2.2401367187e-03
       298          1632        1.77520000e+03    2.1669921875e-03
       299          1648        1.71254000e+03    2.0905029297e-03
       300          1664        1.65541500e+03    2.0207702637e-03
       301          1680        1.59978000e+03    1.9528564454e-03
       302          1696        1.54020000e+03    1.8801269531e-03
       303          1712        1.49063500e+03    1.8196228027e-03
       304          1728        1.44527000e+03    1.7642456055e-03
       305          1744        1.39283500e+03    1.7002380372e-03
       306          1760        1.34865500e+03    1.6463073731e-03
       307          1776        1.30215500e+03    1.5895446777e-03
       308          1792        1.26061000e+03    1.5388305664e-03
       309          1808        1.22100500e+03    1.4904846192e-03
       310          1824        1.18356000e+03    1.4447753907e-03
       311          1840        1.14696000e+03    1.4000976563e-03
       312          1856        1.11249500e+03    1.3580261230e-03
       313          1872        1.07414000e+03    1.3112060546e-03
       314          1888        1.03984000e+03    1.2693359375e-03
       315          1904        1.00965000e+03    1.2324829102e-03
       316          1920        9.81435000e+02    1.1980407715e-03
       317          1936        9.49050000e+02    1.1585083008e-03
       318          1952        9.21765000e+02    1.1252014160e-03
       319          1968        8.92470000e+02    1.0894409180e-03
       320          1984        8.69690000e+02    1.0616333008e-03
       321          2016        1.65554500e+03    1.0104644775e-03
       322          2048        1.56064500e+03    9.5254211426e-04
       323          2080        1.47412000e+03    8.9973144531e-04
       324          2112        1.39037500e+03    8.4861755372e-04
       325          2144        1.31885000e+03    8.0496215820e-04
       326          2176        1.24266000e+03    7.5845947265e-04
       327          2208        1.17791000e+03    7.1893920899e-04
       328          2240        1.11845000e+03    6.8264770508e-04
       329          2272        1.05519500e+03    6.4403991699e-04
       330          2304        9.99740000e+02    6.1019287110e-04
       331          2336        9.45810000e+02    5.7727661133e-04
       332          2368        9.01475000e+02    5.5021667481e-04
       333          2400        8.52105000e+02    5.2008361816e-04
       334          2432        8.08945000e+02    4.9374084473e-04
       335          2464        7.71340000e+02    4.7078857422e-04
       336          2496        7.31305000e+02    4.4635314941e-04
       337          2528        6.98620000e+02    4.2640380859e-04
       338          2560        6.60945000e+02    4.0340881348e-04
       339          2592        6.30385000e+02    3.8475646973e-04
       340          2624        5.99610000e+02    3.6597290039e-04
       341          2656        5.72550000e+02    3.4945678711e-04
       342          2688        5.43215000e+02    3.3155212403e-04
       343          2720        5.16785000e+02    3.1542053223e-04
       344          2752        4.93280000e+02    3.0107421875e-04
       345          2784        4.71090000e+02    2.8753051758e-04
       346          2816        4.47515000e+02    2.7314147950e-04
       347          2848        4.27360000e+02    2.6083984376e-04
       348          2880        4.05410000e+02    2.4744262695e-04
       349          2912        3.91240000e+02    2.3879394532e-04
       350          2944        3.70210000e+02    2.2595825196e-04
       351          2976        3.54070000e+02    2.1610717774e-04
       352          3008        3.37690000e+02    2.0610961915e-04
       353          3040        3.21235000e+02    1.9606628418e-04
       354          3072        3.09680000e+02    1.8901367188e-04
       355          3104        2.94740000e+02    1.7989501953e-04
       356          3136        2.80415000e+02    1.7115173340e-04
       357          3168        2.70315000e+02    1.6498718262e-04
       358          3200        2.56920000e+02    1.5681152344e-04
       359          3232        2.46805000e+02    1.5063781738e-04
       360          3264        2.36780000e+02    1.4451904297e-04
       361          3296        2.23415000e+02    1.3636169434e-04
       362          3328        2.14930000e+02    1.3118286133e-04
       363          3360        2.06055000e+02    1.2576599121e-04
       364          3392        1.97940000e+02    1.2081298828e-04
       365          3424        1.87020000e+02    1.1414794922e-04
       366          3456        1.78630000e+02    1.0902709962e-04
       367          3488        1.73890000e+02    1.0613403320e-04
       368          3520        1.64150000e+02    1.0018920899e-04
       369          3552        1.57985000e+02    9.6426391603e-05
       370          3584        1.51265000e+02    9.2324829103e-05
       371          3616        1.45130000e+02    8.8580322266e-05
       372          3648        1.38740000e+02    8.4680175781e-05
       373          3680        1.32280000e+02    8.0737304688e-05
       374          3712        1.25840000e+02    7.6806640626e-05
       375          3744        1.20330000e+02    7.3443603516e-05
       376          3776        1.15520000e+02    7.0507812501e-05
       377          3808        1.11605000e+02    6.8118286133e-05
       378          3840        1.07985000e+02    6.5908813477e-05
       379          3872        1.00355000e+02    6.1251831055e-05
       380          3904        9.72900000e+01    5.9381103516e-05
       381          3936        9.31600000e+01    5.6860351563e-05
       382          3968        8.95100000e+01    5.4632568360e-05
       383          4000        8.59350000e+01    5.2450561524e-05
       384          4032        8.17200000e+01    4.9877929688e-05
       385          4096        1.53470000e+02    4.6835327149e-05
       386          4160        1.41740000e+02    4.3255615234e-05
       387          4224        1.28245000e+02    3.9137268066e-05
       388          4288        1.18160000e+02    3.6059570312e-05
       389          4352        1.08175000e+02    3.3012390136e-05
       390          4416        9.98200000e+01    3.0462646484e-05
       391          4480        9.06400000e+01    2.7661132812e-05
       392          4544        8.31850000e+01    2.5386047363e-05
       393          4608        7.46250000e+01    2.2773742676e-05
       394          4672        6.91800000e+01    2.1112060547e-05
       395          4736        6.34300000e+01    1.9357299805e-05
       396          4800        5.82950000e+01    1.7790222168e-05
       397          4864        5.32450000e+01    1.6249084473e-05
       398          4928        4.90600000e+01    1.4971923829e-05
       399          4992        4.44850000e+01    1.3575744629e-05
       400          5056        4.15350000e+01    1.2675476075e-05
       401          5120        3.74250000e+01    1.1421203613e-05
       402          5184        3.47800000e+01    1.0614013671e-05
       403          5248        3.08050000e+01    9.4009399411e-06
       404          5312        2.90350000e+01    8.8607788083e-06
       405          5376        2.64600000e+01    8.0749511716e-06
       406          5440        2.39400000e+01    7.3059082031e-06
       407          5504        2.14950000e+01    6.5597534179e-06
       408          5568        2.01250000e+01    6.1416625977e-06
       409          5632        1.82250000e+01    5.5618286133e-06
       410          5696        1.63850000e+01    5.0003051759e-06
       411          5760        1.51550000e+01    4.6249389649e-06
       412          5824        1.39650000e+01    4.2617797852e-06
       413          5888        1.29800000e+01    3.9611816407e-06
       414          5952        1.17950000e+01    3.5995483399e-06
       415          6016        1.04350000e+01    3.1845092774e-06
       416          6080        9.68000000e+00    2.9541015626e-06
       417          6144        9.21000000e+00    2.8106689454e-06
       418          6208        7.36500000e+00    2.2476196289e-06
       419          6272        7.28500000e+00    2.2232055663e-06
       420          6336        6.68000000e+00    2.0385742187e-06
       421          6400        5.91500000e+00    1.8051147460e-06
       422          6464        5.62000000e+00    1.7150878905e-06
       423          6528        4.78000000e+00    1.4587402343e-06
       424          6592        4.60000000e+00    1.4038085936e-06
       425          6656        4.07500000e+00    1.2435913085e-06
       426          6720        3.75500000e+00    1.1459350585e-06
       427          6784        3.40000000e+00    1.0375976562e-06
       428          6848        3.15000000e+00    9.6130371090e-07
       429          6912        2.74500000e+00    8.3770751948e-07
       430          6976        2.51000000e+00    7.6599121091e-07
       431          7040        2.41000000e+00    7.3547363278e-07
       432          7104        1.93500000e+00    5.9051513672e-07
       433          7168        1.67000000e+00    5.0964355469e-07
       434          7232        1.64500000e+00    5.0201416016e-07
       435          7296        1.49000000e+00    4.5471191407e-07
       436          7360        1.37000000e+00    4.1809082032e-07
       437          7424        1.16000000e+00    3.5400390626e-07
       438          7488        1.13500000e+00    3.4637451173e-07
       439          7552        9.60000000e-01    2.9296875002e-07
       440          7616        9.60000000e-01    2.9296875001e-07
       441          7680        7.95000000e-01    2.4261474611e-07
       442          7744        8.10000000e-01    2.4719238283e-07
       443          7808        6.50000000e-01    1.9836425783e-07
       444          7872        6.30000000e-01    1.9226074220e-07
       445          7936        4.90000000e-01    1.4953613282e-07
       446          8000        4.75000000e-01    1.4495849611e-07
       447          8064        3.45000000e-01    1.0528564454e-07
       448          8128        3.90000000e-01    1.1901855470e-07
       449          8256        6.25000000e-01    9.5367431637e-08
       450          8384        5.00000000e-01    7.6293945312e-08
       451          8512        3.60000000e-01    5.4931640620e-08
       452          8640        4.10000000e-01    6.2561035149e-08
       453          8768        3.10000000e-01    4.7302246088e-08
       454          8896        2.15000000e-01    3.2806396481e-08
       455          9024        2.15000000e-01    3.2806396481e-08
       456          9152        1.85000000e-01    2.8228759762e-08
       457          9280        9.00000000e-02    1.3732910154e-08
       458          9408        4.50000000e-02    6.8664550770e-09
       459          9536        7.50000000e-02    1.1444091795e-08
       460          9664        6.50000000e-02    9.9182128890e-09
       461          9792        5.50000000e-02    8.3923339830e-09
       462          9920        7.00000000e-02    1.0681152342e-08
       463         10048        2.00000000e-02    3.0517578120e-09
       464         10176        1.00000000e-02    1.5258789060e-09
       465         10304        0.00000000e+00    0.0000000000e+00
       466         10432        1.50000000e-02    2.2888183590e-09
       467         10560        5.00000000e-03    7.6293945300e-10
       468         10688        1.00000000e-02    1.5258789060e-09
       469         10816        0.00000000e+00    0.0000000000e+00
       470         10944        5.00000000e-03    7.6293945300e-10
       471         11072        5.00000000e-03    7.6293945300e-10
       472         11200        0.00000000e+00    0.0000000000e+00
       473         11328        0.00000000e+00    0.0000000000e+00
       474         11456        0.00000000e+00    0.0000000000e+00
       475         11584        0.00000000e+00    0.0000000000e+00
       476         11712        0.00000000e+00    0.0000000000e+00
       477         11840        0.00000000e+00    0.0000000000e+00
       478         11968        0.00000000e+00    0.0000000000e+00
       479         12096        0.00000000e+00    0.0000000000e+00
       480         12224        5.00000000e-03    7.6293945300e-10
