         2             2        1.92034160e+07    7.4649802343e-01
         3             3        3.14600705e+06    1.2229532703e-01
         4             4        1.16213832e+06    4.5176022858e-02
         5             5        5.68864243e+05    2.2113567344e-02
         6             6        3.05915902e+05    1.1891926721e-02
         7             7        1.99612665e+05    7.7595808949e-03
         8             8        1.41464060e+05    5.4991591761e-03
         9             9        1.00886811e+05    3.9217921041e-03
        10            10        7.80003605e+04    3.0321227690e-03
        11            11        6.20211797e+04    2.4109610508e-03
        12            12        5.01550502e+04    1.9496867553e-03
        13            13        4.17510982e+04    1.6229983391e-03
        14            14        3.54250569e+04    1.3770849391e-03
        15            15        3.03570502e+04    1.1800753561e-03
        16            16        2.64647109e+04    1.0287677147e-03
        17            17        2.32711696e+04    9.0462457982e-04
        18            18        2.06744386e+04    8.0368136338e-04
        19            19        1.85222924e+04    7.2002057681e-04
        20            20        1.67166362e+04    6.4982895982e-04
        21            21        1.51856540e+04    5.9031480136e-04
        22            22        1.38661071e+04    5.3901980607e-04
        23            23        1.27299766e+04    4.9485478709e-04
        24            24        1.17523371e+04    4.5685082152e-04
        25            25        1.08871183e+04    4.2321700937e-04
        26            26        1.01256964e+04    3.9361811278e-04
        27            27        9.45985603e+03    3.6773477288e-04
        28            28        8.84831473e+03    3.4396221245e-04
        29            29        8.31270871e+03    3.2314149805e-04
        30            30        7.81906473e+03    3.0395198249e-04
        31            31        7.38848326e+03    2.8721390743e-04
        32            32        6.98789732e+03    2.7164185450e-04
        33            33        6.62231585e+03    2.5743053674e-04
        34            34        6.28930246e+03    2.4448524412e-04
        35            35        5.98632589e+03    2.3270757889e-04
        36            36        5.70926562e+03    2.2193736268e-04
        37            37        5.45691183e+03    2.1212756589e-04
        38            38        5.21494196e+03    2.0272142551e-04
        39            39        4.99563839e+03    1.9419639629e-04
        40            40        4.79058817e+03    1.8622544017e-04
        41            41        4.59952679e+03    1.7879827485e-04
        42            42        4.42464955e+03    1.7200023912e-04
        43            43        4.25826674e+03    1.6553240858e-04
        44            44        4.10144531e+03    1.5943625952e-04
        45            45        3.96022768e+03    1.5394667972e-04
        46            46        3.82228237e+03    1.4858430549e-04
        47            47        3.69621205e+03    1.4368355038e-04
        48            48        3.57140067e+03    1.3883173385e-04
        49            49        3.46037165e+03    1.3451568183e-04
        50            50        3.35166964e+03    1.3029008807e-04
        51            51        3.25043973e+03    1.2635495861e-04
        52            52        3.15384487e+03    1.2260000810e-04
        53            53        3.06153460e+03    1.1901161360e-04
        54            54        2.97197545e+03    1.1553016375e-04
        55            55        2.89498661e+03    1.1253736203e-04
        56            56        2.81462054e+03    1.0941327654e-04
        57            57        2.74204799e+03    1.0659215028e-04
        58            58        2.67300558e+03    1.0390825159e-04
        59            59        2.60124219e+03    1.0111857964e-04
        60            60        2.53571429e+03    9.8571301119e-05
        61            61        2.47287946e+03    9.6128711219e-05
        62            62        2.41459710e+03    9.3863089777e-05
        63            63        2.35234375e+03    9.1443103595e-05
        64            64        2.30369196e+03    8.9551853525e-05
        65            66        4.44189621e+03    8.6335335740e-05
        66            68        4.25349777e+03    8.2673511690e-05
        67            70        4.07559375e+03    7.9215663419e-05
        68            72        3.91431027e+03    7.6080861763e-05
        69            74        3.75912277e+03    7.3064545241e-05
        70            76        3.61325893e+03    7.0229448932e-05
        71            78        3.48320982e+03    6.7701737160e-05
        72            80        3.35641518e+03    6.5237281091e-05
        73            82        3.23649665e+03    6.2906473302e-05
        74            84        3.13166518e+03    6.0868906458e-05
        75            86        3.02415402e+03    5.8779255613e-05
        76            88        2.92566741e+03    5.6865011358e-05
        77            90        2.83728795e+03    5.5147215541e-05
        78            92        2.74801897e+03    5.3412130699e-05
        79            94        2.66413281e+03    5.1781669402e-05
        80            96        2.59262388e+03    5.0391779348e-05
        81            98        2.51555692e+03    4.8893860007e-05
        82           100        2.44388616e+03    4.7500824522e-05
        83           102        2.37919308e+03    4.6243411347e-05
        84           104        2.32023772e+03    4.5097519971e-05
        85           106        2.25433817e+03    4.3816657065e-05
        86           108        2.19516853e+03    4.2666600705e-05
        87           110        2.14090625e+03    4.1611926830e-05
        88           112        2.09171987e+03    4.0655911026e-05
        89           114        2.04287946e+03    3.9706619937e-05
        90           116        1.99622433e+03    3.8799803013e-05
        91           118        1.94823214e+03    3.7866998322e-05
        92           120        1.90120312e+03    3.6952914368e-05
        93           122        1.86305804e+03    3.6211503732e-05
        94           124        1.82255134e+03    3.5424191495e-05
        95           126        1.78014062e+03    3.4599871636e-05
        96           128        1.74723884e+03    3.3960372966e-05
        97           130        1.71125223e+03    3.3260915872e-05
        98           132        1.67965179e+03    3.2646710806e-05
        99           134        1.64768304e+03    3.2025347173e-05
       100           136        1.61565513e+03    3.1402833830e-05
       101           138        1.57739844e+03    3.0659253932e-05
       102           140        1.54883817e+03    3.0104139584e-05
       103           142        1.51609152e+03    2.9467656189e-05
       104           144        1.49208929e+03    2.9001134534e-05
       105           146        1.46529129e+03    2.8480272846e-05
       106           148        1.43454576e+03    2.7882684333e-05
       107           150        1.41436384e+03    2.7490416542e-05
       108           152        1.38997321e+03    2.7016345853e-05
       109           154        1.36491406e+03    2.6529281279e-05
       110           156        1.34266183e+03    2.6096773664e-05
       111           158        1.32199330e+03    2.5695047888e-05
       112           160        1.29666964e+03    2.5202842161e-05
       113           162        1.27796317e+03    2.4839252025e-05
       114           164        1.25894085e+03    2.4469522876e-05
       115           166        1.23715960e+03    2.4046169550e-05
       116           168        1.22055022e+03    2.3723339861e-05
       117           170        1.20135156e+03    2.3350183277e-05
       118           172        1.17822656e+03    2.2900712027e-05
       119           174        1.16342411e+03    2.2613002703e-05
       120           176        1.14700893e+03    2.2293947532e-05
       121           178        1.12946429e+03    2.1952939422e-05
       122           180        1.11356808e+03    2.1643971323e-05
       123           182        1.10092969e+03    2.1398324005e-05
       124           184        1.08091629e+03    2.1009331801e-05
       125           186        1.06638616e+03    2.0726915479e-05
       126           188        1.04887277e+03    2.0386514762e-05
       127           190        1.03394531e+03    2.0096375864e-05
       128           192        1.02081250e+03    1.9841118712e-05
       129           196        2.00559598e+03    1.9490978005e-05
       130           200        1.95187388e+03    1.8968890683e-05
       131           204        1.90046429e+03    1.8469276924e-05
       132           208        1.85506585e+03    1.8028081412e-05
       133           212        1.80352455e+03    1.7527187788e-05
       134           216        1.76045312e+03    1.7108606840e-05
       135           220        1.71977567e+03    1.6713291236e-05
       136           224        1.68068527e+03    1.6333399090e-05
       137           228        1.63941071e+03    1.5932280707e-05
       138           232        1.60554353e+03    1.5603149311e-05
       139           236        1.56743415e+03    1.5232791075e-05
       140           240        1.52990737e+03    1.4868094615e-05
       141           244        1.50132366e+03    1.4590309668e-05
       142           248        1.46783705e+03    1.4264876865e-05
       143           252        1.43364732e+03    1.3932610884e-05
       144           256        1.39838393e+03    1.3589910748e-05
       145           260        1.37525223e+03    1.3365110045e-05
       146           264        1.34864062e+03    1.3106490536e-05
       147           268        1.32786830e+03    1.2904618941e-05
       148           272        1.29652902e+03    1.2600054445e-05
       149           276        1.27176004e+03    1.2359342200e-05
       150           280        1.24833036e+03    1.2131645531e-05
       151           284        1.22097768e+03    1.1865824069e-05
       152           288        1.20272879e+03    1.1688475990e-05
       153           292        1.18638728e+03    1.1529664261e-05
       154           296        1.16521094e+03    1.1323866300e-05
       155           300        1.14780580e+03    1.1154718034e-05
       156           304        1.13005580e+03    1.0982218257e-05
       157           308        1.11786942e+03    1.0863787355e-05
       158           312        1.10393080e+03    1.0728327740e-05
       159           316        1.08200893e+03    1.0515284442e-05
       160           320        1.07377902e+03    1.0435303723e-05
       161           324        1.05823103e+03    1.0284203723e-05
       162           328        1.05337165e+03    1.0236978873e-05
       163           332        1.03738170e+03    1.0081583733e-05
       164           336        1.02521317e+03    9.9633263717e-06
       165           340        1.01808036e+03    9.8940075793e-06
       166           344        1.00851674e+03    9.8010655151e-06
       167           348        9.94925223e+02    9.6689791039e-06
       168           352        9.92344866e+02    9.6439024261e-06
       169           356        9.81584821e+02    9.5393331133e-06
       170           360        9.70931920e+02    9.4358050468e-06
       171           364        9.65358259e+02    9.3816385549e-06
       172           368        9.58133929e+02    9.3114303648e-06
       173           372        9.47922991e+02    9.2121974385e-06
       174           376        9.46686384e+02    9.2001797226e-06
       175           380        9.40379464e+02    9.1388872025e-06
       176           384        9.27168527e+02    9.0104993844e-06
       177           388        9.23219866e+02    8.9721251257e-06
       178           392        9.15238839e+02    8.8945631347e-06
       179           396        9.08333705e+02    8.8274569903e-06
       180           400        9.02824777e+02    8.7739195847e-06
       181           404        9.00219866e+02    8.7486042879e-06
       182           408        8.90561384e+02    8.6547402870e-06
       183           412        8.89641741e+02    8.6458029244e-06
       184           416        8.77435268e+02    8.5271767888e-06
       185           420        8.69237723e+02    8.4475106128e-06
       186           424        8.60844866e+02    8.3659463320e-06
       187           428        8.54261161e+02    8.3019639260e-06
       188           432        8.48888393e+02    8.2497497707e-06
       189           436        8.37014509e+02    8.1343558367e-06
       190           440        8.29128348e+02    8.0577157823e-06
       191           444        8.22561384e+02    7.9938960711e-06
       192           448        8.16311384e+02    7.9331567130e-06
       193           456        1.61166964e+03    7.8313423640e-06
       194           464        1.58162723e+03    7.6853618247e-06
       195           472        1.53468527e+03    7.4572638424e-06
       196           480        1.50817522e+03    7.3284475949e-06
       197           488        1.46786496e+03    7.1325740114e-06
       198           496        1.43256920e+03    6.9610666721e-06
       199           504        1.39184263e+03    6.7631702511e-06
       200           512        1.36152902e+03    6.6158718846e-06
       201           520        1.31757031e+03    6.4022700009e-06
       202           528        1.27930246e+03    6.2163207947e-06
       203           536        1.24127902e+03    6.0315592598e-06
       204           544        1.19795424e+03    5.8210377293e-06
       205           552        1.16351897e+03    5.6537116441e-06
       206           560        1.12903237e+03    5.4861360937e-06
       207           568        1.09503125e+03    5.3209196165e-06
       208           576        1.05774665e+03    5.1397482116e-06
       209           584        1.02339286e+03    4.9728180168e-06
       210           592        9.88911830e+02    4.8052695822e-06
       211           600        9.56573661e+02    4.6481336089e-06
       212           608        9.19668527e+02    4.4688060773e-06
       213           616        8.90379464e+02    4.3264861689e-06
       214           624        8.55081473e+02    4.1549679834e-06
       215           632        8.19936384e+02    3.9841927704e-06
       216           640        7.88017857e+02    3.8290959041e-06
       217           648        7.53066964e+02    3.6592643204e-06
       218           656        7.25669643e+02    3.5261366630e-06
       219           664        6.90786830e+02    3.3566358919e-06
       220           672        6.57916295e+02    3.1969130728e-06
       221           680        6.24577009e+02    3.0349125277e-06
       222           688        5.94068080e+02    2.8866651087e-06
       223           696        5.61977679e+02    2.7307330763e-06
       224           704        5.35254464e+02    2.6008810058e-06
       225           712        5.03532366e+02    2.4467386152e-06
       226           720        4.72768973e+02    2.2972547164e-06
       227           728        4.48559152e+02    2.1796155954e-06
       228           736        4.20056920e+02    2.0411190126e-06
       229           744        3.98704241e+02    1.9373631734e-06
       230           752        3.70797991e+02    1.8017625565e-06
       231           760        3.45243304e+02    1.6775885313e-06
       232           768        3.24458705e+02    1.5765930790e-06
       233           776        3.04827009e+02    1.4811997479e-06
       234           784        2.88017857e+02    1.3995215808e-06
       235           792        2.70806920e+02    1.3158910771e-06
       236           800        2.55579241e+02    1.2418975234e-06
       237           808        2.42081473e+02    1.1763098630e-06
       238           816        2.27887277e+02    1.1073381526e-06
       239           824        2.17814732e+02    1.0583941609e-06
       240           832        2.08226562e+02    1.0118038194e-06
       241           840        1.99671875e+02    9.7023532119e-07
       242           848        1.91667411e+02    9.3134043939e-07
       243           856        1.85189732e+02    8.9986443633e-07
       244           864        1.78331473e+02    8.6653913673e-07
       245           872        1.72768973e+02    8.3951012239e-07
       246           880        1.66570312e+02    8.0938990857e-07
       247           888        1.60993304e+02    7.8229039318e-07
       248           896        1.55401786e+02    7.5512037675e-07
       249           904        1.49074777e+02    7.2437649988e-07
       250           912        1.42225446e+02    6.9109458554e-07
       251           920        1.34233259e+02    6.5225935847e-07
       252           928        1.25265625e+02    6.0868429220e-07
       253           936        1.16041295e+02    5.6386189983e-07
       254           944        1.05065848e+02    5.1053057417e-07
       255           952        9.35011161e+01    4.5433582162e-07
       256           960        7.99720982e+01    3.8859631281e-07
       257           976        1.17036830e+02    2.8434967792e-07
       258           992        5.72444196e+01    1.3907957212e-07
       259          1008        1.22901786e+01    2.9859902287e-08
       260          1024        2.75669643e-01    6.6975988601e-10
