         2             2        4.92471240e+09    7.4193720032e-01
         3             3        8.08933390e+08    1.2187062441e-01
         4             4        2.99410655e+08    4.5107995178e-02
         5             5        1.46784214e+08    2.2113914545e-02
         6             6        7.90217571e+07    1.1905097495e-02
         7             7        5.16205220e+07    7.7769385328e-03
         8             8        3.66166888e+07    5.5165218583e-03
         9             9        2.61318493e+07    3.9369184507e-03
        10            10        2.02168868e+07    3.0457941871e-03
        11            11        1.60833353e+07    2.4230500753e-03
        12            12        1.30128173e+07    1.9604582841e-03
        13            13        1.08331691e+07    1.6320813305e-03
        14            14        9.19311422e+06    1.3849973114e-03
        15            15        7.88106613e+06    1.1873294668e-03
        16            16        6.87317251e+06    1.0354843005e-03
        17            17        6.04560800e+06    9.1080678638e-04
        18            18        5.37244274e+06    8.0939043909e-04
        19            19        4.81387730e+06    7.2523923418e-04
        20            20        4.34462400e+06    6.5454343423e-04
        21            21        3.94697165e+06    5.9463474405e-04
        22            22        3.60563449e+06    5.4321027150e-04
        23            23        3.31148028e+06    4.9889419202e-04
        24            24        3.05519788e+06    4.6028372338e-04
        25            25        2.83043147e+06    4.2642132886e-04
        26            26        2.63258092e+06    3.9661396689e-04
        27            27        2.45676035e+06    3.7012555320e-04
        28            28        2.30010112e+06    3.4652390801e-04
        29            29        2.15968276e+06    3.2536904771e-04
        30            30        2.03316968e+06    3.0630910035e-04
        31            31        1.91907400e+06    2.8911990773e-04
        32            32        1.81525250e+06    2.7347858068e-04
        33            33        1.72114438e+06    2.5930063385e-04
        34            34        1.63478289e+06    2.4628976061e-04
        35            35        1.55572843e+06    2.3437973692e-04
        36            36        1.48304389e+06    2.2342937899e-04
        37            37        1.41616370e+06    2.1335348046e-04
        38            38        1.35433848e+06    2.0403914303e-04
        39            39        1.29697960e+06    1.9539768767e-04
        40            40        1.24375433e+06    1.8737898346e-04
        41            41        1.19415452e+06    1.7990647717e-04
        42            42        1.14803055e+06    1.7295762774e-04
        43            43        1.10481921e+06    1.6644758291e-04
        44            44        1.06438524e+06    1.6035596413e-04
        45            45        1.02664070e+06    1.5466952442e-04
        46            46        9.90983412e+05    1.4929754251e-04
        47            47        9.57591422e+05    1.4426684070e-04
        48            48        9.26073598e+05    1.3951849319e-04
        49            49        8.96323547e+05    1.3503647109e-04
        50            50        8.68219307e+05    1.3080240025e-04
        51            51        8.41699391e+05    1.2680701720e-04
        52            52        8.16448619e+05    1.2300283840e-04
        53            53        7.92593879e+05    1.1940898001e-04
        54            54        7.69991410e+05    1.1600378355e-04
        55            55        7.48440777e+05    1.1275705259e-04
        56            56        7.27900979e+05    1.0966260991e-04
        57            57        7.08399450e+05    1.0672458863e-04
        58            58        6.89797012e+05    1.0392202082e-04
        59            59        6.72069888e+05    1.0125132422e-04
        60            60        6.55084007e+05    9.8692300161e-05
        61            61        6.38865974e+05    9.6248957167e-05
        62            62        6.23355040e+05    9.3912142722e-05
        63            63        6.08566423e+05    9.1684149623e-05
        64            64        5.94273194e+05    8.9530789730e-05
        65            66        1.14808501e+06    8.6482915796e-05
        66            68        1.09764766e+06    8.2683572446e-05
        67            70        1.05091551e+06    7.9163334955e-05
        68            72        1.00794310e+06    7.5926310044e-05
        69            74        9.67906465e+05    7.2910431666e-05
        70            76        9.30553195e+05    7.0096685561e-05
        71            78        8.95664190e+05    6.7468567506e-05
        72            80        8.63179012e+05    6.5021524951e-05
        73            82        8.32809369e+05    6.2733841327e-05
        74            84        8.04111204e+05    6.0572066728e-05
        75            86        7.77336944e+05    5.8555216002e-05
        76            88        7.51988742e+05    5.6645787336e-05
        77            90        7.28101481e+05    5.4846408383e-05
        78            92        7.05467632e+05    5.3141446402e-05
        79            94        6.84192625e+05    5.1538843281e-05
        80            96        6.64101838e+05    5.0025445042e-05
        81            98        6.44868684e+05    4.8576650544e-05
        82           100        6.26652856e+05    4.7204489143e-05
        83           102        6.09378776e+05    4.5903267692e-05
        84           104        5.93043325e+05    4.4672751295e-05
        85           106        5.77335776e+05    4.3489533467e-05
        86           108        5.62473916e+05    4.2370019732e-05
        87           110        5.48173312e+05    4.1292784242e-05
        88           112        5.34648722e+05    4.0274004267e-05
        89           114        5.21615314e+05    3.9292224031e-05
        90           116        5.09172737e+05    3.8354949931e-05
        91           118        4.97250913e+05    3.7456903125e-05
        92           120        4.85778664e+05    3.6592721876e-05
        93           122        4.74921751e+05    3.5774892636e-05
        94           124        4.64341499e+05    3.4977903686e-05
        95           126        4.54230363e+05    3.4216252299e-05
        96           128        4.44464480e+05    3.3480608146e-05
        97           130        4.35202064e+05    3.2782889106e-05
        98           132        4.26111321e+05    3.2098101928e-05
        99           134        4.17545766e+05    3.1452875975e-05
       100           136        4.09121806e+05    3.0818316161e-05
       101           138        4.00996507e+05    3.0206253853e-05
       102           140        3.93232579e+05    2.9621412938e-05
       103           142        3.85764615e+05    2.9058866330e-05
       104           144        3.78546373e+05    2.8515130780e-05
       105           146        3.71459826e+05    2.7981315572e-05
       106           148        3.64690673e+05    2.7471409008e-05
       107           150        3.58161271e+05    2.6979562409e-05
       108           152        3.51761306e+05    2.6497465991e-05
       109           154        3.45595289e+05    2.6032992451e-05
       110           156        3.39664038e+05    2.5586203330e-05
       111           158        3.33863285e+05    2.5149244341e-05
       112           160        3.28206691e+05    2.4723144602e-05
       113           162        3.22806494e+05    2.4316358754e-05
       114           164        3.17539675e+05    2.3919619942e-05
       115           166        3.12408040e+05    2.3533064278e-05
       116           168        3.07411907e+05    2.3156715722e-05
       117           170        3.02595219e+05    2.2793884335e-05
       118           172        2.97853138e+05    2.2436673036e-05
       119           174        2.93360304e+05    2.2098236897e-05
       120           176        2.88942929e+05    2.1765484995e-05
       121           178        2.84596385e+05    2.1438068683e-05
       122           180        2.80413354e+05    2.1122969420e-05
       123           182        2.76299089e+05    2.0813050216e-05
       124           184        2.72287456e+05    2.0510862049e-05
       125           186        2.68335201e+05    2.0213146650e-05
       126           188        2.64617446e+05    1.9933095743e-05
       127           190        2.60914233e+05    1.9654140203e-05
       128           192        2.57300554e+05    1.9381929039e-05
       129           196        5.03974767e+05    1.8981698700e-05
       130           200        4.90607015e+05    1.8478215863e-05
       131           204        4.77886939e+05    1.7999127099e-05
       132           208        4.65801664e+05    1.7543947484e-05
       133           212        4.54130225e+05    1.7104354580e-05
       134           216        4.42933719e+05    1.6682649506e-05
       135           220        4.32374923e+05    1.6284963167e-05
       136           224        4.22195924e+05    1.5901581493e-05
       137           228        4.12314504e+05    1.5529407839e-05
       138           232        4.03085573e+05    1.5181809474e-05
       139           236        3.93993065e+05    1.4839349384e-05
       140           240        3.85340625e+05    1.4513464013e-05
       141           244        3.77033670e+05    1.4200590960e-05
       142           248        3.69136637e+05    1.3903157242e-05
       143           252        3.61404007e+05    1.3611915550e-05
       144           256        3.53949113e+05    1.3331134525e-05
       145           260        3.46831922e+05    1.3063072747e-05
       146           264        3.39947866e+05    1.2803791764e-05
       147           268        3.33236816e+05    1.2551026860e-05
       148           272        3.26855107e+05    1.2310666271e-05
       149           276        3.20690566e+05    1.2078485072e-05
       150           280        3.14644225e+05    1.1850755790e-05
       151           284        3.08930580e+05    1.1635557140e-05
       152           288        3.03277583e+05    1.1422642710e-05
       153           292        2.97883828e+05    1.1219492415e-05
       154           296        2.92608517e+05    1.1020803160e-05
       155           300        2.87493980e+05    1.0828169315e-05
       156           304        2.82496146e+05    1.0639930975e-05
       157           308        2.77775664e+05    1.0462138800e-05
       158           312        2.73117798e+05    1.0286704996e-05
       159           316        2.68573151e+05    1.0115535462e-05
       160           320        2.64213583e+05    9.9513367495e-06
       161           324        2.59933042e+05    9.7901145430e-06
       162           328        2.55838501e+05    9.6358977958e-06
       163           332        2.51822751e+05    9.4846486429e-06
       164           336        2.47914965e+05    9.3374658554e-06
       165           340        2.44177711e+05    9.1967059545e-06
       166           344        2.40467333e+05    9.0569583153e-06
       167           348        2.36743148e+05    8.9166906945e-06
       168           352        2.33305973e+05    8.7872329741e-06
       169           356        2.29895118e+05    8.6587665815e-06
       170           360        2.26590919e+05    8.5343172465e-06
       171           364        2.23301240e+05    8.4104148379e-06
       172           368        2.20180842e+05    8.2928881940e-06
       173           372        2.17101647e+05    8.1769134660e-06
       174           376        2.14118183e+05    8.0645443081e-06
       175           380        2.11139780e+05    7.9523657820e-06
       176           384        2.08253912e+05    7.8436724779e-06
       177           388        2.05447834e+05    7.7379843899e-06
       178           392        2.02761270e+05    7.6367976947e-06
       179           396        2.00121685e+05    7.5373804082e-06
       180           400        1.97499204e+05    7.4386073188e-06
       181           404        1.94953055e+05    7.3427091769e-06
       182           408        1.92452509e+05    7.2485286558e-06
       183           412        1.89946998e+05    7.1541611178e-06
       184           416        1.87614744e+05    7.0663191597e-06
       185           420        1.85279597e+05    6.9783682030e-06
       186           424        1.82974708e+05    6.8915568762e-06
       187           428        1.80753698e+05    6.8079047843e-06
       188           432        1.78591344e+05    6.7264619207e-06
       189           436        1.76504557e+05    6.6478652101e-06
       190           440        1.74453205e+05    6.5706031330e-06
       191           444        1.72387062e+05    6.4927839568e-06
       192           448        1.70364750e+05    6.4166156065e-06
       193           456        3.34944177e+05    6.3076664521e-06
       194           464        3.27363617e+05    6.1649093931e-06
       195           472        3.20095198e+05    6.0280305642e-06
       196           480        3.13097831e+05    5.8962562144e-06
       197           488        3.06461632e+05    5.7712833457e-06
       198           496        3.00061174e+05    5.6507499723e-06
       199           504        2.93775479e+05    5.5323778013e-06
       200           512        2.87783728e+05    5.4195411854e-06
       201           520        2.82014453e+05    5.3108942466e-06
       202           528        2.76388594e+05    5.2049481014e-06
       203           536        2.71028108e+05    5.1039994754e-06
       204           544        2.65726695e+05    5.0041633032e-06
       205           552        2.60811641e+05    4.9116030270e-06
       206           560        2.55909499e+05    4.8192859274e-06
       207           568        2.51101500e+05    4.7287417254e-06
       208           576        2.46616318e+05    4.6442768103e-06
       209           584        2.42205873e+05    4.5612193344e-06
       210           592        2.37915190e+05    4.4804172209e-06
       211           600        2.33797324e+05    4.4028695953e-06
       212           608        2.29765994e+05    4.3269516307e-06
       213           616        2.25920913e+05    4.2545410827e-06
       214           624        2.22041749e+05    4.1814886917e-06
       215           632        2.18318511e+05    4.1113727045e-06
       216           640        2.14776483e+05    4.0446692593e-06
       217           648        2.11348902e+05    3.9801210685e-06
       218           656        2.07909712e+05    3.9153542711e-06
       219           664        2.04631979e+05    3.8536280208e-06
       220           672        2.01454163e+05    3.7937834146e-06
       221           680        1.98331948e+05    3.7349858756e-06
       222           688        1.95252239e+05    3.6769888224e-06
       223           696        1.92304722e+05    3.6214812073e-06
       224           704        1.89430461e+05    3.5673531408e-06
       225           712        1.86711504e+05    3.5161497712e-06
       226           720        1.83938497e+05    3.4639285071e-06
       227           728        1.81275642e+05    3.4137816417e-06
       228           736        1.78741188e+05    3.3660528168e-06
       229           744        1.76182118e+05    3.3178604433e-06
       230           752        1.73678787e+05    3.2707177221e-06
       231           760        1.71261103e+05    3.2251879108e-06
       232           768        1.68932225e+05    3.1813305107e-06
       233           776        1.66593324e+05    3.1372843283e-06
       234           784        1.64394999e+05    3.0958854912e-06
       235           792        1.62263911e+05    3.0557528534e-06
       236           800        1.60083566e+05    3.0146926139e-06
       237           808        1.57996698e+05    2.9753927243e-06
       238           816        1.56004222e+05    2.9378704403e-06
       239           824        1.53961060e+05    2.8993936308e-06
       240           832        1.51990329e+05    2.8622808376e-06
       241           840        1.50097244e+05    2.8266302772e-06
       242           848        1.48230374e+05    2.7914733841e-06
       243           856        1.46334352e+05    2.7557675047e-06
       244           864        1.44597487e+05    2.7230588758e-06
       245           872        1.42857052e+05    2.6902830318e-06
       246           880        1.41139821e+05    2.6579441489e-06
       247           888        1.39423824e+05    2.6256284907e-06
       248           896        1.37729719e+05    2.5937251186e-06
       249           904        1.36112299e+05    2.5632658830e-06
       250           912        1.34493252e+05    2.5327760034e-06
       251           920        1.33032010e+05    2.5052579005e-06
       252           928        1.31518701e+05    2.4767592730e-06
       253           936        1.30048525e+05    2.4490729222e-06
       254           944        1.28559785e+05    2.4210369816e-06
       255           952        1.27084652e+05    2.3932572906e-06
       256           960        1.25701951e+05    2.3672182769e-06
       257           976        2.47249152e+05    2.3280971651e-06
       258           992        2.41974818e+05    2.2784340570e-06
       259          1008        2.36853244e+05    2.2302093370e-06
       260          1024        2.31892801e+05    2.1835018220e-06
       261          1040        2.27288346e+05    2.1401462861e-06
       262          1056        2.22609554e+05    2.0960907929e-06
       263          1072        2.18159235e+05    2.0541866131e-06
       264          1088        2.13901496e+05    2.0140957483e-06
       265          1104        2.09675271e+05    1.9743016345e-06
       266          1120        2.05726163e+05    1.9371168446e-06
       267          1136        2.01818799e+05    1.9003251201e-06
       268          1152        1.98076977e+05    1.8650921319e-06
       269          1168        1.94409681e+05    1.8305608876e-06
       270          1184        1.90894295e+05    1.7974600236e-06
       271          1200        1.87497864e+05    1.7654792428e-06
       272          1216        1.84129644e+05    1.7337640961e-06
       273          1232        1.80895031e+05    1.7033069938e-06
       274          1248        1.77877781e+05    1.6748965781e-06
       275          1264        1.74789717e+05    1.6458193712e-06
       276          1280        1.71892586e+05    1.6185399996e-06
       277          1296        1.69053301e+05    1.5918053055e-06
       278          1312        1.66290544e+05    1.5657911875e-06
       279          1328        1.63584614e+05    1.5403121628e-06
       280          1344        1.60905223e+05    1.5150830299e-06
       281          1360        1.58393294e+05    1.4914307085e-06
       282          1376        1.55860963e+05    1.4675862946e-06
       283          1392        1.53465752e+05    1.4450329966e-06
       284          1408        1.51130501e+05    1.4230442801e-06
       285          1424        1.48799167e+05    1.4010924499e-06
       286          1440        1.46555526e+05    1.3799663270e-06
       287          1456        1.44312452e+05    1.3588455531e-06
       288          1472        1.42238637e+05    1.3393185207e-06
       289          1488        1.40139508e+05    1.3195531249e-06
       290          1504        1.38205682e+05    1.3013442269e-06
       291          1520        1.36153833e+05    1.2820240206e-06
       292          1536        1.34226532e+05    1.2638765683e-06
       293          1552        1.32336057e+05    1.2460758580e-06
       294          1568        1.30505517e+05    1.2288394980e-06
       295          1584        1.28696040e+05    1.2118014729e-06
       296          1600        1.26927030e+05    1.1951444804e-06
       297          1616        1.25247661e+05    1.1793315437e-06
       298          1632        1.23593508e+05    1.1637560456e-06
       299          1648        1.21981003e+05    1.1485727091e-06
       300          1664        1.20322454e+05    1.1329558164e-06
       301          1680        1.18767177e+05    1.1183113355e-06
       302          1696        1.17246567e+05    1.1039932724e-06
       303          1712        1.15779510e+05    1.0901794694e-06
       304          1728        1.14279465e+05    1.0760550542e-06
       305          1744        1.12887689e+05    1.0629500888e-06
       306          1760        1.11423210e+05    1.0491605615e-06
       307          1776        1.10123710e+05    1.0369244739e-06
       308          1792        1.08750179e+05    1.0239913084e-06
       309          1808        1.07421041e+05    1.0114761564e-06
       310          1824        1.06126734e+05    9.9928896685e-07
       311          1840        1.04883622e+05    9.8758382171e-07
       312          1856        1.03645785e+05    9.7592835226e-07
       313          1872        1.02430396e+05    9.6448425932e-07
       314          1888        1.01188385e+05    9.5278948649e-07
       315          1904        1.00076260e+05    9.4231772131e-07
       316          1920        9.89476462e+04    9.3169069727e-07
       317          1936        9.77703371e+04    9.2060515833e-07
       318          1952        9.66917176e+04    9.1044888158e-07
       319          1968        9.55712779e+04    8.9989882490e-07
       320          1984        9.45630145e+04    8.9040502026e-07
       321          2016        1.86039739e+05    8.7587477139e-07
       322          2048        1.81985665e+05    8.5678819955e-07
       323          2080        1.78102142e+05    8.3850457786e-07
       324          2112        1.74399623e+05    8.2107312489e-07
       325          2144        1.70703434e+05    8.0367147522e-07
       326          2176        1.67300783e+05    7.8765180171e-07
       327          2208        1.63984273e+05    7.7203767810e-07
       328          2240        1.60644932e+05    7.5631606396e-07
       329          2272        1.57521010e+05    7.4160864513e-07
       330          2304        1.54513041e+05    7.2744713342e-07
       331          2336        1.51593391e+05    7.1370142307e-07
       332          2368        1.48779725e+05    7.0045469224e-07
       333          2400        1.46082569e+05    6.8775648524e-07
       334          2432        1.43361282e+05    6.7494467151e-07
       335          2464        1.40721473e+05    6.6251645455e-07
       336          2496        1.38184208e+05    6.5057101234e-07
       337          2528        1.35700061e+05    6.3887565626e-07
       338          2560        1.33435203e+05    6.2821270746e-07
       339          2592        1.31184549e+05    6.1761663221e-07
       340          2624        1.28904950e+05    6.0688428247e-07
       341          2656        1.26721225e+05    5.9660331207e-07
       342          2688        1.24456069e+05    5.8593896033e-07
       343          2720        1.22492804e+05    5.7669590913e-07
       344          2752        1.20478583e+05    5.6721296020e-07
       345          2784        1.18573581e+05    5.5824421822e-07
       346          2816        1.16631681e+05    5.4910175319e-07
       347          2848        1.14823302e+05    5.4058791103e-07
       348          2880        1.13045484e+05    5.3221794656e-07
       349          2912        1.11336276e+05    5.2417099491e-07
       350          2944        1.09570396e+05    5.1585723742e-07
       351          2976        1.07926673e+05    5.0811859134e-07
       352          3008        1.06292096e+05    5.0042300559e-07
       353          3040        1.04762541e+05    4.9322186474e-07
       354          3072        1.03177586e+05    4.8575989764e-07
       355          3104        1.01724185e+05    4.7891728978e-07
       356          3136        1.00205342e+05    4.7176657601e-07
       357          3168        9.87878002e+04    4.6509279403e-07
       358          3200        9.74008560e+04    4.5856306313e-07
       359          3232        9.60002891e+04    4.5196919626e-07
       360          3264        9.47184308e+04    4.4593420978e-07
       361          3296        9.33772511e+04    4.3961993811e-07
       362          3328        9.20885502e+04    4.3355273651e-07
       363          3360        9.08549833e+04    4.2774510536e-07
       364          3392        8.97473850e+04    4.2253053487e-07
       365          3424        8.85299754e+04    4.1679897257e-07
       366          3456        8.73238493e+04    4.1112053288e-07
       367          3488        8.62509375e+04    4.0606926583e-07
       368          3520        8.50750792e+04    4.0053332716e-07
       369          3552        8.40316127e+04    3.9562068858e-07
       370          3584        8.29413951e+04    3.9048794583e-07
       371          3616        8.18480201e+04    3.8534033821e-07
       372          3648        8.08765826e+04    3.8076681212e-07
       373          3680        7.98773772e+04    3.7606255502e-07
       374          3712        7.89312199e+04    3.7160804776e-07
       375          3744        7.79026083e+04    3.6676534608e-07
       376          3776        7.69650658e+04    3.6235139801e-07
       377          3808        7.61008449e+04    3.5828264711e-07
       378          3840        7.52033225e+04    3.5405711356e-07
       379          3872        7.42115078e+04    3.4938765151e-07
       380          3904        7.33618560e+04    3.4538749236e-07
       381          3936        7.25115536e+04    3.4138426985e-07
       382          3968        7.16943281e+04    3.3753677385e-07
       383          4000        7.09410246e+04    3.3399022193e-07
       384          4032        7.01271060e+04    3.3015829490e-07
       385          4096        1.37824379e+05    3.2443847107e-07
       386          4160        1.34791194e+05    3.1729835555e-07
       387          4224        1.31854156e+05    3.1038457074e-07
       388          4288        1.29077502e+05    3.0384832957e-07
       389          4352        1.26304010e+05    2.9731953134e-07
       390          4416        1.23676527e+05    2.9113443800e-07
       391          4480        1.21151756e+05    2.8519112875e-07
       392          4544        1.18681008e+05    2.7937499062e-07
       393          4608        1.16353304e+05    2.7389557683e-07
       394          4672        1.14032334e+05    2.6843201576e-07
       395          4736        1.11794934e+05    2.6316517913e-07
       396          4800        1.09606537e+05    2.5801369371e-07
       397          4864        1.07463272e+05    2.5296845089e-07
       398          4928        1.05486176e+05    2.4831436865e-07
       399          4992        1.03563640e+05    2.4378871860e-07
       400          5056        1.01636456e+05    2.3925213138e-07
       401          5120        9.99058025e+04    2.3517817331e-07
       402          5184        9.80652165e+04    2.3084543559e-07
       403          5248        9.63459900e+04    2.2679837774e-07
       404          5312        9.46555670e+04    2.2281912346e-07
       405          5376        9.30447054e+04    2.1902715662e-07
       406          5440        9.14903248e+04    2.1536814607e-07
       407          5504        8.99012522e+04    2.1162747066e-07
       408          5568        8.83994431e+04    2.0809221321e-07
       409          5632        8.68785435e+04    2.0451201696e-07
       410          5696        8.55072277e+04    2.0128394063e-07
       411          5760        8.40954018e+04    1.9796050369e-07
       412          5824        8.27804609e+04    1.9486513406e-07
       413          5888        8.14428337e+04    1.9171636070e-07
       414          5952        8.01209855e+04    1.8860473114e-07
       415          6016        7.89301574e+04    1.8580152276e-07
       416          6080        7.77041864e+04    1.8291558811e-07
       417          6144        7.65106897e+04    1.8010609802e-07
       418          6208        7.53266429e+04    1.7731885269e-07
       419          6272        7.42668382e+04    1.7482407337e-07
       420          6336        7.31428248e+04    1.7217814680e-07
       421          6400        7.21419621e+04    1.6982211681e-07
       422          6464        7.10193002e+04    1.6717937182e-07
       423          6528        7.00265112e+04    1.6484234722e-07
       424          6592        6.90438237e+04    1.6252910169e-07
       425          6656        6.81066752e+04    1.6032305507e-07
       426          6720        6.71569163e+04    1.5808732337e-07
       427          6784        6.62497768e+04    1.5595191774e-07
       428          6848        6.52826496e+04    1.5367530107e-07
       429          6912        6.43992913e+04    1.5159587648e-07
       430          6976        6.36127254e+04    1.4974430115e-07
       431          7040        6.27100458e+04    1.4761939394e-07
       432          7104        6.18690346e+04    1.4563965439e-07
       433          7168        6.11222857e+04    1.4388180816e-07
       434          7232        6.03026272e+04    1.4195233279e-07
       435          7296        5.95310089e+04    1.4013594397e-07
       436          7360        5.86873214e+04    1.3814990432e-07
       437          7424        5.79521317e+04    1.3641926832e-07
       438          7488        5.72989487e+04    1.3488167601e-07
       439          7552        5.65966317e+04    1.3322842248e-07
       440          7616        5.58972701e+04    1.3158212586e-07
       441          7680        5.51871306e+04    1.2991045806e-07
       442          7744        5.45516507e+04    1.2841453890e-07
       443          7808        5.38814498e+04    1.2683688657e-07
       444          7872        5.32559442e+04    1.2536444697e-07
       445          7936        5.25532478e+04    1.2371030018e-07
       446          8000        5.19495201e+04    1.2228912574e-07
       447          8064        5.13451507e+04    1.2086644065e-07
       448          8128        5.07805167e+04    1.1953729286e-07
       449          8256        9.98559799e+04    1.1753044554e-07
       450          8384        9.75868538e+04    1.1485968507e-07
       451          8512        9.53867533e+04    1.1227016779e-07
       452          8640        9.33342478e+04    1.0985436960e-07
       453          8768        9.13131004e+04    1.0747548007e-07
       454          8896        8.94141272e+04    1.0524038941e-07
       455          9024        8.74990725e+04    1.0298637087e-07
       456          9152        8.56577109e+04    1.0081908905e-07
       457          9280        8.39313092e+04    9.8787114885e-08
       458          9408        8.22653549e+04    9.6826287458e-08
       459          9536        8.06497221e+04    9.4924688330e-08
       460          9664        7.91069520e+04    9.3108848596e-08
       461          9792        7.75024699e+04    9.1220373802e-08
       462          9920        7.60544933e+04    8.9516106009e-08
       463         10048        7.46517935e+04    8.7865128973e-08
       464         10176        7.31495882e+04    8.6097033912e-08
       465         10304        7.19231752e+04    8.4653546400e-08
       466         10432        7.05809743e+04    8.3073776524e-08
       467         10560        6.93072455e+04    8.1574598279e-08
       468         10688        6.80301038e+04    8.0071402998e-08
       469         10816        6.68349531e+04    7.8664711172e-08
       470         10944        6.57086496e+04    7.7339052351e-08
       471         11072        6.45715826e+04    7.6000725022e-08
       472         11200        6.34829710e+04    7.4719429627e-08
       473         11328        6.24730324e+04    7.3530732309e-08
       474         11456        6.13854799e+04    7.2250683535e-08
       475         11584        6.04110949e+04    7.1103832755e-08
       476         11712        5.94056741e+04    6.9920452953e-08
       477         11840        5.84673817e+04    6.8816083188e-08
       478         11968        5.75570725e+04    6.7744649707e-08
       479         12096        5.66853504e+04    6.6718633171e-08
       480         12224        5.58372199e+04    6.5720383842e-08
       481         12352        5.49495100e+04    6.4675549762e-08
       482         12480        5.41133683e+04    6.3691411292e-08
       483         12608        5.32472355e+04    6.2671973343e-08
       484         12736        5.24694386e+04    6.1756506754e-08
       485         12864        5.17254241e+04    6.0880801996e-08
       486         12992        5.09427288e+04    5.9959569949e-08
       487         13120        5.03033783e+04    5.9207054748e-08
       488         13248        4.95268047e+04    5.8293027882e-08
       489         13376        4.88254777e+04    5.7467566293e-08
       490         13504        4.81294888e+04    5.6648387728e-08
       491         13632        4.74435714e+04    5.5841063229e-08
       492         13760        4.67829029e+04    5.5063456657e-08
       493         13888        4.61710424e+04    5.4343297121e-08
       494         14016        4.55724453e+04    5.3638748593e-08
       495         14144        4.49005134e+04    5.2847885012e-08
       496         14272        4.43732422e+04    5.2227287029e-08
       497         14400        4.37272031e+04    5.1466899330e-08
       498         14528        4.32147098e+04    5.0863694931e-08
       499         14656        4.26350246e+04    5.0181405619e-08
       500         14784        4.20890536e+04    4.9538798007e-08
       501         14912        4.15391797e+04    4.8891596682e-08
       502         15040        4.09855346e+04    4.8239956649e-08
       503         15168        4.05360859e+04    4.7710955768e-08
       504         15296        4.00177020e+04    4.7100818106e-08
       505         15424        3.95733929e+04    4.6577866425e-08
       506         15552        3.90217801e+04    4.5928618487e-08
       507         15680        3.85894810e+04    4.5419802623e-08
       508         15808        3.82151540e+04    4.4979219894e-08
       509         15936        3.76222444e+04    4.4281365551e-08
       510         16064        3.72499330e+04    4.3843155212e-08
       511         16192        3.67982556e+04    4.3311531040e-08
       512         16320        3.63681183e+04    4.2805259650e-08
       513         16576        7.14959208e+04    4.2075334039e-08
       514         16832        6.98960045e+04    4.1133783643e-08
       515         17088        6.82725714e+04    4.0178393649e-08
       516         17344        6.68702634e+04    3.9353135671e-08
       517         17600        6.54070179e+04    3.8492015987e-08
       518         17856        6.40340045e+04    3.7683997900e-08
       519         18112        6.26720201e+04    3.6882470387e-08
       520         18368        6.13468795e+04    3.6102625413e-08
       521         18624        6.00288884e+04    3.5326987950e-08
       522         18880        5.88307533e+04    3.4621885733e-08
       523         19136        5.76810826e+04    3.3945304738e-08
       524         19392        5.66217031e+04    3.3321860150e-08
       525         19648        5.54961551e+04    3.2659475399e-08
       526         19904        5.43951652e+04    3.2011543046e-08
       527         20160        5.33622790e+04    3.1403689762e-08
       528         20416        5.24142400e+04    3.0845768977e-08
       529         20672        5.13813114e+04    3.0237890734e-08
       530         20928        5.04241116e+04    2.9674578871e-08
       531         21184        4.95145714e+04    2.9139314671e-08
       532         21440        4.85838527e+04    2.8591586886e-08
       533         21696        4.77887935e+04    2.8123694746e-08
       534         21952        4.68918516e+04    2.7595844592e-08
       535         22208        4.60992902e+04    2.7129422387e-08
       536         22464        4.53004487e+04    2.6659304325e-08
       537         22720        4.44818984e+04    2.6177587694e-08
       538         22976        4.37907266e+04    2.5770833194e-08
       539         23232        4.29961116e+04    2.5303202463e-08
       540         23488        4.23322522e+04    2.4912521363e-08
       541         23744        4.15458203e+04    2.4449706347e-08
       542         24000        4.09411518e+04    2.4093859049e-08
       543         24256        4.02573616e+04    2.3691448675e-08
       544         24512        3.96177545e+04    2.3315040009e-08
       545         24768        3.89324531e+04    2.2911740318e-08
       546         25024        3.83165960e+04    2.2549308521e-08
       547         25280        3.77679074e+04    2.2226405388e-08
       548         25536        3.71713426e+04    2.1875327171e-08
       549         25792        3.65809844e+04    2.1527901462e-08
       550         26048        3.59887288e+04    2.1179359180e-08
       551         26304        3.54499621e+04    2.0862295069e-08
       552         26560        3.48951763e+04    2.0535803795e-08
       553         26816        3.44442679e+04    2.0270444250e-08
       554         27072        3.38588717e+04    1.9925938708e-08
       555         27328        3.33824364e+04    1.9645556655e-08
       556         27584        3.29519754e+04    1.9392230486e-08
       557         27840        3.23860458e+04    1.9059180986e-08
       558         28096        3.19492422e+04    1.8802122178e-08
       559         28352        3.14122500e+04    1.8486102391e-08
       560         28608        3.09789051e+04    1.8231079030e-08
       561         28864        3.05544788e+04    1.7981304220e-08
       562         29120        3.01530592e+04    1.7745068847e-08
       563         29376        2.97282578e+04    1.7495073349e-08
       564         29632        2.93242210e+04    1.7257297761e-08
       565         29888        2.88384598e+04    1.6971427422e-08
       566         30144        2.84484007e+04    1.6741877695e-08
       567         30400        2.81211886e+04    1.6549313472e-08
       568         30656        2.77185926e+04    1.6312385823e-08
       569         30912        2.72987087e+04    1.6065284221e-08
       570         31168        2.69488973e+04    1.5859420296e-08
       571         31424        2.66582031e+04    1.5688346824e-08
       572         31680        2.62788393e+04    1.5465091286e-08
       573         31936        2.58822679e+04    1.5231709085e-08
       574         32192        2.55460759e+04    1.5033860186e-08
       575         32448        2.52778951e+04    1.4876035841e-08
       576         32704        2.49638080e+04    1.4691195677e-08
       577         33216        4.89254498e+04    1.4396308352e-08
       578         33728        4.77054676e+04    1.4037328738e-08
       579         34240        4.65127846e+04    1.3686381882e-08
       580         34752        4.54534933e+04    1.3374685532e-08
       581         35264        4.42690134e+04    1.3026152446e-08
       582         35776        4.32980346e+04    1.2740442039e-08
       583         36288        4.22255647e+04    1.2424867896e-08
       584         36800        4.13329487e+04    1.2162215713e-08
       585         37312        4.03729029e+04    1.1879722351e-08
       586         37824        3.95544330e+04    1.1638887681e-08
       587         38336        3.87155413e+04    1.1392043876e-08
       588         38848        3.79281864e+04    1.1160364778e-08
       589         39360        3.70858147e+04    1.0912497010e-08
       590         39872        3.63080681e+04    1.0683645141e-08
       591         40384        3.55316853e+04    1.0455194581e-08
       592         40896        3.48968516e+04    1.0268394832e-08
       593         41408        3.42657411e+04    1.0082690637e-08
       594         41920        3.35911306e+04    9.8841865726e-09
       595         42432        3.30098382e+04    9.7131413431e-09
       596         42944        3.24272221e+04    9.5417066265e-09
       597         43456        3.18684576e+04    9.3772902297e-09
       598         43968        3.13144386e+04    9.2142702062e-09
       599         44480        3.07848839e+04    9.0584487961e-09
       600         44992        3.02166897e+04    8.8912577147e-09
       601         45504        2.97653114e+04    8.7584396842e-09
       602         46016        2.93221830e+04    8.6280492152e-09
       603         46528        2.87902109e+04    8.4715164823e-09
       604         47040        2.84753036e+04    8.3788550236e-09
       605         47552        2.80384185e+04    8.2503016461e-09
       606         48064        2.75780770e+04    8.1148462038e-09
       607         48576        2.72190145e+04    8.0091921016e-09
       608         49088        2.68549085e+04    7.9020539423e-09
       609         49600        2.64498594e+04    7.7828682859e-09
       610         50112        2.61192656e+04    7.6855911104e-09
       611         50624        2.57969107e+04    7.5907382125e-09
       612         51136        2.54969018e+04    7.5024606174e-09
       613         51648        2.51820413e+04    7.4098129517e-09
       614         52160        2.48808382e+04    7.3211839644e-09
       615         52672        2.45935525e+04    7.2366501738e-09
       616         53184        2.42729464e+04    7.1423118848e-09
       617         53696        2.39839621e+04    7.0572782634e-09
       618         54208        2.37309587e+04    6.9828320553e-09
       619         54720        2.34517210e+04    6.9006663852e-09
       620         55232        2.31527254e+04    6.8126869809e-09
       621         55744        2.29066708e+04    6.7402854154e-09
       622         56256        2.26215279e+04    6.6563821603e-09
       623         56768        2.24056350e+04    6.5928557102e-09
       624         57280        2.21620681e+04    6.5211861571e-09
       625         57792        2.19496886e+04    6.4586935225e-09
       626         58304        2.17293951e+04    6.3938721758e-09
       627         58816        2.14651183e+04    6.3161087600e-09
       628         59328        2.12434051e+04    6.2508696836e-09
       629         59840        2.10253761e+04    6.1867146684e-09
       630         60352        2.07537935e+04    6.1068015206e-09
       631         60864        2.05501150e+04    6.0468691228e-09
       632         61376        2.03471150e+04    5.9871363946e-09
       633         61888        2.01113750e+04    5.9177699380e-09
       634         62400        1.99289799e+04    5.8641002025e-09
       635         62912        1.97210781e+04    5.8029251244e-09
       636         63424        1.95314375e+04    5.7471233908e-09
       637         63936        1.93238884e+04    5.6860520883e-09
       638         64448        1.91016975e+04    5.6206724550e-09
       639         64960        1.88451674e+04    5.5451884906e-09
       640         65472        1.86831864e+04    5.4975255908e-09
       641         66496        3.66113036e+04    5.3864360758e-09
       642         67520        3.58859866e+04    5.2797238563e-09
       643         68544        3.50340246e+04    5.1543789848e-09
       644         69568        3.43957121e+04    5.0604672924e-09
       645         70592        3.35128683e+04    4.9305789530e-09
       646         71616        3.28037522e+04    4.8262502890e-09
       647         72640        3.19971339e+04    4.7075766143e-09
       648         73664        3.12288259e+04    4.5945393358e-09
       649         74688        3.05694107e+04    4.4975229130e-09
       650         75712        2.97246953e+04    4.3732442048e-09
       651         76736        2.89866942e+04    4.2646658301e-09
       652         77760        2.83062868e+04    4.1645609328e-09
       653         78784        2.75287288e+04    4.0501627485e-09
       654         79808        2.68117757e+04    3.9446810584e-09
       655         80832        2.60565770e+04    3.8335724959e-09
       656         81856        2.53833594e+04    3.7345253876e-09
       657         82880        2.46584565e+04    3.6278740870e-09
       658         83904        2.39221607e+04    3.5195466130e-09
       659         84928        2.31923304e+04    3.4121703608e-09
       660         85952        2.25617299e+04    3.3193933039e-09
       661         86976        2.19053962e+04    3.2228302427e-09
       662         88000        2.12819286e+04    3.1311026005e-09
       663         89024        2.06190391e+04    3.0335750170e-09
       664         90048        1.99120737e+04    2.9295627701e-09
       665         91072        1.93544833e+04    2.8475273122e-09
       666         92096        1.86446551e+04    2.7430938873e-09
       667         93120        1.80209821e+04    2.6513360319e-09
       668         94144        1.74494252e+04    2.5672457508e-09
       669         95168        1.67758527e+04    2.4681464262e-09
       670         96192        1.61023705e+04    2.3690604021e-09
       671         97216        1.55205703e+04    2.2834630754e-09
       672         98240        1.49289866e+04    2.1964263545e-09
       673         99264        1.43670759e+04    2.1137552707e-09
       674        100288        1.37454754e+04    2.0223023384e-09
       675        101312        1.31918013e+04    1.9408430650e-09
       676        102336        1.26278694e+04    1.8578746116e-09
       677        103360        1.20994509e+04    1.7801310641e-09
       678        104384        1.15580636e+04    1.7004794901e-09
       679        105408        1.10311150e+04    1.6229521966e-09
       680        106432        1.04606138e+04    1.5390172505e-09
       681        107456        9.93309152e+03    1.4614055572e-09
       682        108480        9.42756808e+03    1.3870304485e-09
       683        109504        8.94937500e+03    1.3166763172e-09
       684        110528        8.45451004e+03    1.2438693372e-09
       685        111552        8.01129911e+03    1.1786619518e-09
       686        112576        7.61472768e+03    1.1203164016e-09
       687        113600        7.15648996e+03    1.0528982011e-09
       688        114624        6.71975670e+03    9.8864384382e-10
       689        115648        6.33791295e+03    9.3246510256e-10
       690        116672        5.94780692e+03    8.7507077428e-10
       691        117696        5.57002344e+03    8.1948939972e-10
       692        118720        5.19845871e+03    7.6482295841e-10
       693        119744        4.86125112e+03    7.1521130991e-10
       694        120768        4.52960714e+03    6.6641820813e-10
       695        121792        4.19736830e+03    6.1753758670e-10
       696        122816        3.89709040e+03    5.7335921650e-10
       697        123840        3.60092299e+03    5.2978560207e-10
       698        124864        3.37147879e+03    4.9602863697e-10
       699        125888        3.07506473e+03    4.5241873391e-10
       700        126912        2.85404241e+03    4.1990083671e-10
       701        127936        2.61445312e+03    3.8465127589e-10
       702        128960        2.39991183e+03    3.5308689942e-10
       703        129984        2.19053013e+03    3.2228162855e-10
       704        131008        1.99350781e+03    2.9329473007e-10
       705        133056        3.48448103e+03    2.5632704216e-10
       706        135104        2.88322433e+03    2.1209711254e-10
       707        137152        2.37156808e+03    1.7445841336e-10
       708        139200        1.89025893e+03    1.3905212178e-10
       709        141248        1.50901228e+03    1.1100667517e-10
       710        143296        1.17758371e+03    8.6625969769e-11
       711        145344        9.06527902e+02    6.6686434482e-11
       712        147392        6.90435268e+02    5.0790125890e-11
       713        149440        5.11848214e+02    3.7652820547e-11
       714        151488        3.92911830e+02    2.8903565992e-11
       715        153536        2.92428571e+02    2.1511768949e-11
       716        155584        2.19593750e+02    1.6153859350e-11
       717        157632        1.56003348e+02    1.1475992122e-11
       718        159680        1.02033482e+02    7.5058352959e-12
       719        161728        7.42421875e+01    5.4614389285e-12
       720        163776        4.72555804e+01    3.4762373637e-12
       721        165824        3.22622768e+01    2.3732928715e-12
       722        167872        2.09051339e+01    1.5378333544e-12
       723        169920        1.41238839e+01    1.0389878330e-12
       724        171968        8.62723214e+00    6.3464053332e-13
       725        174016        5.42187500e+00    3.9884653439e-13
       726        176064        2.82812500e+00    2.0804386953e-13
       727        178112        1.97433036e+00    1.4523662399e-13
       728        180160        1.32254464e+00    9.7289654849e-14
       729        182208        1.44754464e+00    1.0648496400e-13
       730        184256        5.98214286e-01    4.4006122362e-14
       731        186304        2.80133929e-01    2.0607344614e-14
       732        188352        3.78348214e-01    2.7832230375e-14
       733        190400        2.12053571e-01    1.5599185166e-14
       734        192448        1.32812500e-01    9.7700159722e-15
       735        194496        6.69642857e-03    4.9260584734e-16
       736        196544        1.11607143e-03    8.2100974556e-17
       737        198592        1.11607143e-03    8.2100974556e-17
       738        200640        2.23214286e-03    1.6420194911e-16
       739        202688        0.00000000e+00    0.0000000000e+00
       740        204736        0.00000000e+00    0.0000000000e+00
       741        206784        0.00000000e+00    0.0000000000e+00
       742        208832        1.11607143e-03    8.2100974556e-17
