         2             2        1.18582884e+06    7.6108308609e-01
         3             3        1.90357410e+05    1.2217429731e-01
         4             4        6.90222902e+04    4.4299561645e-02
         5             5        3.31867969e+04    2.1299793881e-02
         6             6        1.75364900e+04    1.1255187503e-02
         7             7        1.12469688e+04    7.2184765845e-03
         8             8        7.81247321e+03    5.0141648135e-03
         9             9        5.45858817e+03    3.5034053853e-03
        10            10        4.13382478e+03    2.6531519753e-03
        11            11        3.20842188e+03    2.0592142374e-03
        12            12        2.52945201e+03    1.6234409914e-03
        13            13        2.04429129e+03    1.3120574237e-03
        14            14        1.67981362e+03    1.0781300743e-03
        15            15        1.38997656e+03    8.9210821977e-04
        16            16        1.16438951e+03    7.4732299807e-04
        17            17        9.75638393e+02    6.2617964452e-04
        18            18        8.26572545e+02    5.3050690293e-04
        19            19        7.02102679e+02    4.5062023891e-04
        20            20        5.99304688e+02    3.8464291578e-04
        21            21        5.15175223e+02    3.3064733870e-04
        22            22        4.48630580e+02    2.8793796901e-04
        23            23        3.95582589e+02    2.5389095688e-04
        24            24        3.59593750e+02    2.3079276932e-04
        25            25        3.34919643e+02    2.1495654993e-04
        26            26        3.19176339e+02    2.0485225688e-04
        27            27        3.11001116e+02    1.9960527356e-04
        28            28        3.07806920e+02    1.9755518944e-04
        29            29        3.07056920e+02    1.9707382796e-04
        30            30        3.05526786e+02    1.9609176460e-04
        31            31        3.04989955e+02    1.9574721867e-04
        32            32        3.00505580e+02    1.9286907820e-04
        33            33        2.94148438e+02    1.8878896667e-04
        34            34        2.83268973e+02    1.8180636007e-04
        35            35        2.71007812e+02    1.7393695957e-04
        36            36        2.58631696e+02    1.6599377896e-04
        37            37        2.44368304e+02    1.5683931524e-04
        38            38        2.32599330e+02    1.4928580821e-04
        39            39        2.24659598e+02    1.4418996667e-04
        40            40        2.20832589e+02    1.4173373380e-04
        41            41        2.20000000e+02    1.4119936526e-04
        42            42        2.20575893e+02    1.4156898210e-04
        43            43        2.25012277e+02    1.4441632117e-04
        44            44        2.30003348e+02    1.4761966716e-04
        45            45        2.36123884e+02    1.5154792061e-04
        46            46        2.42500000e+02    1.5564020943e-04
        47            47        2.49554688e+02    1.6016801578e-04
        48            48        2.59121652e+02    1.6630823980e-04
        49            49        2.67587054e+02    1.7174146416e-04
        50            50        2.80606027e+02    1.8009724032e-04
        51            51        2.94578125e+02    1.8906474668e-04
        52            52        3.11559152e+02    1.9996342942e-04
        53            53        3.32714286e+02    2.1354111798e-04
        54            54        3.58335938e+02    2.2998548602e-04
        55            55        3.90523438e+02    2.5064391588e-04
        56            56        4.33445312e+02    2.7819183182e-04
        57            57        4.90877232e+02    3.1505251636e-04
        58            58        5.67279018e+02    3.6408835112e-04
        59            59        6.74881696e+02    4.3314939618e-04
        60            60        8.31944196e+02    5.3395451121e-04
        61            61        1.05965179e+03    6.8010072517e-04
        62            62        1.34040402e+03    8.6029180233e-04
        63            63        1.50957478e+03    9.6886818315e-04
        64            64        1.11068192e+03    7.1285264572e-04
