         2             2        3.07591880e+08    7.4349967644e-01
         3             3        5.04714848e+07    1.2199779985e-01
         4             4        1.86648322e+07    4.5115939589e-02
         5             5        9.14406124e+06    2.2102685441e-02
         6             6        4.91996954e+06    1.1892367778e-02
         7             7        3.21219670e+06    7.7644026434e-03
         8             8        2.27737091e+06    5.5047764283e-03
         9             9        1.62473892e+06    3.9272586124e-03
        10            10        1.25643658e+06    3.0370118618e-03
        11            11        9.99139860e+05    2.4150837881e-03
        12            12        8.08134135e+05    1.9533918377e-03
        13            13        6.72533724e+05    1.6256235577e-03
        14            14        5.70528831e+05    1.3790611165e-03
        15            15        4.88953419e+05    1.1818800560e-03
        16            16        4.26295263e+05    1.0304250889e-03
        17            17        3.74862890e+05    9.0610466365e-04
        18            18        3.33058685e+05    8.0505709270e-04
        19            19        2.98368900e+05    7.2120623017e-04
        20            20        2.69243933e+05    6.5080644206e-04
        21            21        2.44497359e+05    5.9098994267e-04
        22            22        2.23311017e+05    5.3977910157e-04
        23            23        2.05053532e+05    4.9564778796e-04
        24            24        1.89150907e+05    4.5720855303e-04
        25            25        1.75207052e+05    4.2350398446e-04
        26            26        1.62914352e+05    3.9379052410e-04
        27            27        1.52037900e+05    3.6750036798e-04
        28            28        1.42293298e+05    3.4394607875e-04
        29            29        1.33577492e+05    3.2287855644e-04
        30            30        1.25729537e+05    3.0390877003e-04
        31            31        1.18634683e+05    2.8675935276e-04
        32            32        1.12226093e+05    2.7126874589e-04
        33            33        1.06368492e+05    2.5710997149e-04
        34            34        1.01035289e+05    2.4421875084e-04
        35            35        9.61314408e+04    2.3236535094e-04
        36            36        9.16168460e+04    2.2145283979e-04
        37            37        8.74910614e+04    2.1148014638e-04
        38            38        8.36375078e+04    2.0216547971e-04
        39            39        8.00838884e+04    1.9357580274e-04
        40            40        7.67726350e+04    1.8557196405e-04
        41            41        7.37063627e+04    1.7816028439e-04
        42            42        7.08505904e+04    1.7125741753e-04
        43            43        6.81728650e+04    1.6478491896e-04
        44            44        6.56773761e+04    1.5875291596e-04
        45            45        6.33385067e+04    1.5309948761e-04
        46            46        6.11369654e+04    1.4777800370e-04
        47            47        5.90639766e+04    1.4276725201e-04
        48            48        5.71008783e+04    1.3802212387e-04
        49            49        5.52896306e+04    1.3364404299e-04
        50            50        5.35323181e+04    1.2939633243e-04
        51            51        5.18970737e+04    1.2544368032e-04
        52            52        5.03332578e+04    1.2166368269e-04
        53            53        4.88488415e+04    1.1807560671e-04
        54            54        4.74552210e+04    1.1470699888e-04
        55            55        4.61103225e+04    1.1145616029e-04
        56            56        4.48619074e+04    1.0843853745e-04
        57            57        4.36438192e+04    1.0549421994e-04
        58            58        4.24982980e+04    1.0272530860e-04
        59            59        4.14124408e+04    1.0010061501e-04
        60            60        4.03550982e+04    9.7544845642e-05
        61            61        3.93466283e+04    9.5107209710e-05
        62            62        3.83830915e+04    9.2778184245e-05
        63            63        3.74765569e+04    9.0586942460e-05
        64            64        3.65763281e+04    8.8410942829e-05
        65            66        7.06591931e+04    8.5397389514e-05
        66            68        6.75398750e+04    8.1627439568e-05
        67            70        6.46536741e+04    7.8139230729e-05
        68            72        6.19988103e+04    7.4930611560e-05
        69            74        5.95098694e+04    7.1922523839e-05
        70            76        5.72052310e+04    6.9137180645e-05
        71            78        5.50691217e+04    6.6555518495e-05
        72            80        5.30602400e+04    6.4127621356e-05
        73            82        5.11937143e+04    6.1871773069e-05
        74            84        4.94006964e+04    5.9704764961e-05
        75            86        4.77338929e+04    5.7690297096e-05
        76            88        4.61888839e+04    5.5823027976e-05
        77            90        4.47229208e+04    5.4051292093e-05
        78            92        4.33349107e+04    5.2373768911e-05
        79            94        4.20299844e+04    5.0796659153e-05
        80            96        4.07750379e+04    4.9279954188e-05
        81            98        3.95784598e+04    4.7833792071e-05
        82           100        3.84722511e+04    4.6496848758e-05
        83           102        3.73997980e+04    4.5200701813e-05
        84           104        3.63833516e+04    4.3972243522e-05
        85           106        3.54253661e+04    4.2814440035e-05
        86           108        3.44978504e+04    4.1693461863e-05
        87           110        3.36105714e+04    4.0621112908e-05
        88           112        3.27822277e+04    3.9619992023e-05
        89           114        3.19743504e+04    3.8643606592e-05
        90           116        3.12080446e+04    3.7717463619e-05
        91           118        3.04718538e+04    3.6827717021e-05
        92           120        2.97805312e+04    3.5992197423e-05
        93           122        2.90893772e+04    3.5156881503e-05
        94           124        2.84333717e+04    3.4364045332e-05
        95           126        2.78189520e+04    3.3621469154e-05
        96           128        2.72107065e+04    3.2886354887e-05
        97           130        2.66547489e+04    3.2214434861e-05
        98           132        2.60814754e+04    3.1521587223e-05
        99           134        2.55579688e+04    3.0888886745e-05
       100           136        2.50551395e+04    3.0281176655e-05
       101           138        2.45505949e+04    2.9671393363e-05
       102           140        2.40581853e+04    2.9076276260e-05
       103           142        2.36086272e+04    2.8532948761e-05
       104           144        2.31489464e+04    2.7977387072e-05
       105           146        2.27289799e+04    2.7469823332e-05
       106           148        2.23053616e+04    2.6957846111e-05
       107           150        2.19124107e+04    2.6482932954e-05
       108           152        2.15058136e+04    2.5991527247e-05
       109           154        2.11440112e+04    2.5554259513e-05
       110           156        2.07630502e+04    2.5093837194e-05
       111           158        2.04182009e+04    2.4677058693e-05
       112           160        2.00887210e+04    2.4278855387e-05
       113           162        1.97305324e+04    2.3845955273e-05
       114           164        1.94173371e+04    2.3467433230e-05
       115           166        1.90933594e+04    2.3075879820e-05
       116           168        1.87928616e+04    2.2712703794e-05
       117           170        1.85008538e+04    2.2359788571e-05
       118           172        1.82100859e+04    2.2008371934e-05
       119           174        1.79265770e+04    2.1665728304e-05
       120           176        1.76526529e+04    2.1334668712e-05
       121           178        1.73849732e+04    2.1011156009e-05
       122           180        1.71240279e+04    2.0695782347e-05
       123           182        1.68699922e+04    2.0388759497e-05
       124           184        1.66387969e+04    2.0109341132e-05
       125           186        1.63945770e+04    1.9814181534e-05
       126           188        1.61639208e+04    1.9535414671e-05
       127           190        1.59323371e+04    1.9255526902e-05
       128           192        1.57220658e+04    1.9001397025e-05
       129           196        3.07648158e+04    1.8590892761e-05
       130           200        2.99502433e+04    1.8098654131e-05
       131           204        2.91781864e+04    1.7632107298e-05
       132           208        2.84261306e+04    1.7177646954e-05
       133           212        2.77019431e+04    1.6740027167e-05
       134           216        2.70225681e+04    1.6329487158e-05
       135           220        2.63702165e+04    1.5935277162e-05
       136           224        2.57423594e+04    1.5555868916e-05
       137           228        2.51383527e+04    1.5190873274e-05
       138           232        2.45720134e+04    1.4848639698e-05
       139           236        2.40090982e+04    1.4508475279e-05
       140           240        2.34833158e+04    1.4190749874e-05
       141           244        2.29847556e+04    1.3889474530e-05
       142           248        2.24873393e+04    1.3588890478e-05
       143           252        2.20118638e+04    1.3301565078e-05
       144           256        2.15583125e+04    1.3027488212e-05
       145           260        2.11049989e+04    1.2753555000e-05
       146           264        2.07214520e+04    1.2521781182e-05
       147           268        2.02974007e+04    1.2265530892e-05
       148           272        1.98954509e+04    1.2022636372e-05
       149           276        1.95355312e+04    1.1805140271e-05
       150           280        1.91728661e+04    1.1585985069e-05
       151           284        1.87992958e+04    1.1360239995e-05
       152           288        1.84641373e+04    1.1157706834e-05
       153           292        1.81506239e+04    1.0968253600e-05
       154           296        1.78219866e+04    1.0769661143e-05
       155           300        1.74974487e+04    1.0573545873e-05
       156           304        1.72124118e+04    1.0401300761e-05
       157           308        1.69152333e+04    1.0221718508e-05
       158           312        1.66405435e+04    1.0055726052e-05
       159           316        1.63438371e+04    9.8764290829e-06
       160           320        1.60690625e+04    9.7103853697e-06
       161           324        1.58104074e+04    9.5540824722e-06
       162           328        1.55579877e+04    9.4015476241e-06
       163           332        1.53107299e+04    9.2521320223e-06
       164           336        1.50904040e+04    9.1189911295e-06
       165           340        1.48490257e+04    8.9731284334e-06
       166           344        1.46221429e+04    8.8360252549e-06
       167           348        1.44010993e+04    8.7024507027e-06
       168           352        1.41879933e+04    8.5736727080e-06
       169           356        1.39790926e+04    8.4474359717e-06
       170           360        1.37806004e+04    8.3274889845e-06
       171           364        1.35737243e+04    8.2024756671e-06
       172           368        1.34062333e+04    8.1012623667e-06
       173           372        1.32076741e+04    7.9812749137e-06
       174           376        1.30208103e+04    7.8683548294e-06
       175           380        1.28403002e+04    7.7592742843e-06
       176           384        1.26655446e+04    7.6536711086e-06
       177           388        1.24983571e+04    7.5526412536e-06
       178           392        1.23361239e+04    7.4546052006e-06
       179           396        1.21738348e+04    7.3565354259e-06
       180           400        1.19958973e+04    7.2490094457e-06
       181           404        1.18484208e+04    7.1598907274e-06
       182           408        1.16889888e+04    7.0635474976e-06
       183           412        1.15421395e+04    6.9748078099e-06
       184           416        1.13954810e+04    6.8861834499e-06
       185           420        1.12590413e+04    6.8037341857e-06
       186           424        1.11177254e+04    6.7183383299e-06
       187           428        1.09769944e+04    6.6332958762e-06
       188           432        1.08466094e+04    6.5545054035e-06
       189           436        1.07086998e+04    6.4711679129e-06
       190           440        1.05869989e+04    6.3976251926e-06
       191           444        1.04643672e+04    6.3235199963e-06
       192           448        1.03437612e+04    6.2506388934e-06
       193           456        2.03385480e+04    6.1451979184e-06
       194           464        1.98793527e+04    6.0064541851e-06
       195           472        1.94407065e+04    5.8739192692e-06
       196           480        1.90260636e+04    5.7486368536e-06
       197           488        1.86092188e+04    5.6226891112e-06
       198           496        1.82185480e+04    5.5046497538e-06
       199           504        1.78334922e+04    5.3883069292e-06
       200           512        1.74727545e+04    5.2793116997e-06
       201           520        1.71347299e+04    5.1771791490e-06
       202           528        1.67747868e+04    5.0684240172e-06
       203           536        1.64366596e+04    4.9662604427e-06
       204           544        1.61321730e+04    4.8742612269e-06
       205           552        1.58319062e+04    4.7835370241e-06
       206           560        1.55446150e+04    4.6967332923e-06
       207           568        1.52354509e+04    4.6033208051e-06
       208           576        1.49692757e+04    4.5228971963e-06
       209           584        1.46932779e+04    4.4395057512e-06
       210           592        1.44552310e+04    4.3675809923e-06
       211           600        1.42017846e+04    4.2910033297e-06
       212           608        1.39653605e+04    4.2195688826e-06
       213           616        1.37096719e+04    4.1423137535e-06
       214           624        1.34888002e+04    4.0755784086e-06
       215           632        1.32882054e+04    4.0149696004e-06
       216           640        1.30648103e+04    3.9474718106e-06
       217           648        1.28416730e+04    3.8800519176e-06
       218           656        1.26403616e+04    3.8192266169e-06
       219           664        1.24239643e+04    3.7538431702e-06
       220           672        1.22413214e+04    3.6986584782e-06
       221           680        1.20468248e+04    3.6398922172e-06
       222           688        1.18754855e+04    3.5881228469e-06
       223           696        1.17032009e+04    3.5360678549e-06
       224           704        1.15179107e+04    3.4800832870e-06
       225           712        1.13697891e+04    3.4353290171e-06
       226           720        1.11911975e+04    3.3813684186e-06
       227           728        1.10382746e+04    3.3351634463e-06
       228           736        1.08696127e+04    3.2842030567e-06
       229           744        1.07117679e+04    3.2365109627e-06
       230           752        1.05776964e+04    3.1960019026e-06
       231           760        1.04237902e+04    3.1494998431e-06
       232           768        1.02809576e+04    3.1063436389e-06
       233           776        1.01584029e+04    3.0693143087e-06
       234           784        1.00235435e+04    3.0285671742e-06
       235           792        9.88612835e+03    2.9870478155e-06
       236           800        9.75371094e+03    2.9470385092e-06
       237           808        9.63609375e+03    2.9115010216e-06
       238           816        9.50915848e+03    2.8731481193e-06
       239           824        9.38476228e+03    2.8355623830e-06
       240           832        9.27877679e+03    2.8035393586e-06
       241           840        9.16036830e+03    2.7677627850e-06
       242           848        9.03296875e+03    2.7292696010e-06
       243           856        8.92743862e+03    2.6973841606e-06
       244           864        8.82169308e+03    2.6654336376e-06
       245           872        8.70989955e+03    2.6316557421e-06
       246           880        8.61632812e+03    2.6033835691e-06
       247           888        8.52438616e+03    2.5756037311e-06
       248           896        8.42353906e+03    2.5451332482e-06
       249           904        8.32475670e+03    2.5152866146e-06
       250           912        8.21020201e+03    2.4806744472e-06
       251           920        8.12602679e+03    2.4552412941e-06
       252           928        8.02926339e+03    2.4260046838e-06
       253           936        7.94322098e+03    2.4000073686e-06
       254           944        7.85691518e+03    2.3739304705e-06
       255           952        7.78046652e+03    2.3508318623e-06
       256           960        7.69958259e+03    2.3263931585e-06
       257           976        1.51346417e+04    2.2864308938e-06
       258           992        1.48064721e+04    2.2368534262e-06
       259          1008        1.45169688e+04    2.1931173795e-06
       260          1024        1.42028013e+04    2.1456552667e-06
       261          1040        1.39210703e+04    2.1030934053e-06
       262          1056        1.36681585e+04    2.0648853372e-06
       263          1072        1.33938158e+04    2.0234396602e-06
       264          1088        1.31302612e+04    1.9836237471e-06
       265          1104        1.28842444e+04    1.9464573386e-06
       266          1120        1.26531317e+04    1.9115425201e-06
       267          1136        1.23997958e+04    1.8732703810e-06
       268          1152        1.21914621e+04    1.8417968497e-06
       269          1168        1.19646429e+04    1.8075306657e-06
       270          1184        1.17615268e+04    1.7768453764e-06
       271          1200        1.15428013e+04    1.7438019370e-06
       272          1216        1.13676127e+04    1.7173357232e-06
       273          1232        1.11748527e+04    1.6882149466e-06
       274          1248        1.09749252e+04    1.6580113700e-06
       275          1264        1.08045290e+04    1.6322691585e-06
       276          1280        1.06292199e+04    1.6057847351e-06
       277          1296        1.04467232e+04    1.5782144767e-06
       278          1312        1.02824029e+04    1.5533901667e-06
       279          1328        1.01182121e+04    1.5285854152e-06
       280          1344        9.95456920e+03    1.5038634501e-06
       281          1360        9.81556585e+03    1.4828638417e-06
       282          1376        9.64879353e+03    1.4576691001e-06
       283          1392        9.52250000e+03    1.4385895985e-06
       284          1408        9.38960379e+03    1.4185126126e-06
       285          1424        9.22929464e+03    1.3942942793e-06
       286          1440        9.07660491e+03    1.3712270322e-06
       287          1456        8.96390960e+03    1.3542018493e-06
       288          1472        8.83893750e+03    1.3353219795e-06
       289          1488        8.70719978e+03    1.3154200085e-06
       290          1504        8.57109375e+03    1.2948581063e-06
       291          1520        8.46176228e+03    1.2783411075e-06
       292          1536        8.34119308e+03    1.2601263959e-06
       293          1552        8.23606696e+03    1.2442447118e-06
       294          1568        8.10441629e+03    1.2243558922e-06
       295          1584        8.00103683e+03    1.2087380795e-06
       296          1600        7.90274107e+03    1.1938882757e-06
       297          1616        7.80088616e+03    1.1785007813e-06
       298          1632        7.70153683e+03    1.1634918117e-06
       299          1648        7.60230692e+03    1.1485008831e-06
       300          1664        7.51239286e+03    1.1349173247e-06
       301          1680        7.39743415e+03    1.1175502049e-06
       302          1696        7.31772321e+03    1.1055080600e-06
       303          1712        7.20271652e+03    1.0881336901e-06
       304          1728        7.13493304e+03    1.0778934577e-06
       305          1744        7.05506362e+03    1.0658273704e-06
       306          1760        6.95389955e+03    1.0505442444e-06
       307          1776        6.86404129e+03    1.0369691163e-06
       308          1792        6.77580469e+03    1.0236389756e-06
       309          1808        6.71479241e+03    1.0144216874e-06
       310          1824        6.62404241e+03    1.0007118417e-06
       311          1840        6.53830804e+03    9.8775971984e-07
       312          1856        6.47167411e+03    9.7769315365e-07
       313          1872        6.39717634e+03    9.6643857618e-07
       314          1888        6.31363393e+03    9.5381760027e-07
       315          1904        6.23900112e+03    9.4254262125e-07
       316          1920        6.18107812e+03    9.3379203973e-07
       317          1936        6.10366183e+03    9.2209655260e-07
       318          1952        6.02042522e+03    9.0952177525e-07
       319          1968        5.95817299e+03    9.0011716369e-07
       320          1984        5.91378125e+03    8.9341078438e-07
       321          2016        1.15764040e+04    8.7443919184e-07
       322          2048        1.13359230e+04    8.5627413519e-07
       323          2080        1.10969107e+04    8.3822002255e-07
       324          2112        1.08476719e+04    8.1939343280e-07
       325          2144        1.06474185e+04    8.0426702777e-07
       326          2176        1.03935435e+04    7.8509023941e-07
       327          2208        1.02083605e+04    7.7110219063e-07
       328          2240        1.00075592e+04    7.5593439236e-07
       329          2272        9.80653906e+03    7.4075007051e-07
       330          2304        9.62318973e+03    7.2690053313e-07
       331          2336        9.42474888e+03    7.1191103771e-07
       332          2368        9.23939621e+03    6.9791017473e-07
       333          2400        9.05346652e+03    6.8386572661e-07
       334          2432        8.87478571e+03    6.7036883265e-07
       335          2464        8.70208259e+03    6.5732347065e-07
       336          2496        8.54420312e+03    6.4539783373e-07
       337          2528        8.37120089e+03    6.3232987827e-07
       338          2560        8.23721317e+03    6.2220893603e-07
       339          2592        8.11829911e+03    6.1322660296e-07
       340          2624        7.94970424e+03    6.0049156380e-07
       341          2656        7.80491853e+03    5.8955498084e-07
       342          2688        7.67817411e+03    5.7998117124e-07
       343          2720        7.54379576e+03    5.6983072262e-07
       344          2752        7.42303013e+03    5.6070852929e-07
       345          2784        7.29710379e+03    5.5119651449e-07
       346          2816        7.18020759e+03    5.4236660295e-07
       347          2848        7.07862388e+03    5.3469334163e-07
       348          2880        6.94569308e+03    5.2465223523e-07
       349          2912        6.83548549e+03    5.1632755728e-07
       350          2944        6.73155357e+03    5.0847692044e-07
       351          2976        6.61012723e+03    4.9930481917e-07
       352          3008        6.52365960e+03    4.9277337056e-07
       353          3040        6.42278795e+03    4.8515389516e-07
       354          3072        6.33009487e+03    4.7815219911e-07
       355          3104        6.25607812e+03    4.7256124538e-07
       356          3136        6.15786161e+03    4.6514232908e-07
       357          3168        6.05070424e+03    4.5704805382e-07
       358          3200        5.97496205e+03    4.5132676618e-07
       359          3232        5.89134040e+03    4.4501029265e-07
       360          3264        5.81669531e+03    4.3937187579e-07
       361          3296        5.75585826e+03    4.3477646742e-07
       362          3328        5.64653460e+03    4.2651855819e-07
       363          3360        5.59138839e+03    4.2235301566e-07
       364          3392        5.51130692e+03    4.1630395426e-07
       365          3424        5.42639286e+03    4.0988985675e-07
       366          3456        5.38112054e+03    4.0647015128e-07
       367          3488        5.32147879e+03    4.0196503244e-07
       368          3520        5.26830469e+03    3.9794845499e-07
       369          3552        5.19642188e+03    3.9251869042e-07
       370          3584        5.13772098e+03    3.8808463980e-07
       371          3616        5.09821205e+03    3.8510027994e-07
       372          3648        5.01521205e+03    3.7883076370e-07
       373          3680        4.97712612e+03    3.7595389137e-07
       374          3712        4.91734598e+03    3.7143831884e-07
       375          3744        4.86901451e+03    3.6778753624e-07
       376          3776        4.82305915e+03    3.6431623675e-07
       377          3808        4.76453795e+03    3.5989575907e-07
       378          3840        4.71546094e+03    3.5618866143e-07
       379          3872        4.68054799e+03    3.5355146523e-07
       380          3904        4.62828683e+03    3.4960384842e-07
       381          3936        4.59440625e+03    3.4704463338e-07
       382          3968        4.53412054e+03    3.4249087116e-07
       383          4000        4.50788616e+03    3.4050922248e-07
       384          4032        4.45637946e+03    3.3661859514e-07
       385          4096        8.80407478e+03    3.3251379361e-07
       386          4160        8.65395536e+03    3.2684405784e-07
       387          4224        8.50687835e+03    3.2128922835e-07
       388          4288        8.37026897e+03    3.1612974224e-07
       389          4352        8.22590402e+03    3.1067734205e-07
       390          4416        8.06626339e+03    3.0464800777e-07
       391          4480        7.97335045e+03    3.0113885581e-07
       392          4544        7.85160268e+03    2.9654066540e-07
       393          4608        7.73274330e+03    2.9205156431e-07
       394          4672        7.59242411e+03    2.8675196504e-07
       395          4736        7.50162835e+03    2.8332277537e-07
       396          4800        7.38036830e+03    2.7874300538e-07
       397          4864        7.24983482e+03    2.7381299462e-07
       398          4928        7.12324888e+03    2.6903207541e-07
       399          4992        7.03013951e+03    2.6551550469e-07
       400          5056        6.90473884e+03    2.6077935087e-07
       401          5120        6.78145424e+03    2.5612311720e-07
       402          5184        6.67542411e+03    2.5211855307e-07
       403          5248        6.57800223e+03    2.4843910712e-07
       404          5312        6.46546429e+03    2.4418875482e-07
       405          5376        6.34929576e+03    2.3980128214e-07
       406          5440        6.25966964e+03    2.3641626775e-07
       407          5504        6.14314397e+03    2.3201530644e-07
       408          5568        6.03218638e+03    2.2782464133e-07
       409          5632        5.89797656e+03    2.2275578197e-07
       410          5696        5.81736161e+03    2.1971110262e-07
       411          5760        5.69722098e+03    2.1517361106e-07
       412          5824        5.60625670e+03    2.1173805645e-07
       413          5888        5.48760379e+03    2.0725675347e-07
       414          5952        5.38072991e+03    2.0322032245e-07
       415          6016        5.28087612e+03    1.9944902735e-07
       416          6080        5.17404241e+03    1.9541411379e-07
       417          6144        5.07443415e+03    1.9165209213e-07
       418          6208        4.97061496e+03    1.8773103106e-07
       419          6272        4.87207924e+03    1.8400951744e-07
       420          6336        4.76821875e+03    1.8008689675e-07
       421          6400        4.65832143e+03    1.7593627602e-07
       422          6464        4.57606027e+03    1.7282942252e-07
       423          6528        4.48250893e+03    1.6929615962e-07
       424          6592        4.37501451e+03    1.6523629210e-07
       425          6656        4.27699554e+03    1.6153429485e-07
       426          6720        4.18572433e+03    1.5808714844e-07
       427          6784        4.09550335e+03    1.5467966704e-07
       428          6848        3.99626004e+03    1.5093142907e-07
       429          6912        3.91585379e+03    1.4789463214e-07
       430          6976        3.83861830e+03    1.4497758898e-07
       431          7040        3.73251339e+03    1.4097020067e-07
       432          7104        3.64209152e+03    1.3755513191e-07
       433          7168        3.55626562e+03    1.3431364499e-07
       434          7232        3.45614955e+03    1.3053244418e-07
       435          7296        3.37310156e+03    1.2739587353e-07
       436          7360        3.28107254e+03    1.2392010593e-07
       437          7424        3.19460268e+03    1.2065429732e-07
       438          7488        3.10994531e+03    1.1745694352e-07
       439          7552        3.02644420e+03    1.1430325916e-07
       440          7616        2.94845759e+03    1.1135784772e-07
       441          7680        2.86592746e+03    1.0824083558e-07
       442          7744        2.77525223e+03    1.0481619833e-07
       443          7808        2.69241518e+03    1.0168759440e-07
       444          7872        2.61175670e+03    9.8641271131e-08
       445          7936        2.53433259e+03    9.5717104284e-08
       446          8000        2.46288281e+03    9.3018576962e-08
       447          8064        2.37822656e+03    8.9821265313e-08
       448          8128        2.29797098e+03    8.6790158904e-08
       449          8256        4.36677455e+03    8.2462542031e-08
       450          8384        4.08044308e+03    7.7055434140e-08
       451          8512        3.80200112e+03    7.1797312407e-08
       452          8640        3.52569420e+03    6.6579509039e-08
       453          8768        3.25797210e+03    6.1523822169e-08
       454          8896        3.00240848e+03    5.6697737109e-08
       455          9024        2.77180804e+03    5.2343058668e-08
       456          9152        2.54895201e+03    4.8134626506e-08
       457          9280        2.34316406e+03    4.4248509425e-08
       458          9408        2.13090737e+03    4.0240235918e-08
       459          9536        1.93755022e+03    3.6588863189e-08
       460          9664        1.75065067e+03    3.3059436125e-08
       461          9792        1.57556250e+03    2.9753056240e-08
       462          9920        1.41994420e+03    2.6814346961e-08
       463         10048        1.26727567e+03    2.3931341518e-08
       464         10176        1.13318862e+03    2.1399230195e-08
       465         10304        9.96725446e+02    1.8822248094e-08
       466         10432        8.88562500e+02    1.6779689816e-08
       467         10560        7.73786830e+02    1.4612256309e-08
       468         10688        6.86341518e+02    1.2960931591e-08
       469         10816        5.96885045e+02    1.1271627944e-08
       470         10944        5.11430804e+02    9.6579027880e-09
       471         11072        4.31527902e+02    8.1490095955e-09
       472         11200        3.78435268e+02    7.1464037813e-09
       473         11328        3.19831473e+02    6.0397247394e-09
       474         11456        2.66390625e+02    5.0305432170e-09
       475         11584        2.25549107e+02    4.2592885205e-09
       476         11712        1.81552455e+02    3.4284520066e-09
       477         11840        1.44968750e+02    2.7376022035e-09
       478         11968        1.21996652e+02    2.3037951472e-09
       479         12096        9.72756696e+01    1.8369620181e-09
       480         12224        7.36004464e+01    1.3898770895e-09
       481         12352        5.85870536e+01    1.1063629020e-09
       482         12480        4.75714286e+01    8.9834290273e-10
       483         12608        3.61752232e+01    6.8313599161e-10
       484         12736        2.60970982e+01    4.9281982204e-10
       485         12864        2.04575893e+01    3.8632285583e-10
       486         12992        1.46595982e+01    2.7683309937e-10
       487         13120        1.06484375e+01    2.0108599932e-10
       488         13248        7.95424107e+00    1.5020856484e-10
       489         13376        5.62611607e+00    1.0624405435e-10
       490         13504        4.11160714e+00    7.7643938947e-11
       491         13632        2.82254464e+00    5.3301173072e-11
       492         13760        1.86272321e+00    3.5175823589e-11
       493         13888        1.29017857e+00    2.4363841863e-11
       494         14016        7.28794643e-01    1.3762620014e-11
       495         14144        4.75446429e-01    8.9783707903e-12
       496         14272        3.48214286e-01    6.5757081844e-12
       497         14400        1.66294643e-01    3.1403221778e-12
       498         14528        1.19419643e-01    2.2551306915e-12
       499         14656        6.91964286e-02    1.3067112418e-12
       500         14784        3.01339286e-02    5.6905166981e-13
       501         14912        2.45535714e-02    4.6367173095e-13
       502         15040        8.92857143e-03    1.6860790216e-13
       503         15168        1.11607143e-03    2.1075987771e-14
       504         15296        1.11607143e-03    2.1075987771e-14
