         2             2        2.46287251e+10    7.4140123651e-01
         3             3        4.04687173e+09    1.2182342731e-01
         4             4        1.49827114e+09    4.5102621900e-02
         5             5        7.34675202e+08    2.2116008880e-02
         6             6        3.95580389e+08    1.1908200217e-02
         7             7        2.58454263e+08    7.7802772732e-03
         8             8        1.83360382e+08    5.5197178504e-03
         9             9        1.30873741e+08    3.9397067028e-03
        10            10        1.01262795e+08    3.0483251255e-03
        11            11        8.05680240e+07    2.4253481374e-03
        12            12        6.51926709e+07    1.9625021841e-03
        13            13        5.42787030e+07    1.6339577991e-03
        14            14        4.60650021e+07    1.3866998546e-03
        15            15        3.94938860e+07    1.1888888178e-03
        16            16        3.44469130e+07    1.0369592315e-03
        17            17        3.03010360e+07    9.1215543899e-04
        18            18        2.69297925e+07    8.1067052084e-04
        19            19        2.41323595e+07    7.2645908629e-04
        20            20        2.17808045e+07    6.5566996763e-04
        21            21        1.97882102e+07    5.9568667905e-04
        22            22        1.80786909e+07    5.4422483091e-04
        23            23        1.66039905e+07    4.9983176384e-04
        24            24        1.53204441e+07    4.6119302334e-04
        25            25        1.41941442e+07    4.2728789395e-04
        26            26        1.32026416e+07    3.9744057937e-04
        27            27        1.23214113e+07    3.7091280856e-04
        28            28        1.15364225e+07    3.4728220318e-04
        29            29        1.08330910e+07    3.2610973709e-04
        30            30        1.01996027e+07    3.0703976855e-04
        31            31        9.62675442e+06    2.8979525306e-04
        32            32        9.10725623e+06    2.7415674169e-04
        33            33        8.63455913e+06    2.5992708848e-04
        34            34        8.20214898e+06    2.4691019788e-04
        35            35        7.80609311e+06    2.3498768443e-04
        36            36        7.44208095e+06    2.2402978604e-04
        37            37        7.10622415e+06    2.1391945147e-04
        38            38        6.79605756e+06    2.0458247249e-04
        39            39        6.50844588e+06    1.9592446611e-04
        40            40        6.24187621e+06    1.8789989000e-04
        41            41        5.99356482e+06    1.8042494482e-04
        42            42        5.76166227e+06    1.7344395668e-04
        43            43        5.54558902e+06    1.6693947951e-04
        44            44        5.34303817e+06    1.6084206913e-04
        45            45        5.15286059e+06    1.5511713229e-04
        46            46        4.97490391e+06    1.4976008274e-04
        47            47        4.80706673e+06    1.4470766146e-04
        48            48        4.64890153e+06    1.3994639690e-04
        49            49        4.49980293e+06    1.3545806524e-04
        50            50        4.35893318e+06    1.3121744762e-04
        51            51        4.22568885e+06    1.2720637893e-04
        52            52        4.09959387e+06    1.2341052784e-04
        53            53        3.97985511e+06    1.1980601847e-04
        54            54        3.86620251e+06    1.1638472183e-04
        55            55        3.75818581e+06    1.1313308326e-04
        56            56        3.65522603e+06    1.1003367337e-04
        57            57        3.55748403e+06    1.0709133521e-04
        58            58        3.46401239e+06    1.0427754807e-04
        59            59        3.37505915e+06    1.0159977897e-04
        60            60        3.28989850e+06    9.9036178394e-05
        61            61        3.20875752e+06    9.6593582622e-05
        62            62        3.13079555e+06    9.4246684753e-05
        63            63        3.05625543e+06    9.2002795107e-05
        64            64        2.98476982e+06    8.9850855984e-05
        65            66        5.76679754e+06    8.6799272088e-05
        66            68        5.51419597e+06    8.2997225552e-05
        67            70        5.28058399e+06    7.9481002035e-05
        68            72        5.06418606e+06    7.6223876564e-05
        69            74        4.86317516e+06    7.3198349928e-05
        70            76        4.67597568e+06    7.0380706587e-05
        71            78        4.50124334e+06    6.7750712992e-05
        72            80        4.33792631e+06    6.5292537791e-05
        73            82        4.18510505e+06    6.2992340123e-05
        74            84        4.04147441e+06    6.0830475608e-05
        75            86        3.90673726e+06    5.8802471928e-05
        76            88        3.77962556e+06    5.6889243138e-05
        77            90        3.65995946e+06    5.5088082174e-05
        78            92        3.54683077e+06    5.3385319454e-05
        79            94        3.43976626e+06    5.1773832039e-05
        80            96        3.33856777e+06    5.0250637449e-05
        81            98        3.24233799e+06    4.8802229510e-05
        82           100        3.15113883e+06    4.7429540426e-05
        83           102        3.06452369e+06    4.6125847862e-05
        84           104        2.98214819e+06    4.4885968353e-05
        85           106        2.90344306e+06    4.3701333860e-05
        86           108        2.82849053e+06    4.2573181683e-05
        87           110        2.75698013e+06    4.1496838889e-05
        88           112        2.68884970e+06    4.0471369913e-05
        89           114        2.62357289e+06    3.9488852403e-05
        90           116        2.56102256e+06    3.8547372709e-05
        91           118        2.50128332e+06    3.7648204294e-05
        92           120        2.44393543e+06    3.6785029324e-05
        93           122        2.38863979e+06    3.5952743928e-05
        94           124        2.33598414e+06    3.5160194542e-05
        95           126        2.28512554e+06    3.4394693488e-05
        96           128        2.23611665e+06    3.3657033476e-05
        97           130        2.18936183e+06    3.2953300625e-05
        98           132        2.14418970e+06    3.2273389878e-05
        99           134        2.10052280e+06    3.1616135159e-05
       100           136        2.05852965e+06    3.0984072829e-05
       101           138        2.01797380e+06    3.0373644321e-05
       102           140        1.97902065e+06    2.9787338776e-05
       103           142        1.94140638e+06    2.9221185525e-05
       104           144        1.90485426e+06    2.8671019185e-05
       105           146        1.86964754e+06    2.8141103394e-05
       106           148        1.83556783e+06    2.7628150687e-05
       107           150        1.80263447e+06    2.7132452487e-05
       108           152        1.77064640e+06    2.6650982266e-05
       109           154        1.73968446e+06    2.6184956928e-05
       110           156        1.70977083e+06    2.5734710223e-05
       111           158        1.68088145e+06    2.5299880111e-05
       112           160        1.65272195e+06    2.4876035859e-05
       113           162        1.62537599e+06    2.4464436600e-05
       114           164        1.59875610e+06    2.4063765898e-05
       115           166        1.57314150e+06    2.3678226345e-05
       116           168        1.54810386e+06    2.3301370813e-05
       117           170        1.52377069e+06    2.2935118778e-05
       118           172        1.50020727e+06    2.2580452734e-05
       119           174        1.47702553e+06    2.2231531476e-05
       120           176        1.45494677e+06    2.1899211720e-05
       121           178        1.43316014e+06    2.1571289176e-05
       122           180        1.41201486e+06    2.1253019742e-05
       123           182        1.39140324e+06    2.0942782891e-05
       124           184        1.37141998e+06    2.0642003650e-05
       125           186        1.35165280e+06    2.0344476863e-05
       126           188        1.33267860e+06    2.0058885577e-05
       127           190        1.31408931e+06    1.9779087937e-05
       128           192        1.29615936e+06    1.9509214315e-05
       129           196        2.53966116e+06    1.9112925219e-05
       130           200        2.47210204e+06    1.8604490290e-05
       131           204        2.40798242e+06    1.8121940283e-05
       132           208        2.34661625e+06    1.7660112141e-05
       133           212        2.28837888e+06    1.7221830620e-05
       134           216        2.23224971e+06    1.6799414967e-05
       135           220        2.17877718e+06    1.6396992582e-05
       136           224        2.12783815e+06    1.6013636794e-05
       137           228        2.07845695e+06    1.5642004897e-05
       138           232        2.03143787e+06    1.5288149718e-05
       139           236        1.98618810e+06    1.4947610046e-05
       140           240        1.94285072e+06    1.4621462516e-05
       141           244        1.90095633e+06    1.4306174655e-05
       142           248        1.86090182e+06    1.4004733347e-05
       143           252        1.82197966e+06    1.3711813845e-05
       144           256        1.78472149e+06    1.3431417141e-05
       145           260        1.74892678e+06    1.3162034041e-05
       146           264        1.71409307e+06    1.2899883346e-05
       147           268        1.68084862e+06    1.2649692985e-05
       148           272        1.64857138e+06    1.2406781664e-05
       149           276        1.61737995e+06    1.2172041857e-05
       150           280        1.58721579e+06    1.1945033154e-05
       151           284        1.55813858e+06    1.1726204475e-05
       152           288        1.52978947e+06    1.1512855411e-05
       153           292        1.50252419e+06    1.1307662973e-05
       154           296        1.47616837e+06    1.1109314914e-05
       155           300        1.45050065e+06    1.0916145412e-05
       156           304        1.42582330e+06    1.0730429142e-05
       157           308        1.40165505e+06    1.0548544276e-05
       158           312        1.37825109e+06    1.0372411281e-05
       159           316        1.35546497e+06    1.0200928004e-05
       160           320        1.33348280e+06    1.0035495090e-05
       161           324        1.31214695e+06    9.8749261960e-06
       162           328        1.29135179e+06    9.7184264368e-06
       163           332        1.27109462e+06    9.5659754792e-06
       164           336        1.25134834e+06    9.4173693439e-06
       165           340        1.23220810e+06    9.2733241546e-06
       166           344        1.21361308e+06    9.1333822237e-06
       167           348        1.19560201e+06    8.9978348598e-06
       168           352        1.17792180e+06    8.8647775637e-06
       169           356        1.16061891e+06    8.7345598544e-06
       170           360        1.14378773e+06    8.6078921346e-06
       171           364        1.12763835e+06    8.4863554670e-06
       172           368        1.11179629e+06    8.3671316772e-06
       173           372        1.09636835e+06    8.2510243903e-06
       174           376        1.08106702e+06    8.1358700024e-06
       175           380        1.06657578e+06    8.0268121534e-06
       176           384        1.05197714e+06    7.9169460665e-06
       177           388        1.03793881e+06    7.8112967262e-06
       178           392        1.02415992e+06    7.7075998668e-06
       179           396        1.01072417e+06    7.6064853425e-06
       180           400        9.97503075e+05    7.5069863485e-06
       181           404        9.84856605e+05    7.4118118306e-06
       182           408        9.72292042e+05    7.3172537198e-06
       183           412        9.59987234e+05    7.2246504679e-06
       184           416        9.48176503e+05    7.1357655328e-06
       185           420        9.36478831e+05    7.0477314594e-06
       186           424        9.25005865e+05    6.9613884702e-06
       187           428        9.13719058e+05    6.8764464696e-06
       188           432        9.02757562e+05    6.7939526865e-06
       189           436        8.92190684e+05    6.7144287109e-06
       190           440        8.81573704e+05    6.6345276824e-06
       191           444        8.71229376e+05    6.5566785647e-06
       192           448        8.61202825e+05    6.4812209731e-06
       193           456        1.69288898e+06    6.3701530300e-06
       194           464        1.65490341e+06    6.2272175491e-06
       195           472        1.61864719e+06    6.0907894209e-06
       196           480        1.58335218e+06    5.9579782407e-06
       197           488        1.54963503e+06    5.8311043356e-06
       198           496        1.51711010e+06    5.7087166248e-06
       199           504        1.48557657e+06    5.5900594841e-06
       200           512        1.45548495e+06    5.4768280518e-06
       201           520        1.42623071e+06    5.3667475900e-06
       202           528        1.39828056e+06    5.2615742934e-06
       203           536        1.37130971e+06    5.1600860014e-06
       204           544        1.34488284e+06    5.0606445968e-06
       205           552        1.31954568e+06    4.9653036953e-06
       206           560        1.29494464e+06    4.8727327097e-06
       207           568        1.27132903e+06    4.7838698075e-06
       208           576        1.24816932e+06    4.6967223959e-06
       209           584        1.22607227e+06    4.6135736409e-06
       210           592        1.20441547e+06    4.5320815216e-06
       211           600        1.18333845e+06    4.4527710231e-06
       212           608        1.16309270e+06    4.3765885358e-06
       213           616        1.14352324e+06    4.3029508309e-06
       214           624        1.12419550e+06    4.2302226755e-06
       215           632        1.10576129e+06    4.1608568046e-06
       216           640        1.08777630e+06    4.0931812824e-06
       217           648        1.07015419e+06    4.0268712497e-06
       218           656        1.05333057e+06    3.9635658406e-06
       219           664        1.03663733e+06    3.9007510206e-06
       220           672        1.02047467e+06    3.8399327187e-06
       221           680        1.00479031e+06    3.7809142142e-06
       222           688        9.89805533e+05    3.7245281799e-06
       223           696        9.74688835e+05    3.6676457261e-06
       224           704        9.60116973e+05    3.6128134306e-06
       225           712        9.46045832e+05    3.5598652919e-06
       226           720        9.32413383e+05    3.5085679010e-06
       227           728        9.19091202e+05    3.4584380132e-06
       228           736        9.05915549e+05    3.4088594984e-06
       229           744        8.93008096e+05    3.3602901876e-06
       230           752        8.80730891e+05    3.3140924279e-06
       231           760        8.68520891e+05    3.2681475553e-06
       232           768        8.56469084e+05    3.2227979450e-06
       233           776        8.45099150e+05    3.1800141474e-06
       234           784        8.33816110e+05    3.1375573247e-06
       235           792        8.22704118e+05    3.0957441327e-06
       236           800        8.11990793e+05    3.0554310823e-06
       237           808        8.01360218e+05    3.0154294109e-06
       238           816        7.91063844e+05    2.9766852988e-06
       239           824        7.81040077e+05    2.9389669799e-06
       240           832        7.71041296e+05    2.9013426758e-06
       241           840        7.61307694e+05    2.8647162154e-06
       242           848        7.51808216e+05    2.8289707342e-06
       243           856        7.42750244e+05    2.7948865923e-06
       244           864        7.33726044e+05    2.7609295338e-06
       245           872        7.24915811e+05    2.7277776046e-06
       246           880        7.16134984e+05    2.6947363273e-06
       247           888        7.07703398e+05    2.6630092102e-06
       248           896        6.99308838e+05    2.6314214107e-06
       249           904        6.91129909e+05    2.6006450104e-06
       250           912        6.83165492e+05    2.5706757975e-06
       251           920        6.75417504e+05    2.5415209779e-06
       252           928        6.67751598e+05    2.5126750255e-06
       253           936        6.60271185e+05    2.4845270652e-06
       254           944        6.52835777e+05    2.4565484491e-06
       255           952        6.45624725e+05    2.4294140620e-06
       256           960        6.38502202e+05    2.4026128004e-06
       257           976        1.25638086e+06    2.3638107432e-06
       258           992        1.22931961e+06    2.3128965103e-06
       259          1008        1.20328412e+06    2.2639121834e-06
       260          1024        1.17851146e+06    2.2173038009e-06
       261          1040        1.15453002e+06    2.1721840539e-06
       262          1056        1.13130528e+06    2.1284879897e-06
       263          1072        1.10885941e+06    2.0862573415e-06
       264          1088        1.08723901e+06    2.0455797540e-06
       265          1104        1.06631786e+06    2.0062177881e-06
       266          1120        1.04602471e+06    1.9680373429e-06
       267          1136        1.02636920e+06    1.9310566027e-06
       268          1152        1.00728307e+06    1.8951471135e-06
       269          1168        9.88897709e+05    1.8605560703e-06
       270          1184        9.71067544e+05    1.8270096060e-06
       271          1200        9.54018515e+05    1.7949328053e-06
       272          1216        9.37194717e+05    1.7632797642e-06
       273          1232        9.20941419e+05    1.7327000870e-06
       274          1248        9.05139693e+05    1.7029700181e-06
       275          1264        8.89721179e+05    1.6739609412e-06
       276          1280        8.74856461e+05    1.6459938000e-06
       277          1296        8.60637293e+05    1.6192412268e-06
       278          1312        8.46517628e+05    1.5926758620e-06
       279          1328        8.32691047e+05    1.5666619180e-06
       280          1344        8.19472388e+05    1.5417917466e-06
       281          1360        8.06404911e+05    1.5172060147e-06
       282          1376        7.93730876e+05    1.4933605214e-06
       283          1392        7.81717310e+05    1.4707576647e-06
       284          1408        7.69763907e+05    1.4482680028e-06
       285          1424        7.58254287e+05    1.4266132915e-06
       286          1440        7.46846010e+05    1.4051492531e-06
       287          1456        7.35619168e+05    1.3840265728e-06
       288          1472        7.25073201e+05    1.3641849221e-06
       289          1488        7.14480584e+05    1.3442555025e-06
       290          1504        7.04307077e+05    1.3251146158e-06
       291          1520        6.94335024e+05    1.3063527518e-06
       292          1536        6.84627607e+05    1.2880887854e-06
       293          1552        6.75283977e+05    1.2705092660e-06
       294          1568        6.65961364e+05    1.2529692879e-06
       295          1584        6.56767538e+05    1.2356716151e-06
       296          1600        6.47884001e+05    1.2189577344e-06
       297          1616        6.39174001e+05    1.2025703536e-06
       298          1632        6.30717935e+05    1.1866607355e-06
       299          1648        6.22416865e+05    1.1710427341e-06
       300          1664        6.14281142e+05    1.1557358228e-06
       301          1680        6.06345113e+05    1.1408046251e-06
       302          1696        5.98693813e+05    1.1264091304e-06
       303          1712        5.91103815e+05    1.1121289697e-06
       304          1728        5.83635956e+05    1.0980786078e-06
       305          1744        5.76414689e+05    1.0844921963e-06
       306          1760        5.69370273e+05    1.0712385187e-06
       307          1776        5.62238796e+05    1.0578210409e-06
       308          1792        5.55452921e+05    1.0450537955e-06
       309          1808        5.48810637e+05    1.0325567069e-06
       310          1824        5.42078873e+05    1.0198912672e-06
       311          1840        5.35864034e+05    1.0081983934e-06
       312          1856        5.29565236e+05    9.9634755464e-07
       313          1872        5.23417496e+05    9.8478092385e-07
       314          1888        5.17307203e+05    9.7328474695e-07
       315          1904        5.11623508e+05    9.6259118994e-07
       316          1920        5.05712062e+05    9.5146913396e-07
       317          1936        4.99990104e+05    9.4070358782e-07
       318          1952        4.94327902e+05    9.3005046992e-07
       319          1968        4.88918157e+05    9.1987233556e-07
       320          1984        4.83628782e+05    9.0992066932e-07
       321          2016        9.51175055e+05    8.9479149608e-07
       322          2048        9.30913751e+05    8.7573123813e-07
       323          2080        9.11233105e+05    8.5721721746e-07
       324          2112        8.92334980e+05    8.3943933101e-07
       325          2144        8.74122867e+05    8.2230679194e-07
       326          2176        8.56498117e+05    8.0572679823e-07
       327          2208        8.39430459e+05    7.8967087394e-07
       328          2240        8.23133023e+05    7.7433951347e-07
       329          2272        8.06903940e+05    7.5907245519e-07
       330          2304        7.91452980e+05    7.4453739338e-07
       331          2336        7.76520396e+05    7.3048998024e-07
       332          2368        7.62023254e+05    7.1685219671e-07
       333          2400        7.48014184e+05    7.0367355366e-07
       334          2432        7.34581534e+05    6.9103716175e-07
       335          2464        7.21186278e+05    6.7843594664e-07
       336          2496        7.08539976e+05    6.6653928949e-07
       337          2528        6.96140251e+05    6.5487459319e-07
       338          2560        6.84078020e+05    6.4352738466e-07
       339          2592        6.72218023e+05    6.3237042168e-07
       340          2624        6.60916831e+05    6.2173913976e-07
       341          2656        6.49792557e+05    6.1127428807e-07
       342          2688        6.39133735e+05    6.0124729721e-07
       343          2720        6.28585065e+05    5.9132392904e-07
       344          2752        6.18625138e+05    5.8195440511e-07
       345          2784        6.08642557e+05    5.7256356928e-07
       346          2816        5.98978307e+05    5.6347219469e-07
       347          2848        5.89719569e+05    5.5476229371e-07
       348          2880        5.80783025e+05    5.4635548912e-07
       349          2912        5.71851759e+05    5.3795364839e-07
       350          2944        5.63034025e+05    5.2965861068e-07
       351          2976        5.54596981e+05    5.2172169564e-07
       352          3008        5.46354195e+05    5.1396752424e-07
       353          3040        5.38422593e+05    5.0650608936e-07
       354          3072        5.30675412e+05    4.9921814491e-07
       355          3104        5.22772709e+05    4.9178389666e-07
       356          3136        5.15429228e+05    4.8487572105e-07
       357          3168        5.08161315e+05    4.7803863323e-07
       358          3200        5.01151820e+05    4.7144464570e-07
       359          3232        4.94060570e+05    4.6477374935e-07
       360          3264        4.87215480e+05    4.5833442109e-07
       361          3296        4.80565879e+05    4.5207899447e-07
       362          3328        4.74254016e+05    4.4614128483e-07
       363          3360        4.68021815e+05    4.4027851422e-07
       364          3392        4.61723575e+05    4.3435362014e-07
       365          3424        4.55695546e+05    4.2868291922e-07
       366          3456        4.49703635e+05    4.2304619532e-07
       367          3488        4.43814668e+05    4.1750631329e-07
       368          3520        4.38186398e+05    4.1221167562e-07
       369          3552        4.32767239e+05    4.0711375157e-07
       370          3584        4.27269783e+05    4.0194217302e-07
       371          3616        4.21859924e+05    3.9685299840e-07
       372          3648        4.16617269e+05    3.9192111658e-07
       373          3680        4.11610500e+05    3.8721113777e-07
       374          3712        4.06604958e+05    3.8250231337e-07
       375          3744        4.01693720e+05    3.7788220218e-07
       376          3776        3.96918539e+05    3.7339008412e-07
       377          3808        3.92233118e+05    3.6898240424e-07
       378          3840        3.87642175e+05    3.6466360231e-07
       379          3872        3.83007890e+05    3.6030402700e-07
       380          3904        3.78542345e+05    3.5610319020e-07
       381          3936        3.74324391e+05    3.5213526691e-07
       382          3968        3.70050895e+05    3.4811509414e-07
       383          4000        3.65894930e+05    3.4420548608e-07
       384          4032        3.61825654e+05    3.4037742717e-07
       385          4096        7.11251683e+05    3.3454512617e-07
       386          4160        6.95807075e+05    3.2728058338e-07
       387          4224        6.80715576e+05    3.2018212939e-07
       388          4288        6.66243246e+05    3.1337490830e-07
       389          4352        6.52237259e+05    3.0678703666e-07
       390          4416        6.38949039e+05    3.0053677506e-07
       391          4480        6.25888656e+05    2.9439367878e-07
       392          4544        6.13331114e+05    2.8848709953e-07
       393          4608        6.00890386e+05    2.8263546478e-07
       394          4672        5.89436345e+05    2.7724792961e-07
       395          4736        5.77997604e+05    2.7186759072e-07
       396          4800        5.66777874e+05    2.6659026628e-07
       397          4864        5.56062982e+05    2.6155039779e-07
       398          4928        5.45951151e+05    2.5679418571e-07
       399          4992        5.36119376e+05    2.5216970099e-07
       400          5056        5.26392346e+05    2.4759448481e-07
       401          5120        5.16786505e+05    2.4307627067e-07
       402          5184        5.07597841e+05    2.3875428067e-07
       403          5248        4.98801553e+05    2.3461684891e-07
       404          5312        4.90111855e+05    2.3052955298e-07
       405          5376        4.81684084e+05    2.2656545705e-07
       406          5440        4.73621627e+05    2.2277319095e-07
       407          5504        4.65627681e+05    2.1901314996e-07
       408          5568        4.57943731e+05    2.1539891852e-07
       409          5632        4.50433813e+05    2.1186654543e-07
       410          5696        4.43099734e+05    2.0841687949e-07
       411          5760        4.36018873e+05    2.0508631818e-07
       412          5824        4.29096058e+05    2.0183009541e-07
       413          5888        4.22374815e+05    1.9866868383e-07
       414          5952        4.15762959e+05    1.9555872426e-07
       415          6016        4.09479365e+05    1.9260316610e-07
       416          6080        4.03336986e+05    1.8971402973e-07
       417          6144        3.97342109e+05    1.8689427282e-07
       418          6208        3.91344995e+05    1.8407346356e-07
       419          6272        3.85464603e+05    1.8130755583e-07
       420          6336        3.79881668e+05    1.7868156023e-07
       421          6400        3.74305557e+05    1.7605877479e-07
       422          6464        3.68995228e+05    1.7356100273e-07
       423          6528        3.63851518e+05    1.7114160131e-07
       424          6592        3.58622864e+05    1.6868224606e-07
       425          6656        3.53600615e+05    1.6631997560e-07
       426          6720        3.48788265e+05    1.6405643323e-07
       427          6784        3.43861253e+05    1.6173895810e-07
       428          6848        3.39174009e+05    1.5953426101e-07
       429          6912        3.34680192e+05    1.5742054416e-07
       430          6976        3.30358051e+05    1.5538757722e-07
       431          7040        3.25904330e+05    1.5329272018e-07
       432          7104        3.21527131e+05    1.5123385592e-07
       433          7168        3.17226332e+05    1.4921092772e-07
       434          7232        3.13312986e+05    1.4737024177e-07
       435          7296        3.09448874e+05    1.4555271394e-07
       436          7360        3.05490368e+05    1.4369078653e-07
       437          7424        3.01593456e+05    1.4185783050e-07
       438          7488        2.97846287e+05    1.4009530806e-07
       439          7552        2.94178157e+05    1.3836996264e-07
       440          7616        2.90550822e+05    1.3666380534e-07
       441          7680        2.86883091e+05    1.3493864736e-07
       442          7744        2.83446992e+05    1.3332244005e-07
       443          7808        2.80102523e+05    1.3174933166e-07
       444          7872        2.76785505e+05    1.3018913553e-07
       445          7936        2.73363033e+05    1.2857933778e-07
       446          8000        2.70292016e+05    1.2713485108e-07
       447          8064        2.67173204e+05    1.2566788314e-07
       448          8128        2.64158138e+05    1.2424971337e-07
       449          8256        5.19175533e+05    1.2209998824e-07
       450          8384        5.07635664e+05    1.1938603541e-07
       451          8512        4.96020458e+05    1.1665436496e-07
       452          8640        4.85431099e+05    1.1416395363e-07
       453          8768        4.74845709e+05    1.1167447587e-07
       454          8896        4.64912336e+05    1.0933833970e-07
       455          9024        4.55325005e+05    1.0708358586e-07
       456          9152        4.45703996e+05    1.0482091168e-07
       457          9280        4.36800225e+05    1.0272691777e-07
       458          9408        4.27964420e+05    1.0064890838e-07
       459          9536        4.19393175e+05    9.8633118272e-08
       460          9664        4.11171212e+05    9.6699472431e-08
       461          9792        4.03360812e+05    9.4862618311e-08
       462          9920        3.95641576e+05    9.3047204121e-08
       463         10048        3.88240825e+05    9.1306691355e-08
       464         10176        3.80924491e+05    8.9586031946e-08
       465         10304        3.73901589e+05    8.7934381913e-08
       466         10432        3.67151548e+05    8.6346903639e-08
       467         10560        3.60892192e+05    8.4874824701e-08
       468         10688        3.54390692e+05    8.3345798345e-08
       469         10816        3.48111038e+05    8.1868945958e-08
       470         10944        3.42041293e+05    8.0441459999e-08
       471         11072        3.36162178e+05    7.9058806377e-08
       472         11200        3.30485108e+05    7.7723669970e-08
       473         11328        3.24742618e+05    7.6373148040e-08
       474         11456        3.19548629e+05    7.5151622941e-08
       475         11584        3.14280415e+05    7.3912641357e-08
       476         11712        3.09257943e+05    7.2731453602e-08
       477         11840        3.04321640e+05    7.1570531069e-08
       478         11968        2.99315421e+05    7.0393165894e-08
       479         12096        2.94510621e+05    6.9263170201e-08
       480         12224        2.90013278e+05    6.8205482678e-08
       481         12352        2.85421881e+05    6.7125675350e-08
       482         12480        2.81169770e+05    6.6125661679e-08
       483         12608        2.76728317e+05    6.5081118302e-08
       484         12736        2.72554386e+05    6.4099490796e-08
       485         12864        2.68612108e+05    6.3172343700e-08
       486         12992        2.64598751e+05    6.2228480281e-08
       487         13120        2.60776424e+05    6.1329543212e-08
       488         13248        2.56951557e+05    6.0430008940e-08
       489         13376        2.53244279e+05    5.9558129274e-08
       490         13504        2.49689716e+05    5.8722165080e-08
       491         13632        2.46296378e+05    5.7924118080e-08
       492         13760        2.42775093e+05    5.7095980206e-08
       493         13888        2.39456388e+05    5.6315485495e-08
       494         14016        2.36031118e+05    5.5509928535e-08
       495         14144        2.32742410e+05    5.4736488345e-08
       496         14272        2.29899398e+05    5.4067867351e-08
       497         14400        2.26783812e+05    5.3335142047e-08
       498         14528        2.24002383e+05    5.2681004056e-08
       499         14656        2.20990731e+05    5.1972722011e-08
       500         14784        2.18062558e+05    5.1284072766e-08
       501         14912        2.15163320e+05    5.0602228238e-08
       502         15040        2.12387277e+05    4.9949356879e-08
       503         15168        2.09836395e+05    4.9349439048e-08
       504         15296        2.07237685e+05    4.8738273140e-08
       505         15424        2.04519239e+05    4.8098947346e-08
       506         15552        2.02077164e+05    4.7524618830e-08
       507         15680        1.99399543e+05    4.6894894550e-08
       508         15808        1.97133702e+05    4.6362012727e-08
       509         15936        1.94680892e+05    4.5785159601e-08
       510         16064        1.92318881e+05    4.5229660452e-08
       511         16192        1.90086782e+05    4.4704714182e-08
       512         16320        1.87792543e+05    4.4165153887e-08
       513         16576        3.69263115e+05    4.3421751596e-08
       514         16832        3.60791992e+05    4.2425629895e-08
       515         17088        3.52435641e+05    4.1443004214e-08
       516         17344        3.44532438e+05    4.0513664388e-08
       517         17600        3.36970997e+05    3.9624512531e-08
       518         17856        3.29919575e+05    3.8795333804e-08
       519         18112        3.22748230e+05    3.7952053347e-08
       520         18368        3.16008201e+05    3.7159491456e-08
       521         18624        3.09100435e+05    3.6347205437e-08
       522         18880        3.02836173e+05    3.5610589060e-08
       523         19136        2.96625424e+05    3.4880265404e-08
       524         19392        2.90672990e+05    3.4180317047e-08
       525         19648        2.84976118e+05    3.3510420317e-08
       526         19904        2.79561148e+05    3.2873672555e-08
       527         20160        2.74132128e+05    3.2235272560e-08
       528         20416        2.68875006e+05    3.1617086154e-08
       529         20672        2.63816859e+05    3.1022297229e-08
       530         20928        2.58759603e+05    3.0427613061e-08
       531         21184        2.54211225e+05    2.9892768017e-08
       532         21440        2.49535363e+05    2.9342932153e-08
       533         21696        2.45020004e+05    2.8811969827e-08
       534         21952        2.40780310e+05    2.8313423021e-08
       535         22208        2.36327754e+05    2.7789845752e-08
       536         22464        2.32364034e+05    2.7323750877e-08
       537         22720        2.28405203e+05    2.6858230822e-08
       538         22976        2.24365222e+05    2.6383168347e-08
       539         23232        2.20588458e+05    2.5939057631e-08
       540         23488        2.17041984e+05    2.5522026702e-08
       541         23744        2.13483301e+05    2.5103560217e-08
       542         24000        2.10069968e+05    2.4702185509e-08
       543         24256        2.06622265e+05    2.4296769157e-08
       544         24512        2.03322334e+05    2.3908729305e-08
       545         24768        2.00018368e+05    2.3520215062e-08
       546         25024        1.96864797e+05    2.3149385771e-08
       547         25280        1.93956234e+05    2.2807366993e-08
       548         25536        1.90967108e+05    2.2455874885e-08
       549         25792        1.88111461e+05    2.2120078542e-08
       550         26048        1.85399484e+05    2.1801176400e-08
       551         26304        1.82397069e+05    2.1448121595e-08
       552         26560        1.79705594e+05    2.1131630352e-08
       553         26816        1.77183340e+05    2.0835037831e-08
       554         27072        1.74676711e+05    2.0540282584e-08
       555         27328        1.72103867e+05    2.0237741159e-08
       556         27584        1.69598232e+05    1.9943102905e-08
       557         27840        1.67254764e+05    1.9667533824e-08
       558         28096        1.64856657e+05    1.9385539808e-08
       559         28352        1.62785742e+05    1.9142020345e-08
       560         28608        1.60444162e+05    1.8866673313e-08
       561         28864        1.58293871e+05    1.8613819898e-08
       562         29120        1.56185934e+05    1.8365947058e-08
       563         29376        1.54070218e+05    1.8117159461e-08
       564         29632        1.52038874e+05    1.7878293170e-08
       565         29888        1.50020879e+05    1.7640996591e-08
       566         30144        1.47979942e+05    1.7401002150e-08
       567         30400        1.46050561e+05    1.7174125740e-08
       568         30656        1.44230000e+05    1.6960045480e-08
       569         30912        1.42325462e+05    1.6736090323e-08
       570         31168        1.40432374e+05    1.6513481634e-08
       571         31424        1.38810355e+05    1.6322747968e-08
       572         31680        1.36941445e+05    1.6102982338e-08
       573         31936        1.35368160e+05    1.5917979258e-08
       574         32192        1.33733508e+05    1.5725760045e-08
       575         32448        1.31980855e+05    1.5519665180e-08
       576         32704        1.30386570e+05    1.5332192704e-08
       577         33216        2.56176112e+05    1.5061909814e-08
       578         33728        2.50368553e+05    1.4720453618e-08
       579         34240        2.44617909e+05    1.4382343672e-08
       580         34752        2.38917336e+05    1.4047177735e-08
       581         35264        2.33577867e+05    1.3733242887e-08
       582         35776        2.28341319e+05    1.3425359312e-08
       583         36288        2.23333209e+05    1.3130906845e-08
       584         36800        2.18747365e+05    1.2861281520e-08
       585         37312        2.14051094e+05    1.2585163585e-08
       586         37824        2.09541970e+05    1.2320048996e-08
       587         38336        2.05177275e+05    1.2063426201e-08
       588         38848        2.01129369e+05    1.1825429004e-08
       589         39360        1.96963862e+05    1.1580517409e-08
       590         39872        1.93225739e+05    1.1360733946e-08
       591         40384        1.89311258e+05    1.1130581498e-08
       592         40896        1.85588678e+05    1.0911711897e-08
       593         41408        1.82057063e+05    1.0704070152e-08
       594         41920        1.78544694e+05    1.0497559915e-08
       595         42432        1.75212516e+05    1.0301644070e-08
       596         42944        1.71989175e+05    1.0112127270e-08
       597         43456        1.68819458e+05    9.9257633213e-09
       598         43968        1.65825451e+05    9.7497302307e-09
       599         44480        1.62770971e+05    9.5701416758e-09
       600         44992        1.59913184e+05    9.4021177067e-09
       601         45504        1.57034608e+05    9.2328714254e-09
       602         46016        1.54107788e+05    9.0607886518e-09
       603         46528        1.51654981e+05    8.9165755197e-09
       604         47040        1.49148377e+05    8.7691993883e-09
       605         47552        1.46592102e+05    8.6189028248e-09
       606         48064        1.44133188e+05    8.4743306544e-09
       607         48576        1.41816414e+05    8.3381156010e-09
       608         49088        1.39652357e+05    8.2108795650e-09
       609         49600        1.37361138e+05    8.0761670706e-09
       610         50112        1.35011850e+05    7.9380403544e-09
       611         50624        1.33004115e+05    7.8199953117e-09
       612         51136        1.31001831e+05    7.7022707323e-09
       613         51648        1.28931435e+05    7.5805415175e-09
       614         52160        1.27061069e+05    7.4705730464e-09
       615         52672        1.25227712e+05    7.3627805924e-09
       616         53184        1.23243569e+05    7.2461226075e-09
       617         53696        1.21394043e+05    7.1373795077e-09
       618         54208        1.19652404e+05    7.0349795676e-09
       619         54720        1.17777016e+05    6.9247159270e-09
       620         55232        1.16220680e+05    6.8332109199e-09
       621         55744        1.14589497e+05    6.7373053057e-09
       622         56256        1.12899266e+05    6.6379279431e-09
       623         56768        1.11398506e+05    6.5496905429e-09
       624         57280        1.09758338e+05    6.4532565932e-09
       625         57792        1.08213835e+05    6.3624473535e-09
       626         58304        1.06665780e+05    6.2714292717e-09
       627         58816        1.05240456e+05    6.1876270992e-09
       628         59328        1.03876617e+05    6.1074400070e-09
       629         59840        1.02436122e+05    6.0227459093e-09
       630         60352        1.01230873e+05    5.9518831439e-09
       631         60864        9.98908807e+04    5.8730981068e-09
       632         61376        9.84740977e+04    5.7897981552e-09
       633         61888        9.71997437e+04    5.7148723325e-09
       634         62400        9.58886548e+04    5.6377866838e-09
       635         62912        9.46375457e+04    5.5642275495e-09
       636         63424        9.35117234e+04    5.4980346701e-09
       637         63936        9.23548541e+04    5.4300163807e-09
       638         64448        9.11842272e+04    5.3611892105e-09
       639         64960        9.01453528e+04    5.3001084489e-09
       640         65472        8.89563236e+04    5.2301993138e-09
       641         66496        1.74710211e+05    5.1360554646e-09
       642         67520        1.70527684e+05    5.0130993490e-09
       643         68544        1.66397815e+05    4.8916912318e-09
       644         69568        1.62633821e+05    4.7810389688e-09
       645         70592        1.58978506e+05    4.6735816022e-09
       646         71616        1.55365122e+05    4.5673568817e-09
       647         72640        1.52107670e+05    4.4715957185e-09
       648         73664        1.48659392e+05    4.3702247306e-09
       649         74688        1.45431577e+05    4.2753348248e-09
       650         75712        1.42247989e+05    4.1817450526e-09
       651         76736        1.39536996e+05    4.1020484670e-09
       652         77760        1.36663428e+05    4.0175725380e-09
       653         78784        1.33779608e+05    3.9327952467e-09
       654         79808        1.30969737e+05    3.8501918832e-09
       655         80832        1.28558147e+05    3.7792969969e-09
       656         81856        1.26006997e+05    3.7042993964e-09
       657         82880        1.23454680e+05    3.6292674738e-09
       658         83904        1.21155820e+05    3.5616865665e-09
       659         84928        1.18910681e+05    3.4956849577e-09
       660         85952        1.16547789e+05    3.4262216734e-09
       661         86976        1.14357523e+05    3.3618331630e-09
       662         88000        1.12084443e+05    3.2950101384e-09
       663         89024        1.10251388e+05    3.2411227904e-09
       664         90048        1.08441072e+05    3.1879039012e-09
       665         91072        1.06431593e+05    3.1288300833e-09
       666         92096        1.04650216e+05    3.0764619330e-09
       667         93120        1.02785331e+05    3.0216388618e-09
       668         94144        1.01074604e+05    2.9713476422e-09
       669         95168        9.93234454e+04    2.9198678357e-09
       670         96192        9.76401777e+04    2.8703838554e-09
       671         97216        9.60352957e+04    2.8232042268e-09
       672         98240        9.44188972e+04    2.7756860411e-09
       673         99264        9.28925533e+04    2.7308152408e-09
       674        100288        9.14738426e+04    2.6891085963e-09
       675        101312        8.98537221e+04    2.6414809905e-09
       676        102336        8.85133464e+04    2.6020772054e-09
       677        103360        8.71742843e+04    2.5627120325e-09
       678        104384        8.59628947e+04    2.5271001234e-09
       679        105408        8.44787614e+04    2.4834702139e-09
       680        106432        8.31832970e+04    2.4453867079e-09
       681        107456        8.19205622e+04    2.4082653754e-09
       682        108480        8.08541726e+04    2.3769161138e-09
       683        109504        7.95534277e+04    2.3386773752e-09
       684        110528        7.85421358e+04    2.3089478525e-09
       685        111552        7.72179962e+04    2.2700213674e-09
       686        112576        7.62662360e+04    2.2420419327e-09
       687        113600        7.52236117e+04    2.2113913111e-09
       688        114624        7.40869251e+04    2.1779754899e-09
       689        115648        7.30627919e+04    2.1478684621e-09
       690        116672        7.19102703e+04    2.1139871297e-09
       691        117696        7.10568033e+04    2.0888972745e-09
       692        118720        7.01579289e+04    2.0624725534e-09
       693        119744        6.91695140e+04    2.0334155560e-09
       694        120768        6.82520571e+04    2.0064445549e-09
       695        121792        6.72893122e+04    1.9781421947e-09
       696        122816        6.63044150e+04    1.9491886111e-09
       697        123840        6.56219277e+04    1.9291251433e-09
       698        124864        6.47392437e+04    1.9031763793e-09
       699        125888        6.38663109e+04    1.8775142788e-09
       700        126912        6.30526320e+04    1.8535940963e-09
       701        127936        6.23211536e+04    1.8320904088e-09
       702        128960        6.15466827e+04    1.8093228497e-09
       703        129984        6.07370216e+04    1.7855207797e-09
       704        131008        5.99383909e+04    1.7620429783e-09
       705        133056        1.17946807e+05    1.7336746973e-09
       706        135104        1.15082641e+05    1.6915749350e-09
       707        137152        1.12290265e+05    1.6505304074e-09
       708        139200        1.09656956e+05    1.6118239564e-09
       709        141248        1.07258119e+05    1.5765639788e-09
       710        143296        1.04806148e+05    1.5405229882e-09
       711        145344        1.02470235e+05    1.5061878961e-09
       712        147392        1.00297544e+05    1.4742519889e-09
       713        149440        9.81268147e+04    1.4423449009e-09
       714        151488        9.61235254e+04    1.4128989827e-09
       715        153536        9.41633731e+04    1.3840871267e-09
       716        155584        9.20308071e+04    1.3527409988e-09
       717        157632        9.02891637e+04    1.3271409578e-09
       718        159680        8.84473084e+04    1.3000679233e-09
       719        161728        8.67189061e+04    1.2746625106e-09
       720        163776        8.50209201e+04    1.2497041798e-09
       721        165824        8.32920266e+04    1.2242915483e-09
       722        167872        8.18166954e+04    1.2026059727e-09
       723        169920        8.01140888e+04    1.1775797253e-09
       724        171968        7.87023198e+04    1.1568284365e-09
       725        174016        7.72881015e+04    1.1360411469e-09
       726        176064        7.59170076e+04    1.1158877330e-09
       727        178112        7.43875622e+04    1.0934067442e-09
       728        180160        7.31950482e+04    1.0758782386e-09
       729        182208        7.19663731e+04    1.0578182077e-09
       730        184256        7.08303731e+04    1.0411203885e-09
       731        186304        6.94985609e+04    1.0215443683e-09
       732        188352        6.83906561e+04    1.0052595141e-09
       733        190400        6.71653325e+04    9.8724874650e-10
       734        192448        6.59290673e+04    9.6907715035e-10
       735        194496        6.49608096e+04    9.5484494037e-10
       736        196544        6.37225977e+04    9.3664473009e-10
       737        198592        6.27915317e+04    9.2295919177e-10
       738        200640        6.18071409e+04    9.0848984263e-10
       739        202688        6.07683782e+04    8.9322129373e-10
       740        204736        5.97858350e+04    8.7877910377e-10
       741        206784        5.89052043e+04    8.6583490275e-10
       742        208832        5.80711789e+04    8.5357574343e-10
       743        210880        5.72117931e+04    8.4094381697e-10
       744        212928        5.62984695e+04    8.2751907015e-10
       745        214976        5.55152779e+04    8.1600710526e-10
       746        217024        5.47476612e+04    8.0472407208e-10
       747        219072        5.39031802e+04    7.9231122839e-10
       748        221120        5.31061916e+04    7.8059646504e-10
       749        223168        5.21879975e+04    7.6710012694e-10
       750        225216        5.15622843e+04    7.5790290350e-10
       751        227264        5.07898782e+04    7.4654947283e-10
       752        229312        5.01755520e+04    7.3751962527e-10
       753        231360        4.93973515e+04    7.2608102373e-10
       754        233408        4.87014505e+04    7.1585212469e-10
       755        235456        4.79961942e+04    7.0548571367e-10
       756        237504        4.74414201e+04    6.9733120857e-10
       757        239552        4.67294873e+04    6.8686666265e-10
       758        241600        4.62260495e+04    6.7946673867e-10
       759        243648        4.55142234e+04    6.6900375963e-10
       760        245696        4.49626320e+04    6.6089603695e-10
       761        247744        4.42587449e+04    6.5054975282e-10
       762        249792        4.37470114e+04    6.4302789236e-10
       763        251840        4.31889492e+04    6.3482505661e-10
       764        253888        4.26245457e+04    6.2652901042e-10
       765        255936        4.20040279e+04    6.1740815351e-10
       766        257984        4.16986421e+04    6.1291935365e-10
       767        260032        4.11915571e+04    6.0546582015e-10
       768        262080        4.06428794e+04    5.9740092540e-10
       769        266176        7.96884581e+04    5.8566173559e-10
       770        270272        7.78809898e+04    5.7237794228e-10
       771        274368        7.59107310e+04    5.5789773694e-10
       772        278464        7.42412094e+04    5.4562776804e-10
       773        282560        7.25456688e+04    5.3316657505e-10
       774        286656        7.06986777e+04    5.1959231287e-10
       775        290752        6.90984442e+04    5.0783156919e-10
       776        294848        6.75005495e+04    4.9608801451e-10
       777        298944        6.60355368e+04    4.8532106161e-10
       778        303040        6.46812424e+04    4.7536782074e-10
       779        307136        6.32850901e+04    4.6510694998e-10
       780        311232        6.18892107e+04    4.5484808445e-10
       781        315328        6.03621942e+04    4.4362544125e-10
       782        319424        5.91467766e+04    4.3469286122e-10
       783        323520        5.81617931e+04    4.2745383111e-10
       784        327616        5.69288287e+04    4.1839229163e-10
       785        331712        5.58183261e+04    4.1023077289e-10
       786        335808        5.47225952e+04    4.0217781625e-10
       787        339904        5.35681256e+04    3.9369316675e-10
       788        344000        5.25372830e+04    3.8611709985e-10
       789        348096        5.14931383e+04    3.7844327112e-10
       790        352192        5.04505711e+04    3.7078103540e-10
       791        356288        4.94739467e+04    3.6360343987e-10
       792        360384        4.85680393e+04    3.5694557135e-10
       793        364480        4.76707183e+04    3.5035080687e-10
       794        368576        4.68360495e+04    3.4421649860e-10
       795        372672        4.59055203e+04    3.3737767461e-10
       796        376768        4.49845000e+04    3.3060873513e-10
       797        380864        4.41078553e+04    3.2416592960e-10
       798        384960        4.33768096e+04    3.1879318812e-10
       799        389056        4.26437449e+04    3.1340560795e-10
       800        393152        4.17595635e+04    3.0690741150e-10
       801        397248        4.09615013e+04    3.0104213949e-10
       802        401344        4.04625736e+04    2.9737532438e-10
       803        405440        3.98161980e+04    2.9262485631e-10
       804        409536        3.90722589e+04    2.8715735616e-10
       805        413632        3.84675812e+04    2.8271334282e-10
       806        417728        3.78339327e+04    2.7805641162e-10
       807        421824        3.71790939e+04    2.7324374419e-10
       808        425920        3.65235660e+04    2.6842601239e-10
       809        430016        3.59031332e+04    2.6386620882e-10
       810        434112        3.53915508e+04    2.6010638846e-10
       811        438208        3.46827348e+04    2.5489702173e-10
       812        442304        3.41336662e+04    2.5086170175e-10
       813        446400        3.36395964e+04    2.4723058902e-10
       814        450496        3.31429937e+04    2.4358086031e-10
       815        454592        3.27500609e+04    2.4069304348e-10
       816        458688        3.21137817e+04    2.3601677815e-10
       817        462784        3.16201282e+04    2.3238872456e-10
       818        466880        3.10754937e+04    2.2838599186e-10
       819        470976        3.07210431e+04    2.2578099605e-10
       820        475072        3.02059797e+04    2.2199559272e-10
       821        479168        2.98149162e+04    2.1912151402e-10
       822        483264        2.93972766e+04    2.1605211683e-10
       823        487360        2.90959784e+04    2.1383775801e-10
       824        491456        2.85853020e+04    2.1008459687e-10
       825        495552        2.82614201e+04    2.0770426116e-10
       826        499648        2.77256193e+04    2.0376645120e-10
       827        503744        2.73747424e+04    2.0118771921e-10
       828        507840        2.70213985e+04    1.9859085623e-10
       829        511936        2.68006409e+04    1.9696842193e-10
       830        516032        2.63495279e+04    1.9365301596e-10
       831        520128        2.59943820e+04    1.9104290916e-10
       832        524224        2.55489695e+04    1.8776939845e-10
       833        532416        5.03585863e+04    1.8505250162e-10
       834        540608        4.90446459e+04    1.8022417009e-10
       835        548800        4.79512170e+04    1.7620615103e-10
       836        556992        4.68300152e+04    1.7208607521e-10
       837        565184        4.57325838e+04    1.6805334804e-10
       838        573376        4.48480406e+04    1.6480292077e-10
       839        581568        4.39527335e+04    1.6151293922e-10
       840        589760        4.28330964e+04    1.5739861328e-10
       841        597952        4.20545317e+04    1.5453762452e-10
       842        606144        4.13331827e+04    1.5188688621e-10
       843        614336        4.04748591e+04    1.4873280779e-10
       844        622528        3.96454505e+04    1.4568498312e-10
       845        630720        3.91445964e+04    1.4384449664e-10
       846        638912        3.84718477e+04    1.4137234949e-10
       847        647104        3.77367030e+04    1.3867091623e-10
       848        655296        3.72315140e+04    1.3681449985e-10
       849        663488        3.65951383e+04    1.3447601278e-10
       850        671680        3.59340317e+04    1.3204664692e-10
       851        679872        3.54925876e+04    1.3042447377e-10
       852        688064        3.50295774e+04    1.2872305216e-10
       853        696256        3.45472094e+04    1.2695049627e-10
       854        704448        3.39487690e+04    1.2475140982e-10
       855        712640        3.34977551e+04    1.2309407058e-10
       856        720832        3.31964112e+04    1.2198672328e-10
       857        729024        3.27459061e+04    1.2033125403e-10
       858        737216        3.21642589e+04    1.1819387729e-10
       859        745408        3.18106536e+04    1.1689448516e-10
       860        753600        3.14066168e+04    1.1540977269e-10
       861        761792        3.09409746e+04    1.1369867935e-10
       862        769984        3.05622081e+04    1.1230682757e-10
       863        778176        3.00801548e+04    1.1053542819e-10
       864        786368        2.97700216e+04    1.0939578274e-10
       865        794560        2.94090114e+04    1.0806918013e-10
       866        802752        2.89818071e+04    1.0649933410e-10
       867        810944        2.85557792e+04    1.0493381096e-10
       868        819136        2.83203008e+04    1.0406849930e-10
       869        827328        2.80177754e+04    1.0295681046e-10
       870        835520        2.77201637e+04    1.0186317799e-10
       871        843712        2.72196091e+04    1.0002379206e-10
       872        851904        2.68051954e+04    9.8500947622e-11
       873        860096        2.64150127e+04    9.7067144618e-11
       874        868288        2.60393756e+04    9.5686792587e-11
       875        876480        2.58146307e+04    9.4860923287e-11
       876        884672        2.54481523e+04    9.3514226436e-11
       877        892864        2.50502373e+04    9.2052009823e-11
       878        901056        2.46349302e+04    9.0525882410e-11
       879        909248        2.43063223e+04    8.9318348353e-11
       880        917440        2.40142030e+04    8.8244898734e-11
       881        925632        2.36740241e+04    8.6994844525e-11
       882        933824        2.33680305e+04    8.5870410830e-11
       883        942016        2.30182563e+04    8.4585097259e-11
       884        950208        2.26884226e+04    8.3373058434e-11
       885        958400        2.21805406e+04    8.1506746495e-11
       886        966592        2.19352449e+04    8.0605359392e-11
       887        974784        2.17254251e+04    7.9834335398e-11
       888        982976        2.14038135e+04    7.8652510224e-11
       889        991168        2.10488096e+04    7.7347979112e-11
       890        999360        2.07288350e+04    7.6172169620e-11
       891       1007552        2.03645152e+04    7.4833405076e-11
       892       1015744        2.00761904e+04    7.3773898784e-11
       893       1023936        1.96344061e+04    7.2150475864e-11
       894       1032128        1.93234645e+04    7.1007859883e-11
       895       1040320        1.91723261e+04    7.0452472468e-11
       896       1048512        1.87648820e+04    6.8955238985e-11
       897       1064896        3.66320140e+04    6.7305759765e-11
       898       1081280        3.53222310e+04    6.4899232521e-11
       899       1097664        3.40937500e+04    6.2642085404e-11
       900       1114048        3.28612970e+04    6.0377640192e-11
       901       1130432        3.15645216e+04    5.7995012463e-11
       902       1146816        3.02509378e+04    5.5581501897e-11
       903       1163200        2.93372500e+04    5.3902739359e-11
       904       1179584        2.81301282e+04    5.1684836412e-11
       905       1195968        2.72287754e+04    5.0028737609e-11
       906       1212352        2.59795406e+04    4.7733458526e-11
       907       1228736        2.48292386e+04    4.5619953322e-11
       908       1245120        2.36486827e+04    4.3450861345e-11
       909       1261504        2.26742030e+04    4.1660402967e-11
       910       1277888        2.15360876e+04    3.9569288694e-11
       911       1294272        2.05438947e+04    3.7746285007e-11
       912       1310656        1.94002411e+04    3.5644995370e-11
       913       1327040        1.83052817e+04    3.3633173858e-11
       914       1343424        1.74218731e+04    3.2010044727e-11
       915       1359808        1.65479924e+04    3.0404421699e-11
       916       1376192        1.55536079e+04    2.8577391235e-11
       917       1392576        1.46216066e+04    2.6864980512e-11
       918       1408960        1.37176675e+04    2.5204129786e-11
       919       1425344        1.28747690e+04    2.3655431904e-11
       920       1441728        1.20256802e+04    2.2095360186e-11
       921       1458112        1.11268655e+04    2.0443924702e-11
       922       1474496        1.04205228e+04    1.9146127424e-11
       923       1490880        9.68206218e+03    1.7789318164e-11
       924       1507264        8.89685279e+03    1.6346615213e-11
       925       1523648        8.17769036e+03    1.5025263506e-11
       926       1540032        7.56957995e+03    1.3907953031e-11
       927       1556416        6.91079949e+03    1.2697544037e-11
       928       1572800        6.33141371e+03    1.1633010686e-11
       929       1589184        5.78730838e+03    1.0633299814e-11
       930       1605568        5.30220431e+03    9.7419948089e-12
       931       1621952        4.77217640e+03    8.7681490408e-12
       932       1638336        4.25870305e+03    7.8247197771e-12
       933       1654720        3.83766371e+03    7.0511239626e-12
       934       1671104        3.44916751e+03    6.3373212364e-12
       935       1687488        3.06820305e+03    5.6373569122e-12
       936       1703872        2.77674873e+03    5.1018538926e-12
       937       1720256        2.45573350e+03    4.5120371856e-12
       938       1736640        2.16271701e+03    3.9736638926e-12
       939       1753024        1.87629822e+03    3.4474128998e-12
       940       1769408        1.63484518e+03    3.0037796148e-12
       941       1785792        1.42838832e+03    2.6244465170e-12
       942       1802176        1.19466878e+03    2.1950223679e-12
       943       1818560        1.03179569e+03    1.8957678002e-12
       944       1834944        9.13341371e+02    1.6781259949e-12
       945       1851328        7.60776650e+02    1.3978115011e-12
       946       1867712        6.49180203e+02    1.1927699863e-12
       947       1884096        5.43592640e+02    9.9876888153e-13
       948       1900480        4.43185279e+02    8.1428561273e-13
       949       1916864        3.60176396e+02    6.6176940216e-13
       950       1933248        3.08973350e+02    5.6769158553e-13
       951       1949632        2.66222081e+02    4.8914262433e-13
       952       1966016        2.12851523e+02    3.9108233246e-13
       953       1982400        1.67968274e+02    3.0861618250e-13
       954       1998784        1.45776650e+02    2.6784244454e-13
       955       2015168        1.07788071e+02    1.9804420321e-13
       956       2031552        9.52652284e+01    1.7503538259e-13
       957       2047936        6.66776650e+01    1.2251007835e-13
       958       2064320        5.92055838e+01    1.0878126443e-13
       959       2080704        4.55621827e+01    8.3713588047e-14
       960       2097088        3.03946701e+01    5.5845588038e-14
       961       2129856        4.69200508e+01    4.3104232110e-14
       962       2162624        2.23071066e+01    2.0492959512e-14
       963       2195392        1.29758883e+01    1.1920611617e-14
       964       2228160        6.51903553e+00    5.9888686433e-15
       965       2260928        3.97208122e+00    3.6490478593e-15
       966       2293696        1.78426396e+00    1.6391569617e-15
       967       2326464        1.15482234e-01    1.0609052882e-16
       968       2359232        6.34517766e-02    5.8291499350e-17
       969       2392000        4.06091371e-02    3.7306559584e-17
       970       2424768        1.52284264e-02    1.3989959844e-17
       971       2457536        7.61421320e-03    6.9949799220e-18
       972       2490304        3.80710660e-03    3.4974899610e-18
       973       2523072        2.53807107e-03    2.3316599740e-18
