         2             2        3.14987461e+03    3.0760494248e-01
         3             3        4.43348516e+02    4.3295753539e-02
         4             4        1.45886064e+02    1.4246685981e-02
         5             5        6.44883377e+01    6.2976892293e-03
         6             6        3.12865443e+01    3.0553265959e-03
         7             7        1.89067628e+01    1.8463635594e-03
         8             8        1.25461545e+01    1.2252103984e-03
         9             9        8.35709900e+00    8.1612294912e-04
        10            10        6.11334564e+00    5.9700641036e-04
        11            11        4.61516968e+00    4.5070016384e-04
        12            12        3.55429001e+00    3.4709863365e-04
        13            13        2.82855438e+00    2.7622601390e-04
        14            14        2.30200516e+00    2.2480519116e-04
        15            15        1.89717072e+00    1.8527057767e-04
        16            16        1.59448730e+00    1.5571165085e-04
        17            17        1.35455078e+00    1.3228034973e-04
        18            18        1.16553345e+00    1.1382162571e-04
        19            19        1.01141510e+00    9.8771005868e-05
        20            20        8.85461273e-01    8.6470827460e-05
        21            21        7.81947021e-01    7.6362013817e-05
        22            22        6.95948639e-01    6.7963734269e-05
        23            23        6.22335358e-01    6.0774937272e-05
        24            24        5.59767456e-01    5.4664790630e-05
        25            25        5.06150818e-01    4.9428790808e-05
        26            26        4.59554443e-01    4.4878363609e-05
        27            27        4.19646759e-01    4.0981128812e-05
        28            28        3.84542236e-01    3.7552952766e-05
        29            29        3.53515320e-01    3.4522980451e-05
        30            30        3.26113586e-01    3.1847029924e-05
        31            31        3.01406860e-01    2.9434263706e-05
        32            32        2.79866791e-01    2.7330741286e-05
        33            33        2.60494690e-01    2.5438934565e-05
        34            34        2.43215790e-01    2.3751541972e-05
        35            35        2.27667084e-01    2.2233113646e-05
        36            36        2.12958679e-01    2.0796746016e-05
        37            37        2.00122528e-01    1.9543215632e-05
        38            38        1.88147583e-01    1.8373787403e-05
        39            39        1.77517548e-01    1.7335698009e-05
        40            40        1.67611237e-01    1.6368284822e-05
        41            41        1.58536224e-01    1.5482053161e-05
        42            42        1.50154114e-01    1.4663487673e-05
        43            43        1.42550354e-01    1.3920933008e-05
        44            44        1.35385437e-01    1.3221234083e-05
        45            45        1.28773956e-01    1.2575581670e-05
        46            46        1.22982330e-01    1.2009993195e-05
        47            47        1.16901245e-01    1.1416137218e-05
        48            48        1.11535492e-01    1.0892137886e-05
        49            49        1.06670380e-01    1.0417029262e-05
        50            50        1.02177124e-01    9.9782347680e-06
        51            51        9.75532532e-02    9.5266848803e-06
        52            52        9.37127686e-02    9.1516375542e-06
        53            53        8.98475647e-02    8.7741762400e-06
        54            54        8.62329102e-02    8.4211826325e-06
        55            55        8.30839539e-02    8.1136673689e-06
        56            56        7.98956299e-02    7.8023076058e-06
        57            57        7.69317627e-02    7.5128674507e-06
        58            58        7.40426636e-02    7.2307288647e-06
        59            59        7.13375854e-02    6.9665610790e-06
        60            60        6.86853027e-02    6.7075490952e-06
        61            61        6.64361572e-02    6.4879059792e-06
        62            62        6.42459106e-02    6.2740147114e-06
        63            63        6.19523621e-02    6.0500353575e-06
        64            64        5.99250793e-02    5.8520585299e-06
        65            66        1.13890228e-01    5.5610463023e-06
        66            68        1.07061768e-01    5.2276253700e-06
        67            70        1.00855103e-01    4.9245655536e-06
        68            72        9.49855042e-02    4.6379640698e-06
        69            74        8.94912720e-02    4.3696910142e-06
        70            76        8.48703003e-02    4.1440576315e-06
        71            78        8.02601624e-02    3.9189532399e-06
        72            80        7.62928772e-02    3.7252381444e-06
        73            82        7.20692444e-02    3.5190060735e-06
        74            84        6.87239075e-02    3.3556595445e-06
        75            86        6.54371643e-02    3.1951740384e-06
        76            88        6.23243713e-02    3.0431821942e-06
        77            90        5.96900940e-02    2.9145553708e-06
        78            92        5.70051575e-02    2.7834549546e-06
        79            94        5.44168091e-02    2.6570707560e-06
        80            96        5.21746826e-02    2.5475919247e-06
        81            98        5.01118469e-02    2.4468675256e-06
        82           100        4.81629944e-02    2.3517087102e-06
        83           102        4.61203003e-02    2.2519677878e-06
        84           104        4.44967651e-02    2.1726936102e-06
        85           106        4.27128601e-02    2.0855888724e-06
        86           108        4.10858154e-02    2.0061433315e-06
        87           110        3.97079468e-02    1.9388645887e-06
        88           112        3.81861877e-02    1.8645599484e-06
        89           114        3.67391968e-02    1.7939060927e-06
        90           116        3.56063843e-02    1.7385929823e-06
        91           118        3.43702698e-02    1.6782358289e-06
        92           120        3.31962585e-02    1.6209110617e-06
        93           122        3.21423340e-02    1.5694499016e-06
        94           124        3.12159729e-02    1.5242174268e-06
        95           126        3.01100159e-02    1.4702156185e-06
        96           128        2.90412903e-02    1.4180317521e-06
        97           130        2.82981873e-02    1.3817474247e-06
        98           132        2.74357605e-02    1.3396367431e-06
        99           134        2.65917969e-02    1.2984275818e-06
       100           136        2.58380127e-02    1.2616217136e-06
       101           138        2.50225830e-02    1.2218058109e-06
       102           140        2.44157410e-02    1.1921748519e-06
       103           142        2.36524963e-02    1.1549070477e-06
       104           144        2.30706787e-02    1.1264979840e-06
       105           146        2.23689270e-02    1.0922327637e-06
       106           148        2.18005371e-02    1.0644793510e-06
       107           150        2.13240051e-02    1.0412111879e-06
       108           152        2.07412720e-02    1.0127574205e-06
       109           154        2.00903320e-02    9.8097324370e-07
       110           156        1.97488403e-02    9.6429884435e-07
       111           158        1.91973877e-02    9.3737244606e-07
       112           160        1.87368774e-02    9.1488659382e-07
       113           162        1.82160950e-02    8.8945776224e-07
       114           164        1.77523804e-02    8.6681544781e-07
       115           166        1.74055481e-02    8.4988027812e-07
       116           168        1.69770813e-02    8.2895904779e-07
       117           170        1.66226196e-02    8.1165134906e-07
       118           172        1.61685181e-02    7.8947842121e-07
       119           174        1.58546448e-02    7.7415257692e-07
       120           176        1.55850220e-02    7.6098740101e-07
       121           178        1.52102661e-02    7.4268877506e-07
       122           180        1.48352051e-02    7.2437524796e-07
       123           182        1.44679260e-02    7.0644170046e-07
       124           184        1.42193604e-02    6.9430470466e-07
       125           186        1.39280701e-02    6.8008154631e-07
       126           188        1.35864258e-02    6.6339969635e-07
       127           190        1.34056091e-02    6.5457075834e-07
       128           192        1.30668640e-02    6.3803046942e-07
       129           196        2.52384949e-02    6.1617419123e-07
       130           200        2.44015503e-02    5.9574097395e-07
       131           204        2.34266663e-02    5.7194009424e-07
       132           208        2.25094604e-02    5.4954737425e-07
       133           212        2.17256165e-02    5.3041055798e-07
       134           216        2.10551453e-02    5.1404163241e-07
       135           220        2.03266907e-02    4.9625709653e-07
       136           224        1.95654297e-02    4.7767162322e-07
       137           228        1.87806702e-02    4.5851245522e-07
       138           232        1.82232666e-02    4.4490396976e-07
       139           236        1.75210571e-02    4.2776018381e-07
       140           240        1.70645142e-02    4.1661411523e-07
       141           244        1.65808105e-02    4.0480494499e-07
       142           248        1.59960938e-02    3.9052963257e-07
       143           252        1.55429077e-02    3.7946552039e-07
       144           256        1.50114441e-02    3.6649033427e-07
       145           260        1.45219421e-02    3.5453960300e-07
       146           264        1.41658020e-02    3.4584477544e-07
       147           268        1.37637329e-02    3.3602863550e-07
       148           272        1.33441162e-02    3.2578408718e-07
       149           276        1.29843140e-02    3.1699985266e-07
       150           280        1.26086426e-02    3.0782818794e-07
       151           284        1.23246765e-02    3.0089542270e-07
       152           288        1.18690491e-02    2.8977170586e-07
       153           292        1.16268921e-02    2.8385967017e-07
       154           296        1.13081360e-02    2.7607753873e-07
       155           300        1.10655212e-02    2.7015432716e-07
       156           304        1.07957458e-02    2.6356801391e-07
       157           308        1.04820251e-02    2.5590881705e-07
       158           312        1.02705383e-02    2.5074556470e-07
       159           316        9.99862671e-03    2.4410709739e-07
       160           320        9.72824097e-03    2.3750588298e-07
       161           324        9.53842163e-03    2.3287162184e-07
       162           328        9.26864624e-03    2.2628530860e-07
       163           332        8.99246216e-03    2.1954253315e-07
       164           336        8.93875122e-03    2.1823123098e-07
       165           340        8.67065430e-03    2.1168589592e-07
       166           344        8.48495483e-03    2.0715221763e-07
       167           348        8.28445435e-03    2.0225718617e-07
       168           352        8.04000854e-03    1.9628927112e-07
       169           356        7.98782349e-03    1.9501522183e-07
       170           360        7.79846191e-03    1.9039213658e-07
       171           364        7.57278442e-03    1.8488243222e-07
       172           368        7.41455078e-03    1.8101930618e-07
       173           372        7.26867676e-03    1.7745792866e-07
       174           376        7.07611084e-03    1.7275661230e-07
       175           380        6.94854736e-03    1.6964226961e-07
       176           384        6.79000854e-03    1.6577169299e-07
       177           388        6.66488647e-03    1.6271695494e-07
       178           392        6.51153564e-03    1.5897303820e-07
       179           396        6.45233154e-03    1.5752762556e-07
       180           400        6.29669189e-03    1.5372782946e-07
       181           404        6.19979858e-03    1.5136227012e-07
       182           408        6.05133057e-03    1.4773756265e-07
       183           412        5.95840454e-03    1.4546886086e-07
       184           416        5.91583252e-03    1.4442950487e-07
       185           420        5.78262329e-03    1.4117732644e-07
       186           424        5.62408447e-03    1.3730674982e-07
       187           428        5.48889160e-03    1.3400614262e-07
       188           432        5.42160034e-03    1.3236328959e-07
       189           436        5.35644531e-03    1.3077259064e-07
       190           440        5.26123047e-03    1.2844800949e-07
       191           444        5.19561768e-03    1.2684613466e-07
       192           448        5.09262085e-03    1.2433156372e-07
       193           456        9.80255127e-03    1.1966004968e-07
       194           464        9.48104858e-03    1.1573545635e-07
       195           472        9.27886963e-03    1.1326745152e-07
       196           480        8.87847900e-03    1.0837987065e-07
       197           488        8.66485596e-03    1.0577216745e-07
       198           496        8.39248657e-03    1.0244734585e-07
       199           504        8.14315796e-03    9.9403783680e-08
       200           512        7.86605835e-03    9.6021220087e-08
       201           520        7.61734009e-03    9.2985108496e-08
       202           528        7.40615845e-03    9.0407207608e-08
       203           536        7.18841553e-03    8.7749212980e-08
       204           544        7.00668335e-03    8.5530802608e-08
       205           552        6.77429199e-03    8.2693994045e-08
       206           560        6.60827637e-03    8.0667436123e-08
       207           568        6.45523071e-03    7.8799203038e-08
       208           576        6.27334595e-03    7.6578930021e-08
       209           584        6.08657837e-03    7.4299052357e-08
       210           592        5.94055176e-03    7.2516500949e-08
       211           600        5.77911377e-03    7.0545822382e-08
       212           608        5.65795898e-03    6.9066882133e-08
       213           616        5.47561646e-03    6.6841021180e-08
       214           624        5.34179688e-03    6.5207481384e-08
       215           632        5.21118164e-03    6.3613057136e-08
       216           640        5.12634277e-03    6.2577426434e-08
       217           648        4.94979858e-03    6.0422345996e-08
       218           656        4.86892700e-03    5.9435144067e-08
       219           664        4.74349976e-03    5.7904049755e-08
       220           672        4.63058472e-03    5.6525692344e-08
       221           680        4.48730469e-03    5.4776668549e-08
       222           688        4.40078735e-03    5.3720548749e-08
       223           696        4.33563232e-03    5.2925199269e-08
       224           704        4.19174194e-03    5.1168724894e-08
       225           712        4.15328979e-03    5.0699338317e-08
       226           720        4.05792236e-03    4.9535185099e-08
       227           728        3.96148682e-03    4.8357993364e-08
       228           736        3.86138916e-03    4.7136098147e-08
       229           744        3.80279541e-03    4.6420842409e-08
       230           752        3.72421265e-03    4.5461580158e-08
       231           760        3.63815308e-03    4.4411048293e-08
       232           768        3.53500366e-03    4.3151900173e-08
       233           776        3.48571777e-03    4.2550265789e-08
       234           784        3.39248657e-03    4.1412189602e-08
       235           792        3.35754395e-03    4.0985643864e-08
       236           800        3.31573486e-03    4.0475279093e-08
       237           808        3.21502686e-03    3.9245933294e-08
       238           816        3.15811157e-03    3.8551166653e-08
       239           824        3.10806274e-03    3.7940219044e-08
       240           832        2.99758911e-03    3.6591663957e-08
       241           840        2.96997070e-03    3.6254525184e-08
       242           848        2.94433594e-03    3.5941600800e-08
       243           856        2.85537720e-03    3.4855678678e-08
       244           864        2.85919189e-03    3.4902244807e-08
       245           872        2.73696899e-03    3.3410266043e-08
       246           880        2.72903442e-03    3.3313408495e-08
       247           888        2.64160156e-03    3.2246112824e-08
       248           896        2.58483887e-03    3.1553208828e-08
       249           904        2.59033203e-03    3.1620264054e-08
       250           912        2.52243042e-03    3.0791386962e-08
       251           920        2.45803833e-03    3.0005350709e-08
       252           928        2.44003296e-03    2.9785558581e-08
       253           936        2.36251831e-03    2.8839334845e-08
       254           944        2.32818604e-03    2.8420239687e-08
       255           952        2.30499268e-03    2.8137117623e-08
       256           960        2.26913452e-03    2.7699396014e-08
       257           976        4.41970825e-03    2.6975758373e-08
       258           992        4.28985596e-03    2.6183202863e-08
       259          1008        4.15023804e-03    2.5331042707e-08
       260          1024        4.01199341e-03    2.4487264455e-08
       261          1040        3.93524170e-03    2.4018809199e-08
       262          1056        3.75488281e-03    2.2917985917e-08
       263          1072        3.68896484e-03    2.2515654565e-08
       264          1088        3.57696533e-03    2.1832063795e-08
       265          1104        3.42071533e-03    2.0878389478e-08
       266          1120        3.31893921e-03    2.0257197320e-08
       267          1136        3.25363159e-03    1.9858591258e-08
       268          1152        3.18649292e-03    1.9448809326e-08
       269          1168        3.07144165e-03    1.8746592104e-08
       270          1184        3.00598145e-03    1.8347054720e-08
       271          1200        2.87826538e-03    1.7567537725e-08
       272          1216        2.82958984e-03    1.7270445824e-08
       273          1232        2.76687622e-03    1.6887672246e-08
       274          1248        2.68676758e-03    1.6398727894e-08
       275          1264        2.63351440e-03    1.6073696315e-08
       276          1280        2.58071899e-03    1.5751458705e-08
       277          1296        2.45697021e-03    1.4996156096e-08
       278          1312        2.40859985e-03    1.4700926841e-08
       279          1328        2.32849121e-03    1.4211982488e-08
       280          1344        2.26867676e-03    1.3846904039e-08
       281          1360        2.23236084e-03    1.3625249266e-08
       282          1376        2.18750000e-03    1.3351440430e-08
       283          1392        2.15637207e-03    1.3161450624e-08
       284          1408        2.07321167e-03    1.2653879821e-08
       285          1424        2.05123901e-03    1.2519769370e-08
       286          1440        2.01599121e-03    1.2304633855e-08
       287          1456        1.96228027e-03    1.1976808310e-08
       288          1472        1.88781738e-03    1.1522322893e-08
       289          1488        1.87988281e-03    1.1473894120e-08
       290          1504        1.80587769e-03    1.1022202671e-08
       291          1520        1.79473877e-03    1.0954216123e-08
       292          1536        1.72439575e-03    1.0524876416e-08
       293          1552        1.70837402e-03    1.0427087546e-08
       294          1568        1.65969849e-03    1.0129995645e-08
       295          1584        1.60430908e-03    9.7919255498e-09
       296          1600        1.61712646e-03    9.8701566462e-09
       297          1616        1.56066895e-03    9.5255672935e-09
       298          1632        1.54678345e-03    9.4408169390e-09
       299          1648        1.50070190e-03    9.1595575214e-09
       300          1664        1.47750854e-03    9.0179964901e-09
       301          1680        1.42547607e-03    8.7004154920e-09
       302          1696        1.40487671e-03    8.5746869446e-09
       303          1712        1.36337280e-03    8.3213672042e-09
       304          1728        1.36108398e-03    8.3073973655e-09
       305          1744        1.34490967e-03    8.2086771727e-09
       306          1760        1.29318237e-03    7.8929588199e-09
       307          1776        1.28036499e-03    7.8147277236e-09
       308          1792        1.26007080e-03    7.6908618212e-09
       309          1808        1.24313354e-03    7.5874850153e-09
       310          1824        1.21719360e-03    7.4291601777e-09
       311          1840        1.17263794e-03    7.1572139860e-09
       312          1856        1.16333008e-03    7.1004033089e-09
       313          1872        1.15066528e-03    7.0231035351e-09
       314          1888        1.13937378e-03    6.9541856646e-09
       315          1904        1.08917236e-03    6.6477805376e-09
       316          1920        1.08032227e-03    6.5937638283e-09
       317          1936        1.07467651e-03    6.5593048930e-09
       318          1952        1.04476929e-03    6.3767656684e-09
       319          1968        1.01165771e-03    6.1746686696e-09
       320          1984        1.01852417e-03    6.2165781856e-09
       321          2016        1.97265625e-03    6.0200691223e-09
       322          2048        1.88735962e-03    5.7597644627e-09
       323          2080        1.80969238e-03    5.5227428675e-09
       324          2112        1.77246094e-03    5.4091215134e-09
       325          2144        1.70166016e-03    5.1930546761e-09
       326          2176        1.64611816e-03    5.0235539675e-09
       327          2208        1.58203125e-03    4.8279762269e-09
       328          2240        1.52206421e-03    4.6449713410e-09
       329          2272        1.48773193e-03    4.5401975513e-09
       330          2304        1.43966675e-03    4.3935142458e-09
       331          2336        1.41540527e-03    4.3194741011e-09
       332          2368        1.37191772e-03    4.1867606342e-09
       333          2400        1.33575439e-03    4.0763989091e-09
       334          2432        1.26815796e-03    3.8701109588e-09
       335          2464        1.28036499e-03    3.9073638618e-09
       336          2496        1.20574951e-03    3.6796554923e-09
       337          2528        1.17584229e-03    3.5883858800e-09
       338          2560        1.15661621e-03    3.5297125578e-09
       339          2592        1.10107422e-03    3.3602118493e-09
       340          2624        1.07147217e-03    3.2698735596e-09
       341          2656        1.06430054e-03    3.2479874790e-09
       342          2688        1.02615356e-03    3.1315721572e-09
       343          2720        9.89074707e-04    3.0184164643e-09
       344          2752        9.83581543e-04    3.0016526580e-09
       345          2784        9.55657959e-04    2.9164366424e-09
       346          2816        9.21325684e-04    2.8116628528e-09
       347          2848        8.97674561e-04    2.7394853532e-09
       348          2880        8.59985352e-04    2.6244670153e-09
       349          2912        8.56933594e-04    2.6151537895e-09
       350          2944        8.38623047e-04    2.5592744350e-09
       351          2976        8.15734863e-04    2.4894252420e-09
       352          3008        7.91320801e-04    2.4149194360e-09
       353          3040        7.73773193e-04    2.3613683880e-09
       354          3072        7.53173828e-04    2.2985041141e-09
       355          3104        7.38677979e-04    2.2542662919e-09
       356          3136        7.25250244e-04    2.2132880986e-09
       357          3168        7.11059570e-04    2.1699815989e-09
       358          3200        6.80084229e-04    2.0754523575e-09
       359          3232        6.62536621e-04    2.0219013095e-09
       360          3264        6.69708252e-04    2.0437873900e-09
       361          3296        6.36444092e-04    1.9422732294e-09
       362          3328        6.19201660e-04    1.8896535039e-09
       363          3360        6.05163574e-04    1.8468126655e-09
       364          3392        5.85937500e-04    1.7881393433e-09
       365          3424        5.83343506e-04    1.7802231014e-09
       366          3456        5.97076416e-04    1.8221326173e-09
       367          3488        5.67474365e-04    1.7317943275e-09
       368          3520        5.50384521e-04    1.6796402634e-09
       369          3552        5.50842285e-04    1.6810372472e-09
       370          3584        5.29632568e-04    1.6163103283e-09
       371          3616        5.14678955e-04    1.5706755222e-09
       372          3648        4.95300293e-04    1.5115365386e-09
       373          3680        4.90112305e-04    1.4957040548e-09
       374          3712        4.95605469e-04    1.5124678612e-09
       375          3744        4.86145020e-04    1.4835968614e-09
       376          3776        4.79125977e-04    1.4621764422e-09
       377          3808        4.54101563e-04    1.3858079910e-09
       378          3840        4.49371338e-04    1.3713724911e-09
       379          3872        4.29382324e-04    1.3103708625e-09
       380          3904        4.36401367e-04    1.3317912817e-09
       381          3936        4.14886475e-04    1.2661330402e-09
       382          3968        4.28466797e-04    1.3075768948e-09
       383          4000        4.19464111e-04    1.2801028788e-09
       384          4032        3.96270752e-04    1.2093223631e-09
       385          4096        7.68127441e-04    1.1720694601e-09
       386          4160        7.51647949e-04    1.1469237507e-09
       387          4224        7.16400146e-04    1.0931398719e-09
       388          4288        6.88018799e-04    1.0498333722e-09
       389          4352        6.65893555e-04    1.0160729289e-09
       390          4416        6.26525879e-04    9.5600262289e-10
       391          4480        6.23474121e-04    9.5134600999e-10
       392          4544        6.06842041e-04    9.2596746985e-10
       393          4608        5.77850342e-04    8.8172964751e-10
       394          4672        5.59387207e-04    8.5355713963e-10
       395          4736        5.55877686e-04    8.4820203484e-10
       396          4800        5.22155762e-04    7.9674646259e-10
       397          4864        5.07965088e-04    7.7509321273e-10
       398          4928        4.86297607e-04    7.4203126132e-10
       399          4992        4.87060547e-04    7.4319541455e-10
       400          5056        4.67987061e-04    7.1409158408e-10
       401          5120        4.35333252e-04    6.6426582635e-10
       402          5184        4.29229736e-04    6.5495260060e-10
       403          5248        4.16564941e-04    6.3562765718e-10
       404          5312        4.05578613e-04    6.1886385083e-10
       405          5376        3.82690430e-04    5.8393925428e-10
       406          5440        3.74298096e-04    5.7113356889e-10
       407          5504        3.77349854e-04    5.7579018175e-10
       408          5568        3.85131836e-04    5.8766454458e-10
       409          5632        3.58276367e-04    5.4668635130e-10
       410          5696        3.26995850e-04    4.9895606934e-10
       411          5760        3.36914062e-04    5.1409006119e-10
       412          5824        3.28826904e-04    5.0175003707e-10
       413          5888        3.15399170e-04    4.8126094043e-10
       414          5952        3.08532715e-04    4.7078356146e-10
       415          6016        2.88238525e-04    4.3981708586e-10
       416          6080        2.92510986e-04    4.4633634388e-10
       417          6144        2.73742676e-04    4.1769817471e-10
       418          6208        2.61688232e-04    3.9930455387e-10
       419          6272        2.80151367e-04    4.2747706174e-10
       420          6336        2.64282227e-04    4.0326267481e-10
       421          6400        2.55126953e-04    3.8929283619e-10
       422          6464        2.40173340e-04    3.6647543311e-10
       423          6528        2.32086182e-04    3.5413540899e-10
       424          6592        2.37121582e-04    3.6181882024e-10
       425          6656        2.26287842e-04    3.4528784454e-10
       426          6720        2.14691162e-04    3.2759271563e-10
       427          6784        2.22625732e-04    3.3969990909e-10
       428          6848        2.10266113e-04    3.2084062696e-10
       429          6912        2.08740234e-04    3.1851232051e-10
       430          6976        2.11639404e-04    3.2293610275e-10
       431          7040        1.99737549e-04    3.0477531254e-10
       432          7104        2.01568604e-04    3.0756928027e-10
       433          7168        1.84936523e-04    2.8219074012e-10
       434          7232        1.95159912e-04    2.9779039324e-10
       435          7296        1.93481445e-04    2.9522925616e-10
       436          7360        1.78070068e-04    2.7171336115e-10
       437          7424        1.81121826e-04    2.7636997403e-10
       438          7488        1.72882080e-04    2.6379711927e-10
       439          7552        1.77001953e-04    2.7008354665e-10
       440          7616        1.66320801e-04    2.5378540159e-10
       441          7680        1.66931152e-04    2.5471672417e-10
       442          7744        1.62506104e-04    2.4796463550e-10
       443          7808        1.62658691e-04    2.4819746614e-10
       444          7872        1.50299072e-04    2.2933818401e-10
       445          7936        1.55944824e-04    2.3795291782e-10
       446          8000        1.54418945e-04    2.3562461139e-10
       447          8064        1.39465332e-04    2.1280720831e-10
       448          8128        1.50146484e-04    2.2910535336e-10
       449          8256        2.90222168e-04    2.2142194212e-10
       450          8384        2.69317627e-04    2.0547304303e-10
       451          8512        2.60467529e-04    1.9872095436e-10
       452          8640        2.58941650e-04    1.9755680114e-10
       453          8768        2.51007080e-04    1.9150320441e-10
       454          8896        2.41699219e-04    1.8440186978e-10
       455          9024        2.32238770e-04    1.7718411982e-10
       456          9152        2.33154297e-04    1.7788261175e-10
       457          9280        2.22778320e-04    1.6996636986e-10
       458          9408        2.13623047e-04    1.6298145056e-10
       459          9536        2.08587646e-04    1.5913974493e-10
       460          9664        2.08740234e-04    1.5925616026e-10
       461          9792        1.97296143e-04    1.5052501112e-10
       462          9920        1.90582275e-04    1.4540273696e-10
       463         10048        2.00195313e-04    1.5273690224e-10
       464         10176        1.84936523e-04    1.4109537005e-10
       465         10304        1.73950195e-04    1.3271346688e-10
       466         10432        1.75170898e-04    1.3364478945e-10
       467         10560        1.80053711e-04    1.3737007975e-10
       468         10688        1.67694092e-04    1.2794043868e-10
       469         10816        1.67541504e-04    1.2782402336e-10
       470         10944        1.61437988e-04    1.2316741049e-10
       471         11072        1.56707764e-04    1.1955853552e-10
       472         11200        1.64947510e-04    1.2584496289e-10
       473         11328        1.59606934e-04    1.2177042662e-10
       474         11456        1.58843994e-04    1.2118835002e-10
       475         11584        1.57012939e-04    1.1979136615e-10
       476         11712        1.53961182e-04    1.1746305971e-10
       477         11840        1.50146484e-04    1.1455267667e-10
       478         11968        1.60217285e-04    1.2223608791e-10
       479         12096        1.47857666e-04    1.1280644684e-10
       480         12224        1.46331787e-04    1.1164229362e-10
       481         12352        1.56860352e-04    1.1967495083e-10
       482         12480        1.52130127e-04    1.1606607585e-10
       483         12608        1.51977539e-04    1.1594966053e-10
       484         12736        1.44958496e-04    1.1059455573e-10
       485         12864        1.48010254e-04    1.1292286216e-10
       486         12992        1.55181885e-04    1.1839438229e-10
       487         13120        1.50451660e-04    1.1478550731e-10
       488         13248        1.46026611e-04    1.1140946298e-10
       489         13376        1.55029297e-04    1.1827796697e-10
       490         13504        1.52130127e-04    1.1606607585e-10
       491         13632        1.53656006e-04    1.1723022907e-10
       492         13760        1.50909424e-04    1.1513475328e-10
       493         13888        1.54876709e-04    1.1816155165e-10
       494         14016        1.50146484e-04    1.1455267667e-10
       495         14144        1.54266357e-04    1.1769589036e-10
       496         14272        1.53350830e-04    1.1699739843e-10
       497         14400        1.66015625e-04    1.2665987014e-10
       498         14528        1.59454346e-04    1.2165401130e-10
       499         14656        1.62963867e-04    1.2433156371e-10
       500         14784        1.55029297e-04    1.1827796697e-10
       501         14912        1.62048340e-04    1.2363307177e-10
       502         15040        1.53961182e-04    1.1746305972e-10
       503         15168        1.63116455e-04    1.2444797902e-10
       504         15296        1.65100098e-04    1.2596137821e-10
       505         15424        1.65100098e-04    1.2596137821e-10
       506         15552        1.66931152e-04    1.2735836207e-10
       507         15680        1.67541504e-04    1.2782402336e-10
       508         15808        1.77154541e-04    1.3515818864e-10
       509         15936        1.75781250e-04    1.3411045074e-10
       510         16064        1.74560547e-04    1.3317912816e-10
       511         16192        1.85089111e-04    1.4121178538e-10
       512         16320        1.85394287e-04    1.4144461601e-10
       513         16576        3.80554199e-04    1.4516990631e-10
       514         16832        3.74450684e-04    1.4284159988e-10
       515         17088        4.13360596e-04    1.5768455341e-10
       516         17344        4.15802002e-04    1.5861587599e-10
       517         17600        4.13818359e-04    1.5785917640e-10
       518         17856        4.27856445e-04    1.6321428120e-10
       519         18112        4.55322266e-04    1.7369166017e-10
       520         18368        4.59136963e-04    1.7514685168e-10
       521         18624        4.73785400e-04    1.8073478714e-10
       522         18880        5.06286621e-04    1.9313301891e-10
       523         19136        4.85992432e-04    1.8539140001e-10
       524         19392        4.98046875e-04    1.8998980522e-10
       525         19648        5.36193848e-04    2.0454172045e-10
       526         19904        5.38177490e-04    2.0529842004e-10
       527         20160        5.41381836e-04    2.0652078092e-10
       528         20416        5.91735840e-04    2.2572930903e-10
       529         20672        5.91735840e-04    2.2572930902e-10
       530         20928        6.25610352e-04    2.3865140975e-10
       531         21184        6.38580322e-04    2.4359906093e-10
       532         21440        6.58569336e-04    2.5122426449e-10
       533         21696        6.55517578e-04    2.5006011128e-10
       534         21952        6.89239502e-04    2.6292400435e-10
       535         22208        7.03430176e-04    2.6833731681e-10
       536         22464        7.32269287e-04    2.7933856472e-10
       537         22720        7.45086670e-04    2.8422800824e-10
       538         22976        7.64007568e-04    2.9144575820e-10
       539         23232        7.93151855e-04    3.0256342143e-10
       540         23488        8.19854736e-04    3.1274976209e-10
       541         23744        8.46405029e-04    3.2287789509e-10
       542         24000        8.60900879e-04    3.2840762288e-10
       543         24256        9.10339355e-04    3.4726690501e-10
       544         24512        9.24377441e-04    3.5262200982e-10
       545         24768        9.35363769e-04    3.5681296140e-10
       546         25024        9.70916748e-04    3.7037534639e-10
       547         25280        1.00830078e-03    3.8463622331e-10
       548         25536        1.01913452e-03    3.8876896724e-10
       549         25792        1.02096558e-03    3.8946745917e-10
       550         26048        1.06475830e-03    4.0617305785e-10
       551         26304        1.10763550e-03    4.2252941058e-10
       552         26560        1.13449097e-03    4.3277395889e-10
       553         26816        1.14562988e-03    4.3702311814e-10
       554         27072        1.16790771e-03    4.4552143664e-10
       555         27328        1.22497559e-03    4.6729110181e-10
       556         27584        1.21795654e-03    4.6461354941e-10
       557         27840        1.26495361e-03    4.8254150897e-10
       558         28096        1.26800537e-03    4.8370566219e-10
       559         28352        1.29806519e-03    4.9517257139e-10
       560         28608        1.33697510e-03    5.1001552492e-10
       561         28864        1.34323120e-03    5.1240203902e-10
       562         29120        1.36520386e-03    5.2078394219e-10
       563         29376        1.41387939e-03    5.3935218602e-10
       564         29632        1.41708374e-03    5.4057454690e-10
       565         29888        1.45324707e-03    5.5436976254e-10
       566         30144        1.48605347e-03    5.6688440964e-10
       567         30400        1.47689819e-03    5.6339194998e-10
       568         30656        1.54663086e-03    5.8999285102e-10
       569         30912        1.55334473e-03    5.9255398810e-10
       570         31168        1.56814575e-03    5.9820013121e-10
       571         31424        1.56799316e-03    5.9814192355e-10
       572         31680        1.62033081e-03    6.1810715124e-10
       573         31936        1.63009644e-03    6.2183244154e-10
       574         32192        1.63253784e-03    6.2276376411e-10
       575         32448        1.66442871e-03    6.3492916524e-10
       576         32704        1.68441772e-03    6.4255436882e-10
       577         33216        3.42651367e-03    6.5355561674e-10
       578         33728        3.41476440e-03    6.5131462179e-10
       579         34240        3.45870972e-03    6.5969652496e-10
       580         34752        3.50601196e-03    6.6871871240e-10
       581         35264        3.47763062e-03    6.6330539994e-10
       582         35776        3.52539063e-03    6.7241489887e-10
       583         36288        3.41720581e-03    6.5178028308e-10
       584         36800        3.41094971e-03    6.5058702603e-10
       585         37312        3.33435059e-03    6.3597690314e-10
       586         37824        3.28094482e-03    6.2579056248e-10
       587         38336        3.22479248e-03    6.1508035287e-10
       588         38848        3.11538696e-03    5.9421290643e-10
       589         39360        2.95730591e-03    5.6406133808e-10
       590         39872        2.84576416e-03    5.4278643802e-10
       591         40384        2.68981934e-03    5.1304232329e-10
       592         40896        2.53555298e-03    4.8361835070e-10
       593         41408        2.44003296e-03    4.6539935283e-10
       594         41920        2.30499268e-03    4.3964246288e-10
       595         42432        2.19528198e-03    4.1871680878e-10
       596         42944        2.06497192e-03    3.9386213757e-10
       597         43456        1.93191528e-03    3.6848359741e-10
       598         43968        1.81121826e-03    3.4546246752e-10
       599         44480        1.67984009e-03    3.2040406950e-10
       600         44992        1.58599854e-03    3.0250521377e-10
       601         45504        1.45706177e-03    2.7791247703e-10
       602         46016        1.35620117e-03    2.5867484510e-10
       603         46528        1.24694824e-03    2.3783650250e-10
       604         47040        1.16195679e-03    2.2162566893e-10
       605         47552        1.06918335e-03    2.0393054001e-10
       606         48064        9.63745117e-04    1.8381979316e-10
       607         48576        8.66241455e-04    1.6522244550e-10
       608         49088        7.84301758e-04    1.4959368855e-10
       609         49600        7.24487305e-04    1.3818498701e-10
       610         50112        6.37969971e-04    1.2168311514e-10
       611         50624        5.59844971e-04    1.0678195394e-10
       612         51136        4.80194092e-04    9.1589754444e-11
       613         51648        4.45556641e-04    8.4983184933e-11
       614         52160        3.84216309e-04    7.3283445089e-11
       615         52672        3.14025879e-04    5.9895683080e-11
       616         53184        2.65655518e-04    5.0669768825e-11
       617         53696        2.32696533e-04    4.4383341447e-11
       618         54208        1.98516846e-04    3.7864083424e-11
       619         54720        1.57928467e-04    3.0122464523e-11
       620         55232        1.27563477e-04    2.4330802262e-11
       621         55744        1.04980469e-04    2.0023435355e-11
       622         56256        7.67517090e-05    1.4639226719e-11
       623         56768        5.96618652e-05    1.1379597708e-11
       624         57280        4.73022461e-05    9.0221874412e-12
       625         57792        2.96020508e-05    5.6461431086e-12
       626         58304        2.07519531e-05    3.9581209421e-12
       627         58816        1.38854980e-05    2.6484485716e-12
       628         59328        9.91821289e-06    1.8917489797e-12
       629         59840        5.49316406e-06    1.0477378965e-12
       630         60352        2.59399414e-06    4.9476511780e-13
       631         60864        7.62939453e-07    1.4551915230e-13
       632         61376        3.05175781e-07    5.8207660920e-14
