         2             2        3.17122604e+03    3.0969004275e-01
         3             3        4.47026399e+02    4.3654921744e-02
         4             4        1.47229541e+02    1.4377884858e-02
         5             5        6.51193849e+01    6.3593149334e-03
         6             6        3.16080345e+01    3.0867221207e-03
         7             7        1.91094720e+01    1.8661593720e-03
         8             8        1.26843218e+01    1.2387033030e-03
         9             9        8.44945232e+00    8.2514182850e-04
        10            10        6.18448933e+00    6.0395403579e-04
        11            11        4.67062275e+00    4.5611550287e-04
        12            12        3.59671040e+00    3.5124124959e-04
        13            13        2.86341602e+00    2.7963047103e-04
        14            14        2.33151581e+00    2.2768709064e-04
        15            15        1.92061565e+00    1.8756012246e-04
        16            16        1.61521835e+00    1.5773616731e-04
        17            17        1.37200729e+00    1.3398508727e-04
        18            18        1.18041931e+00    1.1527532338e-04
        19            19        1.02514679e+00    1.0011199117e-04
        20            20        8.97629242e-01    8.7659105659e-05
        21            21        7.92635460e-01    7.7405806631e-05
        22            22        7.04978065e-01    6.8845514208e-05
        23            23        6.30880661e-01    6.1609439552e-05
        24            24        5.67484779e-01    5.5418435485e-05
        25            25        5.13421516e-01    5.0138819963e-05
        26            26        4.66621666e-01    4.5568522066e-05
        27            27        4.25558891e-01    4.1558485478e-05
        28            28        3.90222092e-01    3.8107626140e-05
        29            29        3.58763428e-01    3.5035490990e-05
        30            30        3.30797844e-01    3.2304476947e-05
        31            31        3.06384010e-01    2.9920313508e-05
        32            32        2.84220428e-01    2.7755901217e-05
        33            33        2.64686394e-01    2.5848280639e-05
        34            34        2.46898232e-01    2.4111155421e-05
        35            35        2.30940056e-01    2.2552739829e-05
        36            36        2.16443062e-01    2.1137017757e-05
        37            37        2.03318100e-01    1.9855283201e-05
        38            38        1.91432953e-01    1.8694624305e-05
        39            39        1.80471230e-01    1.7624143511e-05
        40            40        1.70422935e-01    1.6642864794e-05
        41            41        1.61222420e-01    1.5744376928e-05
        42            42        1.52671700e-01    1.4909345657e-05
        43            43        1.44780502e-01    1.4138720929e-05
        44            44        1.37656593e-01    1.3443026691e-05
        45            45        1.30845299e-01    1.2777861208e-05
        46            46        1.24765625e-01    1.2184143066e-05
        47            47        1.19063873e-01    1.1627331376e-05
        48            48        1.13678703e-01    1.1101435870e-05
        49            49        1.08508224e-01    1.0596506297e-05
        50            50        1.03909073e-01    1.0147370397e-05
        51            51        9.94229126e-02    9.7092688084e-06
        52            52        9.52839279e-02    9.3050710857e-06
        53            53        9.15967178e-02    8.9449919760e-06
        54            54        8.78541183e-02    8.5795037448e-06
        55            55        8.43573761e-02    8.2380250097e-06
        56            56        8.12291718e-02    7.9325363040e-06
        57            57        7.83142853e-02    7.6478794217e-06
        58            58        7.53123474e-02    7.3547214270e-06
        59            59        7.26757813e-02    7.0972442627e-06
        60            60        7.01703644e-02    6.8525746465e-06
        61            61        6.76798630e-02    6.6093616188e-06
        62            62        6.52872467e-02    6.3757076859e-06
        63            63        6.32711411e-02    6.1788223684e-06
        64            64        6.11399078e-02    5.9706941247e-06
        65            66        1.16461334e-01    5.6865885853e-06
        66            68        1.09411964e-01    5.3423810750e-06
        67            70        1.02748642e-01    5.0170235336e-06
        68            72        9.68762970e-02    4.7302879393e-06
        69            74        9.14400101e-02    4.4648442417e-06
        70            76        8.64147949e-02    4.2194724083e-06
        71            78        8.19112015e-02    3.9995703846e-06
        72            80        7.77529907e-02    3.7965327501e-06
        73            82        7.38245010e-02    3.6047119647e-06
        74            84        7.02185059e-02    3.4286379814e-06
        75            86        6.67883301e-02    3.2611489296e-06
        76            88        6.38186264e-02    3.1161438674e-06
        77            90        6.09206009e-02    2.9746387154e-06
        78            92        5.82612991e-02    2.8447899967e-06
        79            94        5.56769562e-02    2.7186013758e-06
        80            96        5.34082413e-02    2.6078242808e-06
        81            98        5.11129761e-02    2.4957507849e-06
        82           100        4.91086197e-02    2.3978818208e-06
        83           102        4.71435547e-02    2.3019313812e-06
        84           104        4.53737259e-02    2.2155139595e-06
        85           106        4.36992264e-02    2.1337512881e-06
        86           108        4.20907211e-02    2.0552109927e-06
        87           110        4.05393219e-02    1.9794590772e-06
        88           112        3.90837860e-02    1.9083879888e-06
        89           114        3.77538681e-02    1.8434505909e-06
        90           116        3.63089371e-02    1.7728973181e-06
        91           118        3.50862885e-02    1.7131976783e-06
        92           120        3.40463638e-02    1.6624201089e-06
        93           122        3.28784561e-02    1.6053933650e-06
        94           124        3.18399429e-02    1.5546847135e-06
        95           126        3.08136368e-02    1.5045721084e-06
        96           128        2.98833847e-02    1.4591496438e-06
        97           130        2.90083694e-02    1.4164242894e-06
        98           132        2.81280136e-02    1.3734381646e-06
        99           134        2.73099899e-02    1.3334956020e-06
       100           136        2.64951706e-02    1.2937095016e-06
       101           138        2.57954788e-02    1.2595448643e-06
       102           140        2.49967957e-02    1.2205466628e-06
       103           142        2.43357849e-02    1.1882707477e-06
       104           144        2.37173080e-02    1.1580716818e-06
       105           146        2.30977631e-02    1.1278204620e-06
       106           148        2.24538803e-02    1.0963808745e-06
       107           150        2.18138504e-02    1.0651294142e-06
       108           152        2.13269424e-02    1.0413546115e-06
       109           154        2.07681656e-02    1.0140705854e-06
       110           156        2.01902008e-02    9.8584964871e-07
       111           158        1.97377396e-02    9.6375681460e-07
       112           160        1.92233276e-02    9.3863904476e-07
       113           162        1.88085175e-02    9.1838464141e-07
       114           164        1.83360672e-02    8.9531578123e-07
       115           166        1.78428268e-02    8.7123177946e-07
       116           168        1.75113297e-02    8.5504539311e-07
       117           170        1.70611572e-02    8.3306431770e-07
       118           172        1.66977310e-02    8.1531889736e-07
       119           174        1.63558197e-02    7.9862400889e-07
       120           176        1.59770584e-02    7.8012980520e-07
       121           178        1.56320190e-02    7.6328217983e-07
       122           180        1.52706146e-02    7.4563547969e-07
       123           182        1.49123383e-02    7.2814151645e-07
       124           184        1.46057510e-02    7.1317143738e-07
       125           186        1.43778229e-02    7.0204213262e-07
       126           188        1.40353394e-02    6.8531930446e-07
       127           190        1.37116241e-02    6.6951289773e-07
       128           192        1.34612656e-02    6.5728835762e-07
       129           196        2.61346817e-02    6.3805375248e-07
       130           200        2.51224136e-02    6.1334017664e-07
       131           204        2.41970825e-02    5.9074908495e-07
       132           208        2.33412933e-02    5.6985579431e-07
       133           212        2.24011993e-02    5.4690428079e-07
       134           216        2.16694641e-02    5.2903965115e-07
       135           220        2.08978271e-02    5.1020085812e-07
       136           224        2.01998138e-02    4.9315951765e-07
       137           228        1.94905472e-02    4.7584343702e-07
       138           232        1.88102722e-02    4.5923516154e-07
       139           236        1.82490158e-02    4.4553261250e-07
       140           240        1.76253128e-02    4.3030548841e-07
       141           244        1.71398544e-02    4.1845347733e-07
       142           248        1.66067886e-02    4.0543917566e-07
       143           252        1.60919571e-02    3.9287004620e-07
       144           256        1.56154251e-02    3.8123596459e-07
       145           260        1.51522827e-02    3.6992877721e-07
       146           264        1.46862411e-02    3.5855080933e-07
       147           268        1.42575836e-02    3.4808553755e-07
       148           272        1.38591766e-02    3.3835880459e-07
       149           276        1.34952164e-02    3.2947305590e-07
       150           280        1.31039810e-02    3.1992141157e-07
       151           284        1.27807236e-02    3.1202938408e-07
       152           288        1.23882294e-02    3.0244700610e-07
       153           292        1.21241760e-02    2.9600039124e-07
       154           296        1.17630386e-02    2.8718356043e-07
       155           300        1.14757156e-02    2.8016883880e-07
       156           304        1.11965179e-02    2.7335248887e-07
       157           308        1.09340668e-02    2.6694498956e-07
       158           312        1.06941986e-02    2.6108883321e-07
       159           316        1.03900909e-02    2.5366432965e-07
       160           320        1.01529312e-02    2.4787429721e-07
       161           324        9.94991302e-03    2.4291779846e-07
       162           328        9.68059540e-03    2.3634266108e-07
       163           332        9.46792603e-03    2.3115053773e-07
       164           336        9.25571442e-03    2.2596959024e-07
       165           340        9.05342102e-03    2.2103078663e-07
       166           344        8.85528564e-03    2.1619349718e-07
       167           348        8.62850189e-03    2.1065678448e-07
       168           352        8.44699860e-03    2.0622555167e-07
       169           356        8.30017090e-03    2.0264089107e-07
       170           360        8.09803009e-03    1.9770581276e-07
       171           364        7.93388367e-03    1.9369833171e-07
       172           368        7.77881622e-03    1.8991250545e-07
       173           372        7.63336182e-03    1.8636137247e-07
       174           376        7.46597290e-03    1.8227472901e-07
       175           380        7.31857300e-03    1.7867609859e-07
       176           384        7.20352173e-03    1.7586722970e-07
       177           388        7.04853058e-03    1.7208326608e-07
       178           392        6.91913605e-03    1.6892421990e-07
       179           396        6.76395416e-03    1.6513559968e-07
       180           400        6.65939331e-03    1.6258284450e-07
       181           404        6.51271820e-03    1.5900190920e-07
       182           408        6.40991211e-03    1.5649199485e-07
       183           412        6.26728058e-03    1.5300977975e-07
       184           416        6.17774963e-03    1.5082396567e-07
       185           420        6.03130341e-03    1.4724861831e-07
       186           424        5.94223022e-03    1.4507398009e-07
       187           428        5.82328796e-03    1.4217011630e-07
       188           432        5.75737000e-03    1.4056079090e-07
       189           436        5.62252045e-03    1.3726856560e-07
       190           440        5.52730560e-03    1.3494398445e-07
       191           444        5.45825958e-03    1.3325829059e-07
       192           448        5.36491394e-03    1.3097934425e-07
       193           456        1.04188156e-02    1.2718280777e-07
       194           464        1.00774384e-02    1.2301560491e-07
       195           472        9.76905823e-03    1.1925119907e-07
       196           480        9.46796417e-03    1.1557573453e-07
       197           488        9.19956207e-03    1.1229934171e-07
       198           496        8.92219543e-03    1.0891351849e-07
       199           504        8.59645844e-03    1.0493723676e-07
       200           512        8.36608887e-03    1.0212510824e-07
       201           520        8.15296173e-03    9.9523458629e-08
       202           528        7.91549683e-03    9.6624717117e-08
       203           536        7.65316010e-03    9.3422364444e-08
       204           544        7.48207092e-03    9.1333873570e-08
       205           552        7.27996826e-03    8.8866800069e-08
       206           560        7.05722809e-03    8.6147803813e-08
       207           568        6.86576843e-03    8.3810649812e-08
       208           576        6.70623779e-03    8.1863254309e-08
       209           584        6.51206970e-03    7.9493038356e-08
       210           592        6.36192322e-03    7.7660195530e-08
       211           600        6.20151520e-03    7.5702089816e-08
       212           608        6.05331421e-03    7.3892995715e-08
       213           616        5.87265015e-03    7.1687623858e-08
       214           624        5.73509216e-03    7.0008449257e-08
       215           632        5.61073303e-03    6.8490393460e-08
       216           640        5.48065186e-03    6.6902488470e-08
       217           648        5.35972595e-03    6.5426342189e-08
       218           656        5.21484375e-03    6.3657760619e-08
       219           664        5.11123657e-03    6.2393024564e-08
       220           672        4.98264313e-03    6.0823280364e-08
       221           680        4.86598969e-03    5.9399288147e-08
       222           688        4.77035522e-03    5.8231875300e-08
       223           696        4.64195251e-03    5.6664459407e-08
       224           704        4.57519531e-03    5.5849552154e-08
       225           712        4.46163177e-03    5.4463278502e-08
       226           720        4.37438965e-03    5.3398311138e-08
       227           728        4.27890778e-03    5.2232760936e-08
       228           736        4.17995453e-03    5.1024835557e-08
       229           744        4.12857056e-03    5.0397589803e-08
       230           752        4.02793884e-03    4.9169175327e-08
       231           760        3.93127441e-03    4.7989189625e-08
       232           768        3.88526917e-03    4.7427602112e-08
       233           776        3.80569458e-03    4.6456232668e-08
       234           784        3.72478485e-03    4.5468565077e-08
       235           792        3.64429474e-03    4.4486019761e-08
       236           800        3.59191895e-03    4.3846666813e-08
       237           808        3.51661682e-03    4.2927451432e-08
       238           816        3.44730377e-03    4.2081344873e-08
       239           824        3.38027954e-03    4.1263177991e-08
       240           832        3.34018707e-03    4.0773767978e-08
       241           840        3.26427460e-03    3.9847102016e-08
       242           848        3.18378448e-03    3.8864556700e-08
       243           856        3.12557220e-03    3.8153957576e-08
       244           864        3.08555603e-03    3.7665478886e-08
       245           872        3.02440643e-03    3.6919023842e-08
       246           880        2.97119141e-03    3.6269426345e-08
       247           888        2.93285370e-03    3.5801436751e-08
       248           896        2.87448883e-03    3.5088974982e-08
       249           904        2.82695770e-03    3.4508761019e-08
       250           912        2.78236389e-03    3.3964402973e-08
       251           920        2.74688721e-03    3.3531337977e-08
       252           928        2.70023346e-03    3.2961834222e-08
       253           936        2.64759064e-03    3.2319221646e-08
       254           944        2.61005402e-03    3.1861010939e-08
       255           952        2.55485535e-03    3.1187199056e-08
       256           960        2.53131866e-03    3.0899886041e-08
       257           976        4.92145538e-03    3.0038179830e-08
       258           992        4.81243134e-03    2.9372749850e-08
       259          1008        4.62116241e-03    2.8205337003e-08
       260          1024        4.51217651e-03    2.7540139854e-08
       261          1040        4.35710907e-03    2.6593683287e-08
       262          1056        4.25430298e-03    2.5966204703e-08
       263          1072        4.11228180e-03    2.5099376216e-08
       264          1088        4.00016785e-03    2.4415086955e-08
       265          1104        3.89804840e-03    2.3791799321e-08
       266          1120        3.78421783e-03    2.3097032681e-08
       267          1136        3.67343903e-03    2.2420892491e-08
       268          1152        3.59390259e-03    2.1935440600e-08
       269          1168        3.48846436e-03    2.1291896701e-08
       270          1184        3.37116241e-03    2.0575942472e-08
       271          1200        3.32225800e-03    2.0277453586e-08
       272          1216        3.23017120e-03    1.9715400413e-08
       273          1232        3.13068390e-03    1.9108178094e-08
       274          1248        3.07910919e-03    1.8793391063e-08
       275          1264        3.01841736e-03    1.8422957509e-08
       276          1280        2.92339325e-03    1.7842976376e-08
       277          1296        2.85778046e-03    1.7442507669e-08
       278          1312        2.76504517e-03    1.6876496374e-08
       279          1328        2.70828247e-03    1.6530044377e-08
       280          1344        2.65529633e-03    1.6206642613e-08
       281          1360        2.58495331e-03    1.5777302906e-08
       282          1376        2.54451752e-03    1.5530502424e-08
       283          1392        2.49282837e-03    1.5215016902e-08
       284          1408        2.43160248e-03    1.4841323719e-08
       285          1424        2.36999512e-03    1.4465302229e-08
       286          1440        2.33074188e-03    1.4225719497e-08
       287          1456        2.26207733e-03    1.3806624338e-08
       288          1472        2.23892212e-03    1.3665296138e-08
       289          1488        2.18498230e-03    1.3336073607e-08
       290          1504        2.14942932e-03    1.3119075447e-08
       291          1520        2.10239410e-03    1.2831995264e-08
       292          1536        2.06020355e-03    1.2574484572e-08
       293          1552        2.00889587e-03    1.2261327356e-08
       294          1568        1.95308685e-03    1.1920696124e-08
       295          1584        1.91204071e-03    1.1670170352e-08
       296          1600        1.91864014e-03    1.1710450053e-08
       297          1616        1.84886932e-03    1.1284602806e-08
       298          1632        1.82411194e-03    1.1133495719e-08
       299          1648        1.78184509e-03    1.0875519365e-08
       300          1664        1.75884247e-03    1.0735122487e-08
       301          1680        1.72977448e-03    1.0557705536e-08
       302          1696        1.68556213e-03    1.0287854821e-08
       303          1712        1.65622711e-03    1.0108808055e-08
       304          1728        1.61884308e-03    9.8806340249e-09
       305          1744        1.60255432e-03    9.7812153400e-09
       306          1760        1.58138275e-03    9.6519943328e-09
       307          1776        1.53995514e-03    9.3991402538e-09
       308          1792        1.51794434e-03    9.2647969722e-09
       309          1808        1.49131775e-03    9.1022811830e-09
       310          1824        1.46697998e-03    8.9537352324e-09
       311          1840        1.43119812e-03    8.7353400886e-09
       312          1856        1.41063690e-03    8.6098443717e-09
       313          1872        1.38694763e-03    8.4652565420e-09
       314          1888        1.37744904e-03    8.4072817117e-09
       315          1904        1.35398865e-03    8.2640908659e-09
       316          1920        1.32251740e-03    8.0720055848e-09
       317          1936        1.30470276e-03    7.9632736743e-09
       318          1952        1.27685547e-03    7.7933073044e-09
       319          1968        1.25511169e-03    7.6605938375e-09
       320          1984        1.22604370e-03    7.4831768870e-09
       321          2016        2.41336823e-03    7.3650153354e-09
       322          2048        2.35248566e-03    7.1792164817e-09
       323          2080        2.28828430e-03    6.9832894951e-09
       324          2112        2.22145081e-03    6.7793298513e-09
       325          2144        2.16449738e-03    6.6055217758e-09
       326          2176        2.08652496e-03    6.3675688580e-09
       327          2208        2.02228546e-03    6.1715254559e-09
       328          2240        1.97601318e-03    6.0303136706e-09
       329          2272        1.91837311e-03    5.8544101194e-09
       330          2304        1.87084198e-03    5.7093566284e-09
       331          2336        1.80999756e-03    5.5236741901e-09
       332          2368        1.75800323e-03    5.3650001064e-09
       333          2400        1.71073914e-03    5.2207615227e-09
       334          2432        1.65935516e-03    5.0639500842e-09
       335          2464        1.63482666e-03    4.9890950322e-09
       336          2496        1.58462524e-03    4.8358924687e-09
       337          2528        1.54003143e-03    4.6998029575e-09
       338          2560        1.50169373e-03    4.5828055590e-09
       339          2592        1.45534515e-03    4.4413609430e-09
       340          2624        1.41418457e-03    4.3157488108e-09
       341          2656        1.39678955e-03    4.2626634240e-09
       342          2688        1.36581421e-03    4.1681341827e-09
       343          2720        1.32999420e-03    4.0588201956e-09
       344          2752        1.29821777e-03    3.9618462324e-09
       345          2784        1.26483917e-03    3.8599828258e-09
       346          2816        1.23840332e-03    3.7793070078e-09
       347          2848        1.21921539e-03    3.7207501009e-09
       348          2880        1.18797302e-03    3.6254059524e-09
       349          2912        1.15501404e-03    3.5248231143e-09
       350          2944        1.13903046e-03    3.4760450944e-09
       351          2976        1.10546112e-03    3.3735996113e-09
       352          3008        1.08772278e-03    3.3194664866e-09
       353          3040        1.05552673e-03    3.2212119550e-09
       354          3072        1.04969025e-03    3.2034004107e-09
       355          3104        1.01795197e-03    3.1065428630e-09
       356          3136        9.96093750e-04    3.0398368835e-09
       357          3168        9.86251831e-04    3.0098017305e-09
       358          3200        9.57412720e-04    2.9217917472e-09
       359          3232        9.43984985e-04    2.8808135539e-09
       360          3264        9.19876099e-04    2.8072390705e-09
       361          3296        9.02404785e-04    2.7539208531e-09
       362          3328        8.85505676e-04    2.7023488656e-09
       363          3360        8.64448547e-04    2.6380876079e-09
       364          3392        8.45794678e-04    2.5811605155e-09
       365          3424        8.44650269e-04    2.5776680559e-09
       366          3456        8.18710327e-04    2.4985056370e-09
       367          3488        8.02421570e-04    2.4487962946e-09
       368          3520        7.83309937e-04    2.3904722184e-09
       369          3552        7.63969421e-04    2.3314496503e-09
       370          3584        7.53402710e-04    2.2992026061e-09
       371          3616        7.37037659e-04    2.2492604330e-09
       372          3648        7.31620789e-04    2.2327294574e-09
       373          3680        7.06062317e-04    2.1547311917e-09
       374          3712        7.10563660e-04    2.1684681997e-09
       375          3744        6.95610046e-04    2.1228333936e-09
       376          3776        6.86950684e-04    2.0964071155e-09
       377          3808        6.66275024e-04    2.0333100111e-09
       378          3840        6.55632019e-04    2.0008301363e-09
       379          3872        6.38198853e-04    1.9476283342e-09
       380          3904        6.35032654e-04    1.9379658625e-09
       381          3936        6.14128113e-04    1.8741702661e-09
       382          3968        6.05621338e-04    1.8482096493e-09
       383          4000        6.04667664e-04    1.8452992664e-09
       384          4032        5.98716736e-04    1.8271384761e-09
       385          4096        1.15894318e-03    1.7684069462e-09
       386          4160        1.09977722e-03    1.6781268642e-09
       387          4224        1.07986450e-03    1.6477424651e-09
       388          4288        1.05522156e-03    1.6101403161e-09
       389          4352        1.01875305e-03    1.5544937924e-09
       390          4416        9.85908508e-04    1.5043769963e-09
       391          4480        9.60388184e-04    1.4654360711e-09
       392          4544        9.19837952e-04    1.4035613276e-09
       393          4608        9.14878845e-04    1.3959943317e-09
       394          4672        8.85658264e-04    1.3514072633e-09
       395          4736        8.45947266e-04    1.2908130884e-09
       396          4800        8.26988220e-04    1.2618838810e-09
       397          4864        7.94296265e-04    1.2119999155e-09
       398          4928        7.81669617e-04    1.1927331798e-09
       399          4992        7.49702454e-04    1.1439551600e-09
       400          5056        7.28263855e-04    1.1112424545e-09
       401          5120        7.14988708e-04    1.0909861885e-09
       402          5184        7.12776184e-04    1.0876101441e-09
       403          5248        6.71081543e-04    1.0239891708e-09
       404          5312        6.85501099e-04    1.0459916666e-09
       405          5376        6.38771057e-04    9.7468728201e-10
       406          5440        6.34269714e-04    9.6781877803e-10
       407          5504        6.15501404e-04    9.3918060885e-10
       408          5568        5.97991943e-04    9.1246329249e-10
       409          5632        5.90667725e-04    9.0128742159e-10
       410          5696        5.66978455e-04    8.6514046416e-10
       411          5760        5.52177429e-04    8.4255589173e-10
       412          5824        5.43556213e-04    8.2940096035e-10
       413          5888        5.28869629e-04    8.0699101091e-10
       414          5952        5.13877869e-04    7.8411540017e-10
       415          6016        5.10177612e-04    7.7846925706e-10
       416          6080        4.90913391e-04    7.4907438829e-10
       417          6144        4.76875305e-04    7.2765396908e-10
       418          6208        4.70314026e-04    7.1764225140e-10
       419          6272        4.65507507e-04    7.1030808612e-10
       420          6336        4.45213318e-04    6.7934161052e-10
       421          6400        4.40635681e-04    6.7235669121e-10
       422          6464        4.31022644e-04    6.5768836066e-10
       423          6528        4.19197083e-04    6.3964398577e-10
       424          6592        4.09164429e-04    6.2433537095e-10
       425          6656        4.02832031e-04    6.1467289925e-10
       426          6720        3.93600464e-04    6.0058664531e-10
       427          6784        3.84941101e-04    5.8737350628e-10
       428          6848        3.86199951e-04    5.8929435909e-10
       429          6912        3.74450684e-04    5.7136639953e-10
       430          6976        3.61824036e-04    5.5209966376e-10
       431          7040        3.57055664e-04    5.4482370615e-10
       432          7104        3.51982117e-04    5.3708208725e-10
       433          7168        3.36990356e-04    5.1420647651e-10
       434          7232        3.30505371e-04    5.0431117416e-10
       435          7296        3.25431824e-04    4.9656955526e-10
       436          7360        3.25126648e-04    4.9610389396e-10
       437          7424        3.17382812e-04    4.8428773880e-10
       438          7488        3.10096741e-04    4.7317007557e-10
       439          7552        3.08761597e-04    4.7113280743e-10
       440          7616        2.91328430e-04    4.4453190640e-10
       441          7680        2.96249390e-04    4.5204069465e-10
       442          7744        2.89535522e-04    4.4179614633e-10
       443          7808        2.79579163e-04    4.2660394683e-10
       444          7872        2.79083252e-04    4.2584724725e-10
       445          7936        2.70004272e-04    4.1199382395e-10
       446          8000        2.62985229e-04    4.0128361434e-10
       447          8064        2.56080627e-04    3.9074802772e-10
       448          8128        2.59628296e-04    3.9616134018e-10
       449          8256        5.06515503e-04    3.8644066081e-10
       450          8384        4.87556458e-04    3.7197605707e-10
       451          8512        4.69818115e-04    3.5844277590e-10
       452          8640        4.54254150e-04    3.4656841308e-10
       453          8768        4.37545776e-04    3.3382093534e-10
       454          8896        4.21829224e-04    3.2183015720e-10
       455          9024        4.05540466e-04    3.0940282159e-10
       456          9152        3.89366150e-04    2.9706279747e-10
       457          9280        3.80134583e-04    2.9001967050e-10
       458          9408        3.74336243e-04    2.8559588827e-10
       459          9536        3.56101990e-04    2.7168425732e-10
       460          9664        3.52020264e-04    2.6857014746e-10
       461          9792        3.45344543e-04    2.6347697713e-10
       462          9920        3.26919556e-04    2.4941982702e-10
       463         10048        3.12919617e-04    2.3873872124e-10
       464         10176        3.05747986e-04    2.3326720111e-10
       465         10304        2.92396545e-04    2.2308086045e-10
       466         10432        2.85148621e-04    2.1755113266e-10
       467         10560        2.80799866e-04    2.1423329599e-10
       468         10688        2.69012451e-04    2.0524021238e-10
       469         10816        2.67753601e-04    2.0427978598e-10
       470         10944        2.55279541e-04    1.9476283341e-10
       471         11072        2.52189636e-04    1.9240542315e-10
       472         11200        2.46391296e-04    1.8798164092e-10
       473         11328        2.31285095e-04    1.7645652406e-10
       474         11456        2.29530334e-04    1.7511774785e-10
       475         11584        2.23846436e-04    1.7078127711e-10
       476         11712        2.20527649e-04    1.6824924387e-10
       477         11840        2.10418701e-04    1.6053672880e-10
       478         11968        2.04696655e-04    1.5617115422e-10
       479         12096        2.07252502e-04    1.5812111087e-10
       480         12224        1.98822021e-04    1.5168916434e-10
       481         12352        1.93748474e-04    1.4781835489e-10
       482         12480        1.86157227e-04    1.4202669262e-10
       483         12608        1.84898376e-04    1.4106626622e-10
       484         12736        1.79710388e-04    1.3710814528e-10
       485         12864        1.69372559e-04    1.2922100723e-10
       486         12992        1.68418884e-04    1.2849341146e-10
       487         13120        1.65977478e-04    1.2663076632e-10
       488         13248        1.63612366e-04    1.2482632883e-10
       489         13376        1.53121948e-04    1.1682277545e-10
       490         13504        1.49955750e-04    1.1440715752e-10
       491         13632        1.49803162e-04    1.1429074220e-10
       492         13760        1.46675110e-04    1.1190422810e-10
       493         13888        1.42402649e-04    1.0864459909e-10
       494         14016        1.36985779e-04    1.0451185517e-10
       495         14144        1.40876770e-04    1.0748044588e-10
       496         14272        1.32904053e-04    1.0139774531e-10
       497         14400        1.28135681e-04    9.7759766503e-11
       498         14528        1.25694275e-04    9.5897121352e-11
       499         14656        1.21803284e-04    9.2928530646e-11
       500         14784        1.17034912e-04    8.9290551839e-11
       501         14912        1.19972229e-04    9.1531546782e-11
       502         15040        1.17721558e-04    8.9814420788e-11
       503         15168        1.14440918e-04    8.7311491367e-11
       504         15296        1.10435486e-04    8.4255589171e-11
       505         15424        1.10359192e-04    8.4197381512e-11
       506         15552        1.11160278e-04    8.4808561951e-11
       507         15680        1.01776123e-04    7.7649019658e-11
       508         15808        1.00440979e-04    7.6630385592e-11
       509         15936        1.00021362e-04    7.6310243456e-11
       510         16064        9.78469849e-05    7.4651325120e-11
       511         16192        9.32693481e-05    7.1158865466e-11
       512         16320        9.40322876e-05    7.1740942076e-11
       513         16576        1.84020996e-04    7.0198439062e-11
       514         16832        1.77345276e-04    6.7651853896e-11
       515         17088        1.72767639e-04    6.5905624069e-11
       516         17344        1.61437988e-04    6.1583705246e-11
       517         17600        1.55754089e-04    5.9415469877e-11
       518         17856        1.47666931e-04    5.6330463848e-11
       519         18112        1.45759583e-04    5.5602868088e-11
       520         18368        1.40304565e-04    5.3521944210e-11
       521         18624        1.32598877e-04    5.0582457334e-11
       522         18880        1.29394531e-04    4.9360096454e-11
       523         19136        1.20620728e-04    4.6013155952e-11
       524         19392        1.21459961e-04    4.6333298087e-11
       525         19648        1.15776062e-04    4.4165062718e-11
       526         19904        1.13220215e-04    4.3190084398e-11
       527         20160        1.09672546e-04    4.1836756282e-11
       528         20416        1.09176636e-04    4.1647581384e-11
       529         20672        1.04980469e-04    4.0046870709e-11
       530         20928        9.35745239e-05    3.5695848056e-11
       531         21184        9.57870483e-05    3.6539859138e-11
       532         21440        9.41467285e-05    3.5914126784e-11
       533         21696        8.66317749e-05    3.3047399484e-11
       534         21952        8.78906250e-05    3.3527612687e-11
       535         22208        8.67080688e-05    3.3076503315e-11
       536         22464        8.12149048e-05    3.0981027522e-11
       537         22720        7.81250000e-05    2.9802322388e-11
       538         22976        7.88116455e-05    3.0064256862e-11
       539         23232        7.83157349e-05    2.9875081964e-11
       540         23488        7.46536255e-05    2.8478098102e-11
       541         23744        7.27844238e-05    2.7765054256e-11
       542         24000        6.89697266e-05    2.6309862734e-11
       543         24256        6.50405884e-05    2.4811015465e-11
       544         24512        6.75964355e-05    2.5785993786e-11
       545         24768        6.27517700e-05    2.3937900551e-11
       546         25024        6.05773926e-05    2.3108441383e-11
       547         25280        6.13021851e-05    2.3384927772e-11
       548         25536        5.87844849e-05    2.2424501367e-11
       549         25792        5.72204590e-05    2.1827872843e-11
       550         26048        5.76019287e-05    2.1973391995e-11
       551         26304        5.55801392e-05    2.1202140489e-11
       552         26560        5.22994995e-05    1.9950675778e-11
       553         26816        5.12313843e-05    1.9543222152e-11
       554         27072        5.15747070e-05    1.9674189389e-11
       555         27328        4.74548340e-05    1.8102582544e-11
       556         27584        4.71496582e-05    1.7986167223e-11
       557         27840        4.76455688e-05    1.8175342120e-11
       558         28096        4.39453125e-05    1.6763806344e-11
       559         28352        4.51660156e-05    1.7229467630e-11
       560         28608        4.37164307e-05    1.6676494851e-11
       561         28864        4.37545776e-05    1.6691046768e-11
       562         29120        4.11987305e-05    1.5716068447e-11
       563         29376        4.15039062e-05    1.5832483769e-11
       564         29632        4.03594971e-05    1.5395926312e-11
       565         29888        3.93676758e-05    1.5017576515e-11
       566         30144        3.83377075e-05    1.4624674805e-11
       567         30400        3.96347046e-05    1.5119439923e-11
       568         30656        3.92913818e-05    1.4988472685e-11
       569         30912        3.49807739e-05    1.3344106265e-11
       570         31168        3.47518921e-05    1.3256794774e-11
       571         31424        3.60107422e-05    1.3737007975e-11
       572         31680        3.59725952e-05    1.3722456061e-11
       573         31936        3.26919556e-05    1.2470991351e-11
       574         32192        3.37600708e-05    1.2878444977e-11
       575         32448        3.20816040e-05    1.2238160708e-11
       576         32704        3.16238403e-05    1.2063537724e-11
       577         33216        6.42013550e-05    1.2245436664e-11
       578         33728        5.80215454e-05    1.1066731531e-11
       579         34240        6.03103638e-05    1.1503288988e-11
       580         34752        5.48171997e-05    1.0455551092e-11
       581         35264        5.37109375e-05    1.0244548321e-11
       582         35776        5.00869751e-05    9.5533323472e-12
       583         36288        5.22232056e-05    9.9607859737e-12
       584         36800        4.95529175e-05    9.4514689404e-12
       585         37312        5.18035889e-05    9.8807504396e-12
       586         37824        4.98199463e-05    9.5024006436e-12
       587         38336        4.70733643e-05    8.9785316955e-12
       588         38848        4.50134277e-05    8.5856299845e-12
       589         39360        4.39453125e-05    8.3819031712e-12
       590         39872        4.42504883e-05    8.4401108323e-12
       591         40384        4.28009033e-05    8.1636244429e-12
       592         40896        4.09698486e-05    7.8143784777e-12
       593         41408        4.15802002e-05    7.9307937993e-12
       594         41920        4.29153442e-05    8.1854523158e-12
       595         42432        4.05883789e-05    7.7416189013e-12
       596         42944        4.00161743e-05    7.6324795372e-12
       597         43456        3.80325317e-05    7.2541297411e-12
       598         43968        3.94439697e-05    7.5233401730e-12
       599         44480        3.81469727e-05    7.2759576141e-12
       600         44992        3.71170044e-05    7.0795067586e-12
       601         45504        3.90625000e-05    7.4505805970e-12
       602         46016        3.89099121e-05    7.4214767663e-12
       603         46528        3.86428833e-05    7.3705450630e-12
       604         47040        3.90625000e-05    7.4505805969e-12
       605         47552        4.02832031e-05    7.6834112406e-12
       606         48064        4.06646729e-05    7.7561708166e-12
       607         48576        3.91387939e-05    7.4651325121e-12
       608         49088        4.09317017e-05    7.8071025201e-12
       609         49600        4.02832031e-05    7.6834112404e-12
       610         50112        3.89480591e-05    7.4287527240e-12
       611         50624        3.87573242e-05    7.3923729359e-12
       612         51136        3.84140015e-05    7.3268893172e-12
       613         51648        4.16564941e-05    7.9453457146e-12
       614         52160        3.95965576e-05    7.5524440035e-12
       615         52672        4.42123413e-05    8.4328348746e-12
       616         53184        4.19998169e-05    8.0108293331e-12
       617         53696        4.32968140e-05    8.2582118921e-12
       618         54208        4.13894653e-05    7.8944140113e-12
       619         54720        4.35256958e-05    8.3018676378e-12
       620         55232        4.24957275e-05    8.1054167821e-12
       621         55744        4.53186035e-05    8.6438376456e-12
       622         56256        4.51278687e-05    8.6074578575e-12
       623         56768        4.66156006e-05    8.8912202044e-12
       624         57280        4.46701050e-05    8.5201463660e-12
       625         57792        4.73403931e-05    9.0294633988e-12
       626         58304        4.76455688e-05    9.0876710600e-12
       627         58816        4.74548340e-05    9.0512912719e-12
       628         59328        4.90951538e-05    9.3641574492e-12
       629         59840        5.03921509e-05    9.6115400080e-12
       630         60352        5.24520874e-05    1.0004441719e-11
       631         60864        5.02014160e-05    9.5751602201e-12
       632         61376        5.27191162e-05    1.0055373423e-11
       633         61888        5.35583496e-05    1.0215444490e-11
       634         62400        5.35964966e-05    1.0222720448e-11
       635         62912        5.48553467e-05    1.0462827049e-11
       636         63424        5.56945801e-05    1.0622898117e-11
       637         63936        5.64956665e-05    1.0775693227e-11
       638         64448        5.68389893e-05    1.0841176845e-11
       639         64960        5.99288940e-05    1.1430529412e-11
       640         65472        5.99670410e-05    1.1437805370e-11
       641         66496        1.22718811e-04    1.1703377822e-11
       642         67520        1.24282837e-04    1.1852534953e-11
       643         68544        1.28707886e-04    1.2274540494e-11
       644         69568        1.32102966e-04    1.2598320609e-11
       645         70592        1.43814087e-04    1.3715180103e-11
       646         71616        1.44615173e-04    1.3791577657e-11
       647         72640        1.50947571e-04    1.4395482140e-11
       648         73664        1.55830383e-04    1.4861143427e-11
       649         74688        1.56402588e-04    1.4915713109e-11
       650         75712        1.64794922e-04    1.5716068447e-11
       651         76736        1.69219971e-04    1.6138073988e-11
       652         77760        1.80168152e-04    1.7182173906e-11
       653         78784        1.84402466e-04    1.7585989553e-11
       654         79808        1.86653137e-04    1.7800630303e-11
       655         80832        1.94168091e-04    1.8517312128e-11
       656         81856        1.99661255e-04    1.9041181076e-11
       657         82880        2.08435059e-04    1.9877916202e-11
       658         83904        2.14614868e-04    2.0467268769e-11
       659         84928        2.23312378e-04    2.1296727937e-11
       660         85952        2.36167908e-04    2.2522726795e-11
       661         86976        2.40058899e-04    2.2893800633e-11
       662         88000        2.42843628e-04    2.3159373086e-11
       663         89024        2.50320435e-04    2.3872416932e-11
       664         90048        2.54440308e-04    2.4265318643e-11
       665         91072        2.64701843e-04    2.5243934942e-11
       666         92096        2.75611877e-04    2.6284396881e-11
       667         93120        2.85034180e-04    2.7182977647e-11
       668         94144        2.96325684e-04    2.8259819374e-11
       669         95168        2.98194885e-04    2.8438080335e-11
       670         96192        3.07846069e-04    2.9358488973e-11
       671         97216        3.16123962e-04    3.0147930375e-11
       672         98240        3.29627991e-04    3.1435774872e-11
       673         99264        3.31535339e-04    3.1617673813e-11
       674        100288        3.45611572e-04    3.2960087993e-11
       675        101312        3.43360901e-04    3.2745447243e-11
       676        102336        3.58428955e-04    3.4182448872e-11
       677        103360        3.68957520e-04    3.5186531022e-11
       678        104384        3.80668640e-04    3.6303390516e-11
       679        105408        3.80287170e-04    3.6267010728e-11
       680        106432        3.92341614e-04    3.7416612031e-11
       681        107456        3.91006470e-04    3.7289282773e-11
       682        108480        3.95050049e-04    3.7674908526e-11
       683        109504        4.16488647e-04    3.9719452616e-11
       684        110528        4.17747498e-04    3.9839505917e-11
       685        111552        4.30374146e-04    4.1043676902e-11
       686        112576        4.30984497e-04    4.1101884563e-11
       687        113600        4.39300537e-04    4.1894963943e-11
       688        114624        4.43572998e-04    4.2302417569e-11
       689        115648        4.54635620e-04    4.3357431423e-11
       690        116672        4.66346741e-04    4.4474290916e-11
       691        117696        4.77104187e-04    4.5500200940e-11
       692        118720        4.72259521e-04    4.5038177632e-11
       693        119744        4.75196838e-04    4.5318302001e-11
       694        120768        4.79774475e-04    4.5754859457e-11
       695        121792        4.85343933e-04    4.6286004363e-11
       696        122816        4.89654541e-04    4.6697095968e-11
       697        123840        4.96292114e-04    4.7330104280e-11
       698        124864        4.92973328e-04    4.7013600124e-11
       699        125888        4.92057800e-04    4.6926288633e-11
       700        126912        4.97512817e-04    4.7446519602e-11
       701        127936        4.93965149e-04    4.7108187573e-11
       702        128960        5.00526428e-04    4.7733919928e-11
       703        129984        4.95872498e-04    4.7290086513e-11
       704        131008        4.92210388e-04    4.6940840548e-11
       705        133056        9.72480774e-04    4.6371496865e-11
       706        135104        9.55848694e-04    4.5578417485e-11
       707        137152        9.15565491e-04    4.3657564674e-11
       708        139200        8.91609192e-04    4.2515239329e-11
       709        141248        8.49189758e-04    4.0492523112e-11
       710        143296        8.15200806e-04    3.8871803554e-11
       711        145344        7.72552490e-04    3.6838173401e-11
       712        147392        7.22961426e-04    3.4473487176e-11
       713        149440        6.79969788e-04    3.2423486118e-11
       714        151488        6.37207031e-04    3.0384398997e-11
       715        153536        5.93681335e-04    2.8308932087e-11
       716        155584        5.57861328e-04    2.6600901037e-11
       717        157632        4.99000549e-04    2.3794200388e-11
       718        159680        4.73747253e-04    2.2590029403e-11
       719        161728        4.35142517e-04    2.0749212126e-11
       720        163776        4.00657654e-04    1.9104845706e-11
       721        165824        3.71398926e-04    1.7709680833e-11
       722        167872        3.35273743e-04    1.5987097868e-11
       723        169920        2.98385620e-04    1.4228135116e-11
       724        171968        2.77175903e-04    1.3216777006e-11
       725        174016        2.45094299e-04    1.1687006917e-11
       726        176064        2.23007202e-04    1.0633812052e-11
       727        178112        2.01034546e-04    9.5860741562e-12
       728        180160        1.78108215e-04    8.4928615251e-12
       729        182208        1.52511597e-04    7.2723196354e-12
       730        184256        1.36718750e-04    6.5192580223e-12
       731        186304        1.21383667e-04    5.7880242821e-12
       732        188352        1.06239319e-04    5.0658854889e-12
       733        190400        9.23919678e-05    4.4055923354e-12
       734        192448        7.80105591e-05    3.7198333303e-12
       735        194496        6.85119629e-05    3.2669049687e-12
       736        196544        5.43975830e-05    2.5938788895e-12
       737        198592        4.67300415e-05    2.2282620193e-12
       738        200640        4.11605835e-05    1.9626895664e-12
       739        202688        3.39126587e-05    1.6170815797e-12
       740        204736        2.69699097e-05    1.2860255083e-12
       741        206784        2.03704834e-05    9.7134034143e-13
       742        208832        1.68228149e-05    8.0217432691e-13
       743        210880        1.42669678e-05    6.8030203691e-13
       744        212928        1.06811523e-05    5.0931703298e-13
       745        214976        7.85827637e-06    3.7471181714e-13
       746        217024        7.05718994e-06    3.3651303967e-13
       747        219072        4.04357910e-06    1.9281287679e-13
       748        221120        3.08990479e-06    1.4733814171e-13
       749        223168        2.13623047e-06    1.0186340661e-13
       750        225216        1.64031982e-06    7.8216544367e-14
       751        227264        5.72204590e-07    2.7284841058e-14
       752        229312        6.10351563e-07    2.9103830463e-14
       753        231360        2.67028809e-07    1.2732925827e-14
       754        233408        3.05175781e-07    1.4551915232e-14
       755        235456        7.62939453e-08    3.6379788080e-15
       756        237504        7.62939453e-08    3.6379788080e-15
       757        239552        3.81469727e-08    1.8189894040e-15
       758        241600        3.81469727e-08    1.8189894040e-15
       759        243648        0.00000000e+00    0.0000000000e+00
       760        245696        0.00000000e+00    0.0000000000e+00
       761        247744        0.00000000e+00    0.0000000000e+00
       762        249792        3.81469727e-08    1.8189894040e-15
