         2             2        2.92023338e+03    2.8517904115e-01
         3             3        4.02107856e+02    3.9268345356e-02
         4             4        1.30443953e+02    1.2738667250e-02
         5             5        5.69273657e+01    5.5593130589e-03
         6             6        2.73700415e+01    2.6728556156e-03
         7             7        1.63861206e+01    1.6002070904e-03
         8             8        1.07930762e+01    1.0540113449e-03
         9             9        7.13187500e+00    6.9647216797e-04
        10            10        5.18215576e+00    5.0606989861e-04
        11            11        3.88902100e+00    3.7978720665e-04
        12            12        2.97263184e+00    2.9029607773e-04
        13            13        2.35069092e+00    2.2955965996e-04
        14            14        1.90693359e+00    1.8622398377e-04
        15            15        1.55903076e+00    1.5224909783e-04
        16            16        1.30356445e+00    1.2730121613e-04
        17            17        1.10201904e+00    1.0761904716e-04
        18            18        9.43813477e-01    9.2169284820e-05
        19            19        8.14033203e-01    7.9495429992e-05
        20            20        7.10351563e-01    6.9370269775e-05
        21            21        6.21755371e-01    6.0718297959e-05
        22            22        5.52634277e-01    5.3968191147e-05
        23            23        4.91943359e-01    4.8041343689e-05
        24            24        4.40622559e-01    4.3029546737e-05
        25            25        3.97646484e-01    3.8832664490e-05
        26            26        3.60739746e-01    3.5228490829e-05
        27            27        3.23459473e-01    3.1587839126e-05
        28            28        2.96806641e-01    2.8985023499e-05
        29            29        2.71411133e-01    2.6504993439e-05
        30            30        2.50156250e-01    2.4429321289e-05
        31            31        2.30168457e-01    2.2477388382e-05
        32            32        2.13317871e-01    2.0831823349e-05
        33            33        1.97658691e-01    1.9302606583e-05
        34            34        1.84328613e-01    1.8000841141e-05
        35            35        1.71223145e-01    1.6721010208e-05
        36            36        1.59060059e-01    1.5533208847e-05
        37            37        1.48642578e-01    1.4515876770e-05
        38            38        1.38571777e-01    1.3532400131e-05
        39            39        1.30886230e-01    1.2781858445e-05
        40            40        1.23107910e-01    1.2022256852e-05
        41            41        1.16101074e-01    1.1337995529e-05
        42            42        1.09907227e-01    1.0733127594e-05
        43            43        1.03483887e-01    1.0105848312e-05
        44            44        9.86889648e-02    9.6375942230e-06
        45            45        9.30932617e-02    9.0911388397e-06
        46            46        8.92333984e-02    8.7141990662e-06
        47            47        8.35595703e-02    8.1601142884e-06
        48            48        7.93725586e-02    7.7512264251e-06
        49            49        7.69287109e-02    7.5125694275e-06
        50            50        7.26098633e-02    7.0908069611e-06
        51            51        6.90771484e-02    6.7458152771e-06
        52            52        6.59912109e-02    6.4444541932e-06
        53            53        6.27148437e-02    6.1244964600e-06
        54            54        6.04687500e-02    5.9051513672e-06
        55            55        5.84521484e-02    5.7082176208e-06
        56            56        5.58496094e-02    5.4540634155e-06
        57            57        5.29760742e-02    5.1734447479e-06
        58            58        5.12719727e-02    5.0070285797e-06
        59            59        4.95507812e-02    4.8389434814e-06
        60            60        4.74609375e-02    4.6348571777e-06
        61            61        4.52807617e-02    4.4219493866e-06
        62            62        4.38818359e-02    4.2853355408e-06
        63            63        4.19653320e-02    4.0981769562e-06
        64            64        4.10864258e-02    4.0123462677e-06
        65            66        7.63061523e-02    3.7258863449e-06
        66            68        7.19555664e-02    3.5134553909e-06
        67            70        6.70166016e-02    3.2722949982e-06
        68            72        6.27124023e-02    3.0621290208e-06
        69            74        5.90356445e-02    2.8825998306e-06
        70            76        5.55053711e-02    2.7102231979e-06
        71            78        5.12915039e-02    2.5044679642e-06
        72            80        4.88891602e-02    2.3871660232e-06
        73            82        4.54589844e-02    2.2196769715e-06
        74            84        4.35986328e-02    2.1288394928e-06
        75            86        4.08886719e-02    1.9965171814e-06
        76            88        3.87890625e-02    1.8939971924e-06
        77            90        3.69653320e-02    1.8049478531e-06
        78            92        3.55078125e-02    1.7337799072e-06
        79            94        3.33154297e-02    1.6267299652e-06
        80            96        3.17724609e-02    1.5513896942e-06
        81            98        3.04833984e-02    1.4884471894e-06
        82           100        2.89355469e-02    1.4128684998e-06
        83           102        2.75244141e-02    1.3439655303e-06
        84           104        2.63671875e-02    1.2874603272e-06
        85           106        2.49536133e-02    1.2184381485e-06
        86           108        2.45581055e-02    1.1991262436e-06
        87           110        2.29052734e-02    1.1184215546e-06
        88           112        2.25390625e-02    1.1005401612e-06
        89           114        2.14697266e-02    1.0483264923e-06
        90           116        2.03076172e-02    9.9158287048e-07
        91           118        1.95996094e-02    9.5701217652e-07
        92           120        1.88989258e-02    9.2279911041e-07
        93           122        1.81567383e-02    8.8655948639e-07
        94           124        1.72167969e-02    8.4066390990e-07
        95           126        1.66259766e-02    8.1181526184e-07
        96           128        1.59594727e-02    7.7927112579e-07
        97           130        1.49047852e-02    7.2777271270e-07
        98           132        1.50439453e-02    7.3456764221e-07
        99           134        1.40698242e-02    6.8700313568e-07
       100           136        1.37231445e-02    6.7007541657e-07
       101           138        1.31176758e-02    6.4051151275e-07
       102           140        1.29052734e-02    6.3014030457e-07
       103           142        1.23803711e-02    6.0451030731e-07
       104           144        1.19604492e-02    5.8400630951e-07
       105           146        1.16088867e-02    5.6684017181e-07
       106           148        1.13378906e-02    5.5360794067e-07
       107           150        1.12817383e-02    5.5086612701e-07
       108           152        1.04565430e-02    5.1057338715e-07
       109           154        1.02197266e-02    4.9901008606e-07
       110           156        9.96093750e-03    4.8637390136e-07
       111           158        9.81689453e-03    4.7934055328e-07
       112           160        9.23095703e-03    4.5073032379e-07
       113           162        8.85742188e-03    4.3249130249e-07
       114           164        8.80126953e-03    4.2974948883e-07
       115           166        8.54736328e-03    4.1735172272e-07
       116           168        8.01757812e-03    3.9148330688e-07
       117           170        7.85644531e-03    3.8361549377e-07
       118           172        7.69042969e-03    3.7550926208e-07
       119           174        7.57080078e-03    3.6966800689e-07
       120           176        7.33398437e-03    3.5810470581e-07
       121           178        7.04833984e-03    3.4415721894e-07
       122           180        7.16796875e-03    3.4999847412e-07
       123           182        6.58935547e-03    3.2174587250e-07
       124           184        6.77246094e-03    3.3068656921e-07
       125           186        6.43554687e-03    3.1423568726e-07
       126           188        6.21093750e-03    3.0326843262e-07
       127           190        5.81787109e-03    2.8407573700e-07
       128           192        5.83007812e-03    2.8467178345e-07
       129           196        1.13012695e-02    2.7590990067e-07
       130           200        1.06201172e-02    2.5928020477e-07
       131           204        1.03808594e-02    2.5343894958e-07
       132           208        9.67041016e-03    2.3609399796e-07
       133           212        9.10400391e-03    2.2226572036e-07
       134           216        8.67431641e-03    2.1177530289e-07
       135           220        8.74511719e-03    2.1350383758e-07
       136           224        7.69775391e-03    1.8793344498e-07
       137           228        7.07519531e-03    1.7273426056e-07
       138           232        7.39746094e-03    1.8060207367e-07
       139           236        6.78466797e-03    1.6564130783e-07
       140           240        6.57958984e-03    1.6063451767e-07
       141           244        6.15722656e-03    1.5032291412e-07
       142           248        6.01562500e-03    1.4686584473e-07
       143           252        5.60546875e-03    1.3685226440e-07
       144           256        5.42724609e-03    1.3250112534e-07
       145           260        5.23193359e-03    1.2773275376e-07
       146           264        5.02197266e-03    1.2260675430e-07
       147           268        4.92187500e-03    1.2016296387e-07
       148           272        4.76806641e-03    1.1640787125e-07
       149           276        4.42626953e-03    1.0806322098e-07
       150           280        4.18701172e-03    1.0222196579e-07
       151           284        3.97949219e-03    9.7155570988e-08
       152           288        3.84277344e-03    9.3817710878e-08
       153           292        3.81103516e-03    9.3042850497e-08
       154           296        3.61816406e-03    8.8334083559e-08
       155           300        3.27148438e-03    7.9870224001e-08
       156           304        3.36425781e-03    8.2135200500e-08
       157           308        2.93945312e-03    7.1763992310e-08
       158           312        3.06884766e-03    7.4923038484e-08
       159           316        3.04687500e-03    7.4386596681e-08
       160           320        2.83691406e-03    6.9260597229e-08
       161           324        2.70263672e-03    6.5982341767e-08
       162           328        2.66845703e-03    6.5147876740e-08
       163           332        2.58544922e-03    6.3121318818e-08
       164           336        2.41699219e-03    5.9008598328e-08
       165           340        2.38037109e-03    5.8114528657e-08
       166           344        2.23388672e-03    5.4538249970e-08
       167           348        2.33642578e-03    5.7041645051e-08
       168           352        2.05566406e-03    5.0187110902e-08
       169           356        1.95312500e-03    4.7683715821e-08
       170           360        1.93847656e-03    4.7326087952e-08
       171           364        1.85302734e-03    4.5239925385e-08
       172           368        1.77978516e-03    4.3451786042e-08
       173           372        1.74560547e-03    4.2617321015e-08
       174           376        1.73339844e-03    4.2319297792e-08
       175           380        1.68457031e-03    4.1127204896e-08
       176           384        1.62109375e-03    3.9577484132e-08
       177           388        1.63574219e-03    3.9935112001e-08
       178           392        1.61132812e-03    3.9339065553e-08
       179           396        1.42578125e-03    3.4809112550e-08
       180           400        1.52587891e-03    3.7252902986e-08
       181           404        1.35498047e-03    3.3080577852e-08
       182           408        1.39160156e-03    3.3974647523e-08
       183           412        1.27441406e-03    3.1113624574e-08
       184           416        1.16455078e-03    2.8431415559e-08
       185           420        1.22070312e-03    2.9802322388e-08
       186           424        1.14501953e-03    2.7954578400e-08
       187           428        1.14501953e-03    2.7954578401e-08
       188           432        1.14257812e-03    2.7894973756e-08
       189           436        1.11816406e-03    2.7298927308e-08
       190           440        1.04980469e-03    2.5629997254e-08
       191           444        9.57031250e-04    2.3365020753e-08
       192           448        9.81445312e-04    2.3961067201e-08
       193           456        1.82861328e-03    2.2321939469e-08
       194           464        1.81640625e-03    2.2172927856e-08
       195           472        1.64550781e-03    2.0086765289e-08
       196           480        1.55761719e-03    1.9013881683e-08
       197           488        1.63330078e-03    1.9937753677e-08
       198           496        1.35986328e-03    1.6599893570e-08
       199           504        1.32324219e-03    1.6152858734e-08
       200           512        1.26708984e-03    1.5467405319e-08
       201           520        1.27197266e-03    1.5527009964e-08
       202           528        1.21337891e-03    1.4811754227e-08
       203           536        1.18408203e-03    1.4454126358e-08
       204           544        1.21582031e-03    1.4841556549e-08
       205           552        1.23779297e-03    1.5109777450e-08
       206           560        1.13037109e-03    1.3798475266e-08
       207           568        1.10595703e-03    1.3500452041e-08
       208           576        1.02050781e-03    1.2457370758e-08
       209           584        1.02783203e-03    1.2546777725e-08
       210           592        1.00341797e-03    1.2248754502e-08
       211           600        9.79003906e-04    1.1950731278e-08
       212           608        9.91210937e-04    1.2099742889e-08
       213           616        1.00585938e-03    1.2278556824e-08
       214           624        9.76562500e-04    1.1920928955e-08
       215           632        9.49707031e-04    1.1593103409e-08
       216           640        8.44726562e-04    1.0311603546e-08
       217           648        8.52050781e-04    1.0401010514e-08
       218           656        8.93554688e-04    1.0907649994e-08
       219           664        8.61816406e-04    1.0520219803e-08
       220           672        8.95996094e-04    1.0937452316e-08
       221           680        8.47167969e-04    1.0341405869e-08
       222           688        9.32617187e-04    1.1384487152e-08
       223           696        8.91113281e-04    1.0877847672e-08
       224           704        9.05761719e-04    1.1056661606e-08
       225           712        8.66699219e-04    1.0579824448e-08
       226           720        9.44824219e-04    1.1533498764e-08
       227           728        8.52050781e-04    1.0401010513e-08
       228           736        8.27636719e-04    1.0102987290e-08
       229           744        8.49609375e-04    1.0371208191e-08
       230           752        8.95996094e-04    1.0937452316e-08
       231           760        8.10546875e-04    9.8943710332e-09
       232           768        7.66601563e-04    9.3579292300e-09
       233           776        8.78906250e-04    1.0728836059e-08
       234           784        8.54492188e-04    1.0430812836e-08
       235           792        9.69238281e-04    1.1831521988e-08
       236           800        9.05761719e-04    1.1056661606e-08
       237           808        8.22753906e-04    1.0043382645e-08
       238           816        9.54589844e-04    1.1652708054e-08
       239           824        9.08203125e-04    1.1086463928e-08
       240           832        8.71582031e-04    1.0639429093e-08
       241           840        9.76562500e-04    1.1920928956e-08
       242           848        9.13085938e-04    1.1146068573e-08
       243           856        9.13085938e-04    1.1146068573e-08
       244           864        9.27734375e-04    1.1324882507e-08
       245           872        8.76464844e-04    1.0699033737e-08
       246           880        9.15527344e-04    1.1175870895e-08
       247           888        8.98437500e-04    1.0967254639e-08
       248           896        9.66796875e-04    1.1801719666e-08
       249           904        9.76562500e-04    1.1920928955e-08
       250           912        9.86328125e-04    1.2040138244e-08
       251           920        9.88769531e-04    1.2069940567e-08
       252           928        9.69238281e-04    1.1831521988e-08
       253           936        1.00341797e-03    1.2248754501e-08
       254           944        9.66796875e-04    1.1801719665e-08
       255           952        9.57031250e-04    1.1682510376e-08
       256           960        1.04248047e-03    1.2725591660e-08
       257           976        2.07763672e-03    1.2680888176e-08
       258           992        2.01416016e-03    1.2293457985e-08
       259          1008        2.08007812e-03    1.2695789337e-08
       260          1024        2.14355469e-03    1.3083219528e-08
       261          1040        2.17041016e-03    1.3247132301e-08
       262          1056        2.36083984e-03    1.4409422874e-08
       263          1072        2.29492188e-03    1.4007091522e-08
       264          1088        2.27783203e-03    1.3902783393e-08
       265          1104        2.54394531e-03    1.5527009963e-08
       266          1120        2.67089844e-03    1.6301870345e-08
       267          1136        2.73681641e-03    1.6704201697e-08
       268          1152        2.84667969e-03    1.7374753951e-08
       269          1168        2.96386719e-03    1.8090009688e-08
       270          1184        3.02246094e-03    1.8447637557e-08
       271          1200        3.09326172e-03    1.8879771231e-08
       272          1216        2.98828125e-03    1.8239021300e-08
       273          1232        3.40332031e-03    2.0772218703e-08
       274          1248        3.63281250e-03    2.2172927855e-08
       275          1264        3.56201172e-03    2.1740794181e-08
       276          1280        3.63769531e-03    2.2202730179e-08
       277          1296        3.85742188e-03    2.3543834686e-08
       278          1312        3.84765625e-03    2.3484230041e-08
       279          1328        4.17236328e-03    2.5466084480e-08
       280          1344        4.55566406e-03    2.7805566788e-08
       281          1360        4.45312500e-03    2.7179718018e-08
       282          1376        4.86328125e-03    2.9683113099e-08
       283          1392        5.03662109e-03    3.0741095543e-08
       284          1408        4.96093750e-03    3.0279159547e-08
       285          1424        5.11962891e-03    3.1247735025e-08
       286          1440        5.18310547e-03    3.1635165216e-08
       287          1456        5.62500000e-03    3.4332275391e-08
       288          1472        6.04980469e-03    3.6925077439e-08
       289          1488        6.18164063e-03    3.7729740143e-08
       290          1504        6.47949219e-03    3.9547681808e-08
       291          1520        6.71386719e-03    4.0978193283e-08
       292          1536        6.80175781e-03    4.1514635085e-08
       293          1552        7.14843750e-03    4.3630599975e-08
       294          1568        7.27294922e-03    4.4390559196e-08
       295          1584        7.52197266e-03    4.5910477638e-08
       296          1600        7.89062500e-03    4.8160552979e-08
       297          1616        7.79541016e-03    4.7579407692e-08
       298          1632        8.55224609e-03    5.2198767663e-08
       299          1648        8.64013672e-03    5.2735209465e-08
       300          1664        8.76953125e-03    5.3524971008e-08
       301          1680        9.31640625e-03    5.6862831116e-08
       302          1696        9.42138672e-03    5.7503581047e-08
       303          1712        9.68750000e-03    5.9127807618e-08
       304          1728        1.01879883e-02    6.2182545662e-08
       305          1744        1.04492187e-02    6.3776969910e-08
       306          1760        1.02490234e-02    6.2555074692e-08
       307          1776        1.09936523e-02    6.7099928856e-08
       308          1792        1.12817383e-02    6.8858265877e-08
       309          1808        1.16748047e-02    7.1257352829e-08
       310          1824        1.22558594e-02    7.4803829193e-08
       311          1840        1.23706055e-02    7.5504183769e-08
       312          1856        1.26904297e-02    7.7456235885e-08
       313          1872        1.30224609e-02    7.9482793808e-08
       314          1888        1.30932617e-02    7.9914927483e-08
       315          1904        1.36083984e-02    8.3059072493e-08
       316          1920        1.37963867e-02    8.4206461905e-08
       317          1936        1.42675781e-02    8.7082386016e-08
       318          1952        1.46826172e-02    8.9615583419e-08
       319          1968        1.47680664e-02    9.0137124062e-08
       320          1984        1.50610352e-02    9.1925263402e-08
       321          2016        3.09228516e-02    9.4369053842e-08
       322          2048        3.28930664e-02    1.0038167238e-07
       323          2080        3.44384766e-02    1.0509788990e-07
       324          2112        3.54687500e-02    1.0824203492e-07
       325          2144        3.71289062e-02    1.1330842972e-07
       326          2176        3.77685547e-02    1.1526048183e-07
       327          2208        3.91259766e-02    1.1940300465e-07
       328          2240        4.04028320e-02    1.2329965829e-07
       329          2272        4.07495117e-02    1.2435764075e-07
       330          2304        4.24804688e-02    1.2964010239e-07
       331          2336        4.29833984e-02    1.3117492198e-07
       332          2368        4.40869141e-02    1.3454258442e-07
       333          2400        4.47314453e-02    1.3650953769e-07
       334          2432        4.51611328e-02    1.3782083988e-07
       335          2464        4.58593750e-02    1.3995170593e-07
       336          2496        4.68090820e-02    1.4284998179e-07
       337          2528        4.70288086e-02    1.4352053403e-07
       338          2560        4.75048828e-02    1.4497339726e-07
       339          2592        4.74511719e-02    1.4480948448e-07
       340          2624        4.83569336e-02    1.4757364988e-07
       341          2656        4.80566406e-02    1.4665722847e-07
       342          2688        4.83105469e-02    1.4743208885e-07
       343          2720        4.82641602e-02    1.4729052782e-07
       344          2752        4.81298828e-02    1.4688074588e-07
       345          2784        4.79956055e-02    1.4647096395e-07
       346          2816        4.70288086e-02    1.4352053404e-07
       347          2848        4.67431641e-02    1.4264881611e-07
       348          2880        4.62011719e-02    1.4099478722e-07
       349          2912        4.60717773e-02    1.4059990645e-07
       350          2944        4.51245117e-02    1.3770908117e-07
       351          2976        4.33276367e-02    1.3222545385e-07
       352          3008        4.36157227e-02    1.3310462236e-07
       353          3040        4.23925781e-02    1.2937188149e-07
       354          3072        4.06591797e-02    1.2408196926e-07
       355          3104        3.98193359e-02    1.2151896953e-07
       356          3136        3.90356445e-02    1.1912733317e-07
       357          3168        3.71411133e-02    1.1334568262e-07
       358          3200        3.63574219e-02    1.1095404625e-07
       359          3232        3.45483398e-02    1.0543316603e-07
       360          3264        3.33691406e-02    1.0183453560e-07
       361          3296        3.17993164e-02    9.7043812278e-08
       362          3328        3.02539062e-02    9.2327594757e-08
       363          3360        2.83349609e-02    8.6471438408e-08
       364          3392        2.70654297e-02    8.2597136499e-08
       365          3424        2.56713867e-02    7.8342854977e-08
       366          3456        2.34301758e-02    7.1503221988e-08
       367          3488        2.18286133e-02    6.6615641117e-08
       368          3520        2.02368164e-02    6.1757862568e-08
       369          3552        1.83081055e-02    5.5871903897e-08
       370          3584        1.64868164e-02    5.0313770771e-08
       371          3616        1.47045898e-02    4.4874846934e-08
       372          3648        1.32324219e-02    4.0382146834e-08
       373          3680        1.20166016e-02    3.6671757698e-08
       374          3712        1.02368164e-02    3.1240284444e-08
       375          3744        8.19580078e-03    2.5011599064e-08
       376          3776        6.68701172e-03    2.0407140253e-08
       377          3808        5.21240234e-03    1.5906989572e-08
       378          3840        3.94531250e-03    1.2040138244e-08
       379          3872        2.74658203e-03    8.3819031720e-09
       380          3904        1.68701172e-03    5.1483511925e-09
       381          3936        9.42382812e-04    2.8759241103e-09
       382          3968        3.83300781e-04    1.1697411537e-09
       383          4000        8.78906250e-05    2.6822090148e-10
       384          4032        2.44140625e-06    7.4505805970e-12
