         2             2        6.21385316e+02    3.1069265777e-01
         3             3        8.76484891e+01    4.3824244536e-02
         4             4        2.88758992e+01    1.4437949610e-02
         5             5        1.27741118e+01    6.3870559049e-03
         6             6        6.20083855e+00    3.1004192734e-03
         7             7        3.74894524e+00    1.8744726181e-03
         8             8        2.48899809e+00    1.2444990432e-03
         9             9        1.65825398e+00    8.2912699223e-04
        10            10        1.21363080e+00    6.0681539893e-04
        11            11        9.16609409e-01    4.5830470443e-04
        12            12        7.05867555e-01    3.5293377757e-04
        13            13        5.62079792e-01    2.8103989601e-04
        14            14        4.57691133e-01    2.2884556652e-04
        15            15        3.77071095e-01    1.8853554725e-04
        16            16        3.17151356e-01    1.5857567787e-04
        17            17        2.69362760e-01    1.3468137979e-04
        18            18        2.31630650e-01    1.1581532478e-04
        19            19        2.01141672e-01    1.0057083607e-04
        20            20        1.76220291e-01    8.8110145331e-05
        21            21        1.55646505e-01    7.7823252678e-05
        22            22        1.38362958e-01    6.9181479215e-05
        23            23        1.23795993e-01    6.1897996664e-05
        24            24        1.11414440e-01    5.5707219839e-05
        25            25        1.00763187e-01    5.0381593704e-05
        26            26        9.15969777e-02    4.5798488855e-05
        27            27        8.35629058e-02    4.1781452894e-05
        28            28        7.65751076e-02    3.8287553787e-05
        29            29        7.04313040e-02    3.5215651989e-05
        30            30        6.49947548e-02    3.2497377396e-05
        31            31        6.01471996e-02    3.0073599815e-05
        32            32        5.58282256e-02    2.7914112807e-05
        33            33        5.19569111e-02    2.5978455543e-05
        34            34        4.84849358e-02    2.4242467881e-05
        35            35        4.53378963e-02    2.2668948173e-05
        36            36        4.24918866e-02    2.1245943308e-05
        37            37        3.99115133e-02    1.9955756664e-05
        38            38        3.75651836e-02    1.8782591820e-05
        39            39        3.54310107e-02    1.7715505361e-05
        40            40        3.34505510e-02    1.6725275517e-05
        41            41        3.16473818e-02    1.5823690892e-05
        42            42        2.99685597e-02    1.4984279871e-05
        43            43        2.84366274e-02    1.4218313694e-05
        44            44        2.70151043e-02    1.3507552147e-05
        45            45        2.57054758e-02    1.2852737903e-05
        46            46        2.44775224e-02    1.2238761186e-05
        47            47        2.33569741e-02    1.1678487063e-05
        48            48        2.22816372e-02    1.1140818596e-05
        49            49        2.13028193e-02    1.0651409626e-05
        50            50        2.04049182e-02    1.0202459097e-05
        51            51        1.95193601e-02    9.7596800328e-06
        52            52        1.87202668e-02    9.3601334095e-06
        53            53        1.79681230e-02    8.9840614796e-06
        54            54        1.72576571e-02    8.6288285255e-06
        55            55        1.65720820e-02    8.2860410214e-06
        56            56        1.59578300e-02    7.9789149761e-06
        57            57        1.53666234e-02    7.6833117008e-06
        58            58        1.47969317e-02    7.3984658718e-06
        59            59        1.42560959e-02    7.1280479431e-06
        60            60        1.37673330e-02    6.8836665153e-06
        61            61        1.32897758e-02    6.6448879242e-06
        62            62        1.28351164e-02    6.4175581932e-06
        63            63        1.24027443e-02    6.2013721466e-06
        64            64        1.19974160e-02    5.9987080097e-06
        65            66        2.28688049e-02    5.7172012329e-06
        66            68        2.14459109e-02    5.3614777327e-06
        67            70        2.01945186e-02    5.0486296415e-06
        68            72        1.90247440e-02    4.7561860084e-06
        69            74        1.79561734e-02    4.4890433550e-06
        70            76        1.69842935e-02    4.2460733652e-06
        71            78        1.60851598e-02    4.0212899446e-06
        72            80        1.52521610e-02    3.8130402565e-06
        73            82        1.44964838e-02    3.6241209507e-06
        74            84        1.37917781e-02    3.4479445219e-06
        75            86        1.31389165e-02    3.2847291231e-06
        76            88        1.25305438e-02    3.1326359511e-06
        77            90        1.19591188e-02    2.9897797108e-06
        78            92        1.14343786e-02    2.8585946560e-06
        79            94        1.09467459e-02    2.7366864681e-06
        80            96        1.04902649e-02    2.6225662231e-06
        81            98        1.00623035e-02    2.5155758857e-06
        82           100        9.64775324e-03    2.4119383097e-06
        83           102        9.27527666e-03    2.3188191652e-06
        84           104        8.91291857e-03    2.2282296419e-06
        85           106        8.57601881e-03    2.1440047026e-06
        86           108        8.24565411e-03    2.0614135265e-06
        87           110        7.95923948e-03    1.9898098707e-06
        88           112        7.67046213e-03    1.9176155329e-06
        89           114        7.40936041e-03    1.8523401022e-06
        90           116        7.15180159e-03    1.7879503965e-06
        91           118        6.90990448e-03    1.7274761199e-06
        92           120        6.67889833e-03    1.6697245837e-06
        93           122        6.46492481e-03    1.6162312030e-06
        94           124        6.25617981e-03    1.5640449524e-06
        95           126        6.05444431e-03    1.5136110782e-06
        96           128        5.87027311e-03    1.4675682783e-06
        97           130        5.69241047e-03    1.4231026173e-06
        98           132        5.53120852e-03    1.3828021288e-06
        99           134        5.36293268e-03    1.3407331705e-06
       100           136        5.20693541e-03    1.3017338514e-06
       101           138        5.06029844e-03    1.2650746107e-06
       102           140        4.92245913e-03    1.2306147814e-06
       103           142        4.78373766e-03    1.1959344149e-06
       104           144        4.65391397e-03    1.1634784937e-06
       105           146        4.52844620e-03    1.1321115493e-06
       106           148        4.40667629e-03    1.1016690731e-06
       107           150        4.29598570e-03    1.0739964247e-06
       108           152        4.17641640e-03    1.0441040993e-06
       109           154        4.07657146e-03    1.0191428661e-06
       110           156        3.97294044e-03    9.9323511125e-07
       111           158        3.87747526e-03    9.6936881542e-07
       112           160        3.77688885e-03    9.4422221183e-07
       113           162        3.69317532e-03    9.2329382896e-07
       114           164        3.59885693e-03    8.9971423149e-07
       115           166        3.52091074e-03    8.8022768498e-07
       116           168        3.43656778e-03    8.5914194584e-07
       117           170        3.36245775e-03    8.4061443806e-07
       118           172        3.28032255e-03    8.2008063793e-07
       119           174        3.20948839e-03    8.0237209797e-07
       120           176        3.13933849e-03    7.8483462334e-07
       121           178        3.07164907e-03    7.6791226864e-07
       122           180        3.00143719e-03    7.5035929680e-07
       123           182        2.93967247e-03    7.3491811752e-07
       124           184        2.87728548e-03    7.1932137013e-07
       125           186        2.81617880e-03    7.0404469967e-07
       126           188        2.76106358e-03    6.9026589393e-07
       127           190        2.70355701e-03    6.7588925362e-07
       128           192        2.65316725e-03    6.6329181194e-07
       129           196        5.14147758e-03    6.4268469811e-07
       130           200        4.94619846e-03    6.1827480793e-07
       131           204        4.75463629e-03    5.9432953596e-07
       132           208        4.57839489e-03    5.7229936123e-07
       133           212        4.41503048e-03    5.5187880993e-07
       134           216        4.25896645e-03    5.3237080574e-07
       135           220        4.10787344e-03    5.1348417998e-07
       136           224        3.96261215e-03    4.9532651901e-07
       137           228        3.83554935e-03    4.7944366932e-07
       138           232        3.70177031e-03    4.6272128820e-07
       139           236        3.58623266e-03    4.4827908278e-07
       140           240        3.47314119e-03    4.3414264917e-07
       141           244        3.36209536e-03    4.2026191950e-07
       142           248        3.26382637e-03    4.0797829629e-07
       143           252        3.16109180e-03    3.9513647556e-07
       144           256        3.06994677e-03    3.8374334574e-07
       145           260        2.97884464e-03    3.7235558033e-07
       146           264        2.89452791e-03    3.6181598902e-07
       147           268        2.81058073e-03    3.5132259130e-07
       148           272        2.72678614e-03    3.4084826707e-07
       149           276        2.65424490e-03    3.3178061247e-07
       150           280        2.58867264e-03    3.2358407974e-07
       151           284        2.51560926e-03    3.1445115805e-07
       152           288        2.44230986e-03    3.0528873205e-07
       153           292        2.38300562e-03    2.9787570238e-07
       154           296        2.32230902e-03    2.9028862716e-07
       155           300        2.26405859e-03    2.8300732374e-07
       156           304        2.20810890e-03    2.7601361275e-07
       157           308        2.15148211e-03    2.6893526316e-07
       158           312        2.09933519e-03    2.6241689920e-07
       159           316        2.04933167e-03    2.5616645813e-07
       160           320        1.99784279e-03    2.4973034859e-07
       161           324        1.95372105e-03    2.4421513081e-07
       162           328        1.90978765e-03    2.3872345686e-07
       163           332        1.86436176e-03    2.3304522037e-07
       164           336        1.82455778e-03    2.2806972265e-07
       165           340        1.78542852e-03    2.2317856550e-07
       166           344        1.73981428e-03    2.1747678518e-07
       167           348        1.70238256e-03    2.1279782057e-07
       168           352        1.66855574e-03    2.0856946706e-07
       169           356        1.63313627e-03    2.0414203405e-07
       170           360        1.59901857e-03    1.9987732172e-07
       171           364        1.56708002e-03    1.9588500262e-07
       172           368        1.53333187e-03    1.9166648388e-07
       173           372        1.50425196e-03    1.8803149462e-07
       174           376        1.47118330e-03    1.8389791251e-07
       175           380        1.44277811e-03    1.8034726382e-07
       176           384        1.41634703e-03    1.7704337836e-07
       177           388        1.38494492e-03    1.7311811448e-07
       178           392        1.35950327e-03    1.6993790865e-07
       179           396        1.33506536e-03    1.6688317060e-07
       180           400        1.30942106e-03    1.6367763281e-07
       181           404        1.28496647e-03    1.6062080860e-07
       182           408        1.26242638e-03    1.5780329705e-07
       183           412        1.23884439e-03    1.5485554933e-07
       184           416        1.21775389e-03    1.5221923590e-07
       185           420        1.19483233e-03    1.4935404063e-07
       186           424        1.17223740e-03    1.4652967453e-07
       187           428        1.15115643e-03    1.4389455318e-07
       188           432        1.13075018e-03    1.4134377241e-07
       189           436        1.10792875e-03    1.3849109411e-07
       190           440        1.09181166e-03    1.3647645712e-07
       191           444        1.07570887e-03    1.3446360827e-07
       192           448        1.05803013e-03    1.3225376606e-07
       193           456        2.05938816e-03    1.2871176005e-07
       194           464        1.99559212e-03    1.2472450733e-07
       195           472        1.92761183e-03    1.2047573924e-07
       196           480        1.87098980e-03    1.1693686247e-07
       197           488        1.81292772e-03    1.1330798268e-07
       198           496        1.75469160e-03    1.0966822505e-07
       199           504        1.70135736e-03    1.0633483529e-07
       200           512        1.65442944e-03    1.0340183974e-07
       201           520        1.60760403e-03    1.0047525167e-07
       202           528        1.55776501e-03    9.7360312939e-08
       203           536        1.51391745e-03    9.4619840384e-08
       204           544        1.47492409e-03    9.2182755470e-08
       205           552        1.43189430e-03    8.9493393898e-08
       206           560        1.39550924e-03    8.7219327689e-08
       207           568        1.36037111e-03    8.5023194551e-08
       208           576        1.32243872e-03    8.2652419805e-08
       209           584        1.28875732e-03    8.0547332764e-08
       210           592        1.25365973e-03    7.8353732825e-08
       211           600        1.22354269e-03    7.6471418142e-08
       212           608        1.19645834e-03    7.4778646231e-08
       213           616        1.16474152e-03    7.2796344757e-08
       214           624        1.13738298e-03    7.1086436510e-08
       215           632        1.11052036e-03    6.9407522678e-08
       216           640        1.08586073e-03    6.7866295576e-08
       217           648        1.05876684e-03    6.6172927618e-08
       218           656        1.03438854e-03    6.4649283886e-08
       219           664        1.01089239e-03    6.3180774450e-08
       220           672        9.88640785e-04    6.1790049076e-08
       221           680        9.66935158e-04    6.0433447361e-08
       222           688        9.46466923e-04    5.9154182672e-08
       223           696        9.27367210e-04    5.7960450650e-08
       224           704        9.06295776e-04    5.6643486023e-08
       225           712        8.86232853e-04    5.5389553309e-08
       226           720        8.66599083e-04    5.4162442684e-08
       227           728        8.50405693e-04    5.3150355816e-08
       228           736        8.31747055e-04    5.1984190940e-08
       229           744        8.17387104e-04    5.1086694003e-08
       230           752        7.98931122e-04    4.9933195113e-08
       231           760        7.83705711e-04    4.8981606960e-08
       232           768        7.68837929e-04    4.8052370549e-08
       233           776        7.56356716e-04    4.7272294760e-08
       234           784        7.37998486e-04    4.6124905348e-08
       235           792        7.22305775e-04    4.5144110919e-08
       236           800        7.10985661e-04    4.4436603785e-08
       237           808        6.98716640e-04    4.3669790029e-08
       238           816        6.85510635e-04    4.2844414711e-08
       239           824        6.69827461e-04    4.1864216328e-08
       240           832        6.59480095e-04    4.1217505932e-08
       241           840        6.48560524e-04    4.0535032750e-08
       242           848        6.37814999e-04    3.9863437414e-08
       243           856        6.24070168e-04    3.9004385471e-08
       244           864        6.16872311e-04    3.8554519415e-08
       245           872        6.05089664e-04    3.7818104029e-08
       246           880        5.93931675e-04    3.7120729685e-08
       247           888        5.84867001e-04    3.6554187536e-08
       248           896        5.75230122e-04    3.5951882600e-08
       249           904        5.66558838e-04    3.5409927368e-08
       250           912        5.55500984e-04    3.4718811512e-08
       251           920        5.45761585e-04    3.4110099077e-08
       252           928        5.37393093e-04    3.3587068319e-08
       253           936        5.29618263e-04    3.3101141453e-08
       254           944        5.20296097e-04    3.2518506050e-08
       255           952        5.12831211e-04    3.2051950694e-08
       256           960        5.05442619e-04    3.1590163708e-08
       257           976        9.84261036e-04    3.0758157373e-08
       258           992        9.56726074e-04    2.9897689820e-08
       259          1008        9.27312374e-04    2.8978511691e-08
       260          1024        8.98809433e-04    2.8087794780e-08
       261          1040        8.76104832e-04    2.7378275990e-08
       262          1056        8.47973824e-04    2.6499181986e-08
       263          1072        8.24730396e-04    2.5772824883e-08
       264          1088        8.04073811e-04    2.5127306580e-08
       265          1104        7.81321526e-04    2.4416297674e-08
       266          1120        7.56874084e-04    2.3652315140e-08
       267          1136        7.40265846e-04    2.3133307696e-08
       268          1152        7.20562935e-04    2.2517591715e-08
       269          1168        7.01522827e-04    2.1922588349e-08
       270          1184        6.81953430e-04    2.1311044693e-08
       271          1200        6.69651031e-04    2.0926594734e-08
       272          1216        6.49726391e-04    2.0303949714e-08
       273          1232        6.33792877e-04    1.9806027413e-08
       274          1248        6.18827343e-04    1.9338354468e-08
       275          1264        6.03578091e-04    1.8861815333e-08
       276          1280        5.86113930e-04    1.8316060305e-08
       277          1296        5.76374531e-04    1.8011704088e-08
       278          1312        5.61347008e-04    1.7542093993e-08
       279          1328        5.49767017e-04    1.7180219293e-08
       280          1344        5.35967350e-04    1.6748979688e-08
       281          1360        5.23908138e-04    1.6372129321e-08
       282          1376        5.14590740e-04    1.6080960632e-08
       283          1392        5.01730442e-04    1.5679076315e-08
       284          1408        4.92606163e-04    1.5393942595e-08
       285          1424        4.81417179e-04    1.5044286848e-08
       286          1440        4.70106602e-04    1.4690831303e-08
       287          1456        4.60407734e-04    1.4387741685e-08
       288          1472        4.51207161e-04    1.4100223779e-08
       289          1488        4.40981388e-04    1.3780668378e-08
       290          1504        4.33921814e-04    1.3560056686e-08
       291          1520        4.25081253e-04    1.3283789158e-08
       292          1536        4.17990685e-04    1.3062208891e-08
       293          1552        4.09660339e-04    1.2801885605e-08
       294          1568        4.00109291e-04    1.2503415346e-08
       295          1584        3.94248962e-04    1.2320280075e-08
       296          1600        3.84309292e-04    1.2009665370e-08
       297          1616        3.79111767e-04    1.1847242713e-08
       298          1632        3.72478962e-04    1.1639967561e-08
       299          1648        3.62923145e-04    1.1341348290e-08
       300          1664        3.58996391e-04    1.1218637228e-08
       301          1680        3.52549553e-04    1.1017173528e-08
       302          1696        3.44829559e-04    1.0775923728e-08
       303          1712        3.39126587e-04    1.0597705842e-08
       304          1728        3.32529545e-04    1.0391548276e-08
       305          1744        3.27477455e-04    1.0233670473e-08
       306          1760        3.20396423e-04    1.0012388229e-08
       307          1776        3.14815044e-04    9.8379701372e-09
       308          1792        3.09329033e-04    9.6665322782e-09
       309          1808        3.05829048e-04    9.5571577549e-09
       310          1824        3.01151276e-04    9.4109773635e-09
       311          1840        2.94809341e-04    9.2127919197e-09
       312          1856        2.91366577e-04    9.1052055359e-09
       313          1872        2.85820961e-04    8.9319050312e-09
       314          1888        2.80842781e-04    8.7763369084e-09
       315          1904        2.76322365e-04    8.6350739002e-09
       316          1920        2.71511078e-04    8.4847211838e-09
       317          1936        2.68054008e-04    8.3766877651e-09
       318          1952        2.64406204e-04    8.2626938820e-09
       319          1968        2.59976387e-04    8.1242620946e-09
       320          1984        2.56576538e-04    8.0180168152e-09
       321          2016        5.01101017e-04    7.8297033906e-09
       322          2048        4.88522053e-04    7.6331570745e-09
       323          2080        4.72624302e-04    7.3847547174e-09
       324          2112        4.59198952e-04    7.1749836206e-09
       325          2144        4.44791317e-04    6.9498643279e-09
       326          2176        4.33762074e-04    6.7775323987e-09
       327          2208        4.21760082e-04    6.5900012851e-09
       328          2240        4.09488678e-04    6.3982605934e-09
       329          2272        3.97772789e-04    6.2151998282e-09
       330          2304        3.87742519e-04    6.0584768653e-09
       331          2336        3.76477242e-04    5.8824568987e-09
       332          2368        3.67300510e-04    5.7390704751e-09
       333          2400        3.57246399e-04    5.5819749832e-09
       334          2432        3.49667072e-04    5.4635480046e-09
       335          2464        3.41131687e-04    5.3301826120e-09
       336          2496        3.32696438e-04    5.1983818412e-09
       337          2528        3.24342251e-04    5.0678476691e-09
       338          2560        3.15704346e-04    4.9328804016e-09
       339          2592        3.08699608e-04    4.8234313726e-09
       340          2624        3.03001404e-04    4.7343969345e-09
       341          2656        2.93147564e-04    4.5804306865e-09
       342          2688        2.87067890e-04    4.4854357839e-09
       343          2720        2.82351971e-04    4.4117495417e-09
       344          2752        2.75430679e-04    4.3036043644e-09
       345          2784        2.70230770e-04    4.2223557830e-09
       346          2816        2.64344215e-04    4.1303783655e-09
       347          2848        2.57043838e-04    4.0163099766e-09
       348          2880        2.52509117e-04    3.9454549551e-09
       349          2912        2.45451927e-04    3.8351863623e-09
       350          2944        2.41222382e-04    3.7690997124e-09
       351          2976        2.35786438e-04    3.6841630936e-09
       352          3008        2.31320858e-04    3.6143884063e-09
       353          3040        2.26378441e-04    3.5371631383e-09
       354          3072        2.22196579e-04    3.4718215465e-09
       355          3104        2.16858387e-04    3.3884122968e-09
       356          3136        2.14166641e-04    3.3463537693e-09
       357          3168        2.10480690e-04    3.2887607813e-09
       358          3200        2.03869343e-04    3.1854584813e-09
       359          3232        2.01284885e-04    3.1450763345e-09
       360          3264        1.97725296e-04    3.0894577503e-09
       361          3296        1.93681717e-04    3.0262768269e-09
       362          3328        1.90403461e-04    2.9750540852e-09
       363          3360        1.87296867e-04    2.9265135527e-09
       364          3392        1.83055401e-04    2.8602406382e-09
       365          3424        1.78649426e-04    2.7913972735e-09
       366          3456        1.77249908e-04    2.7695298195e-09
       367          3488        1.73995495e-04    2.7186796070e-09
       368          3520        1.69935226e-04    2.6552379131e-09
       369          3552        1.67932510e-04    2.6239454747e-09
       370          3584        1.64468288e-04    2.5698170066e-09
       371          3616        1.62642002e-04    2.5412812829e-09
       372          3648        1.59597397e-04    2.4937093258e-09
       373          3680        1.56545639e-04    2.4460256100e-09
       374          3712        1.54457092e-04    2.4133920670e-09
       375          3744        1.51681900e-04    2.3700296879e-09
       376          3776        1.49259567e-04    2.3321807385e-09
       377          3808        1.47485733e-04    2.3044645786e-09
       378          3840        1.43349171e-04    2.2398307919e-09
       379          3872        1.41808987e-04    2.2157654166e-09
       380          3904        1.39908791e-04    2.1860748529e-09
       381          3936        1.36628151e-04    2.1348148584e-09
       382          3968        1.35633945e-04    2.1192803979e-09
       383          4000        1.33433342e-04    2.0848959685e-09
       384          4032        1.32043362e-04    2.0631775260e-09
       385          4096        2.56483555e-04    2.0037777722e-09
       386          4160        2.49326229e-04    1.9478611648e-09
       387          4224        2.40828991e-04    1.8814764916e-09
       388          4288        2.34289169e-04    1.8303841353e-09
       389          4352        2.28407383e-04    1.7844326795e-09
       390          4416        2.20978260e-04    1.7263926566e-09
       391          4480        2.14715004e-04    1.6774609685e-09
       392          4544        2.09333897e-04    1.6354210675e-09
       393          4608        2.02665329e-04    1.5833228826e-09
       394          4672        1.96564198e-04    1.5356577932e-09
       395          4736        1.92096233e-04    1.5007518232e-09
       396          4800        1.88038349e-04    1.4690496028e-09
       397          4864        1.83486938e-04    1.4334917068e-09
       398          4928        1.78990364e-04    1.3983622193e-09
       399          4992        1.73926353e-04    1.3587996363e-09
       400          5056        1.70357227e-04    1.3309158385e-09
       401          5120        1.65996552e-04    1.2968480587e-09
       402          5184        1.60753727e-04    1.2558884918e-09
       403          5248        1.57873631e-04    1.2333877385e-09
       404          5312        1.53875351e-04    1.2021511793e-09
       405          5376        1.50651932e-04    1.1769682169e-09
       406          5440        1.47204399e-04    1.1500343680e-09
       407          5504        1.43306255e-04    1.1195801199e-09
       408          5568        1.39620304e-04    1.0907836259e-09
       409          5632        1.37960911e-04    1.0778196156e-09
       410          5696        1.33254528e-04    1.0410510004e-09
       411          5760        1.31204128e-04    1.0250322521e-09
       412          5824        1.28085613e-04    1.0006688535e-09
       413          5888        1.24795437e-04    9.7496435047e-10
       414          5952        1.22575760e-04    9.5762312413e-10
       415          6016        1.19972229e-04    9.3728303910e-10
       416          6080        1.17788315e-04    9.2022120952e-10
       417          6144        1.16708279e-04    9.1178342699e-10
       418          6208        1.12626553e-04    8.7989494204e-10
       419          6272        1.11563206e-04    8.7158754468e-10
       420          6336        1.08067989e-04    8.4428116679e-10
       421          6400        1.06134415e-04    8.2917511463e-10
       422          6464        1.04434490e-04    8.1589445472e-10
       423          6528        1.01914406e-04    7.9620629549e-10
       424          6592        1.00278854e-04    7.8342854976e-10
       425          6656        9.84978676e-05    7.6951459050e-10
       426          6720        9.68265533e-05    7.5645744800e-10
       427          6784        9.52219963e-05    7.4392184615e-10
       428          6848        9.28878784e-05    7.2568655014e-10
       429          6912        9.10162926e-05    7.1106478572e-10
       430          6976        8.98313522e-05    7.0180743933e-10
       431          7040        8.85844231e-05    6.9206580520e-10
       432          7104        8.67509842e-05    6.7774206400e-10
       433          7168        8.51917267e-05    6.6556036472e-10
       434          7232        8.32509995e-05    6.5039843321e-10
       435          7296        8.23354721e-05    6.4324587584e-10
       436          7360        8.09025764e-05    6.3205137849e-10
       437          7424        7.86185265e-05    6.1420723796e-10
       438          7488        7.84492493e-05    6.1288475990e-10
       439          7552        7.70235062e-05    6.0174614191e-10
       440          7616        7.50446320e-05    5.8628618717e-10
       441          7680        7.42197037e-05    5.7984143496e-10
       442          7744        7.28178024e-05    5.6888908148e-10
       443          7808        7.18092918e-05    5.6101009250e-10
       444          7872        6.96444511e-05    5.4409727454e-10
       445          7936        6.88576698e-05    5.3795054555e-10
       446          8000        6.86836243e-05    5.3659081459e-10
       447          8064        6.71100616e-05    5.2429735660e-10
       448          8128        6.63733482e-05    5.1854178309e-10
       449          8256        1.29461288e-04    5.0570815801e-10
       450          8384        1.24859810e-04    4.8773363233e-10
       451          8512        1.21531487e-04    4.7473236918e-10
       452          8640        1.17423534e-04    4.5868568122e-10
       453          8768        1.15542412e-04    4.5133754611e-10
       454          8896        1.10883713e-04    4.3313950301e-10
       455          9024        1.08551979e-04    4.2403116822e-10
       456          9152        1.04339123e-04    4.0757469833e-10
       457          9280        1.01528168e-04    3.9659440518e-10
       458          9408        9.91892815e-05    3.8745813071e-10
       459          9536        9.68575478e-05    3.7834979594e-10
       460          9664        9.38510895e-05    3.6660581827e-10
       461          9792        9.22775269e-05    3.6045908928e-10
       462          9920        8.93664360e-05    3.4908764064e-10
       463         10048        8.64744186e-05    3.3779069781e-10
       464         10176        8.55588913e-05    3.3421441912e-10
       465         10304        8.16535950e-05    3.1895935535e-10
       466         10432        8.02063942e-05    3.1330622733e-10
       467         10560        7.88140297e-05    3.0786730349e-10
       468         10688        7.75694847e-05    3.0300579965e-10
       469         10816        7.44485855e-05    2.9081478715e-10
       470         10944        7.29322433e-05    2.8489157558e-10
       471         11072        7.12871552e-05    2.7846544981e-10
       472         11200        6.94108009e-05    2.7113594115e-10
       473         11328        6.85238838e-05    2.6767142117e-10
       474         11456        6.56294823e-05    2.5636516511e-10
       475         11584        6.52647018e-05    2.5494024157e-10
       476         11712        6.34884834e-05    2.4800188839e-10
       477         11840        6.19268417e-05    2.4190172553e-10
       478         11968        6.10709190e-05    2.3855827749e-10
       479         12096        5.96499443e-05    2.3300759494e-10
       480         12224        5.79261780e-05    2.2627413273e-10
       481         12352        5.75900078e-05    2.2496096790e-10
       482         12480        5.58805466e-05    2.1828338505e-10
       483         12608        5.50651550e-05    2.1509826183e-10
       484         12736        5.34343719e-05    2.0872801542e-10
       485         12864        5.25569916e-05    2.0530074835e-10
       486         12992        5.16724586e-05    2.0184554160e-10
       487         13120        5.04350662e-05    1.9701197744e-10
       488         13248        4.96625900e-05    1.9399449229e-10
       489         13376        4.86540794e-05    1.9005499780e-10
       490         13504        4.79078293e-05    1.8713995814e-10
       491         13632        4.73427773e-05    1.8493272364e-10
       492         13760        4.66632843e-05    1.8227845430e-10
       493         13888        4.53877449e-05    1.7729587853e-10
       494         14016        4.41837311e-05    1.7259269953e-10
       495         14144        4.34494019e-05    1.6972422600e-10
       496         14272        4.23550606e-05    1.6544945538e-10
       497         14400        4.22573090e-05    1.6506761312e-10
       498         14528        4.09102440e-05    1.5980564058e-10
       499         14656        4.09889221e-05    1.6011297703e-10
       500         14784        3.93486023e-05    1.5370547771e-10
       501         14912        3.87549400e-05    1.5138648450e-10
       502         15040        3.79228592e-05    1.4813616872e-10
       503         15168        3.75843048e-05    1.4681369066e-10
       504         15296        3.72147560e-05    1.4537014067e-10
       505         15424        3.60941887e-05    1.4099292457e-10
       506         15552        3.53932381e-05    1.3825483620e-10
       507         15680        3.54242325e-05    1.3837590813e-10
       508         15808        3.41558456e-05    1.3342127204e-10
       509         15936        3.42440605e-05    1.3376586139e-10
       510         16064        3.33046913e-05    1.3009645044e-10
       511         16192        3.29041481e-05    1.2853182852e-10
       512         16320        3.18622589e-05    1.2446194887e-10
       513         16576        6.26850128e-05    1.2243166565e-10
       514         16832        6.13617897e-05    1.1984724551e-10
       515         17088        5.85722923e-05    1.1439900845e-10
       516         17344        5.74398041e-05    1.1218711734e-10
       517         17600        5.54108620e-05    1.0822433979e-10
       518         17856        5.39278984e-05    1.0532792657e-10
       519         18112        5.32293320e-05    1.0396353900e-10
       520         18368        5.15317917e-05    1.0064803064e-10
       521         18624        4.99272346e-05    9.7514130176e-11
       522         18880        4.74476814e-05    9.2671252787e-11
       523         19136        4.62651253e-05    9.0361572801e-11
       524         19392        4.57668304e-05    8.9388340711e-11
       525         19648        4.44221497e-05    8.6762011051e-11
       526         19904        4.25314903e-05    8.3069317043e-11
       527         20160        4.13393974e-05    8.0741010607e-11
       528         20416        4.12321091e-05    8.0531463027e-11
       529         20672        3.92270088e-05    7.6615251600e-11
       530         20928        3.90195847e-05    7.6210126281e-11
       531         21184        3.86500359e-05    7.5488351286e-11
       532         21440        3.66616249e-05    7.1604736149e-11
       533         21696        3.54123116e-05    6.9164671004e-11
       534         21952        3.48424911e-05    6.8051740528e-11
       535         22208        3.40676308e-05    6.6538341343e-11
       536         22464        3.37052345e-05    6.5830536187e-11
       537         22720        3.28850746e-05    6.4228661359e-11
       538         22976        3.16143036e-05    6.1746686698e-11
       539         23232        3.08394432e-05    6.0233287513e-11
       540         23488        3.02743912e-05    5.9129670262e-11
       541         23744        2.97689438e-05    5.8142468334e-11
       542         24000        2.92134285e-05    5.7057477534e-11
       543         24256        2.83694267e-05    5.5409036577e-11
       544         24512        2.72250175e-05    5.3173862398e-11
       545         24768        2.65431404e-05    5.1842071116e-11
       546         25024        2.61926651e-05    5.1157549023e-11
       547         25280        2.59160995e-05    5.0617381931e-11
       548         25536        2.52652168e-05    4.9346126616e-11
       549         25792        2.46930122e-05    4.8228539526e-11
       550         26048        2.44259834e-05    4.7706998885e-11
       551         26304        2.37131119e-05    4.6314671636e-11
       552         26560        2.31409073e-05    4.5197084546e-11
       553         26816        2.27093697e-05    4.4354237616e-11
       554         27072        2.23875046e-05    4.3725594878e-11
       555         27328        2.18296051e-05    4.2635947467e-11
       556         27584        2.13861465e-05    4.1769817472e-11
       557         27840        2.12645531e-05    4.1532330215e-11
       558         28096        2.03537941e-05    3.9753504097e-11
       559         28352        2.09450722e-05    4.0908344090e-11
       560         28608        1.98507309e-05    3.8770958782e-11
       561         28864        1.94621086e-05    3.8011930883e-11
       562         29120        1.88064575e-05    3.6731362343e-11
       563         29376        1.92427635e-05    3.7583522499e-11
       564         29632        1.84535980e-05    3.6042183638e-11
       565         29888        1.81317329e-05    3.5413540900e-11
       566         30144        1.77931786e-05    3.4752301872e-11
       567         30400        1.73950195e-05    3.3974647522e-11
       568         30656        1.70826912e-05    3.3364631236e-11
       569         30912        1.69157982e-05    3.3038668334e-11
       570         31168        1.65772438e-05    3.2377429307e-11
       571         31424        1.62959099e-05    3.1827948988e-11
       572         31680        1.61671638e-05    3.1576491892e-11
       573         31936        1.56140327e-05    3.0496157706e-11
       574         32192        1.56807899e-05    3.0626542866e-11
       575         32448        1.50728226e-05    2.9439106584e-11
       576         32704        1.48987770e-05    2.9099173844e-11
       577         33216        2.94399261e-05    2.8749927878e-11
       578         33728        2.83050537e-05    2.7641654014e-11
       579         34240        2.72297859e-05    2.6591587812e-11
       580         34752        2.66313553e-05    2.6007182896e-11
       581         35264        2.52437592e-05    2.4652108549e-11
       582         35776        2.44307518e-05    2.3858156056e-11
       583         36288        2.42471695e-05    2.3678876459e-11
       584         36800        2.35128403e-05    2.2961758077e-11
       585         37312        2.22802162e-05    2.1758023650e-11
       586         37824        2.16722488e-05    2.1164305508e-11
       587         38336        2.15840340e-05    2.1078158170e-11
       588         38848        2.07304955e-05    2.0244624466e-11
       589         39360        2.06041336e-05    2.0121224225e-11
       590         39872        1.96146965e-05    1.9154977054e-11
       591         40384        1.90877914e-05    1.8640421331e-11
       592         40896        1.85990334e-05    1.8163118512e-11
       593         41408        1.76286697e-05    1.7215497792e-11
       594         41920        1.73091888e-05    1.6903504729e-11
       595         42432        1.68228149e-05    1.6428530216e-11
       596         42944        1.65915489e-05    1.6202684492e-11
       597         43456        1.63912773e-05    1.6007106751e-11
       598         43968        1.54709816e-05    1.5108380466e-11
       599         44480        1.50775909e-05    1.4724209904e-11
       600         44992        1.48606300e-05    1.4512334018e-11
       601         45504        1.46222115e-05    1.4279503374e-11
       602         46016        1.43027306e-05    1.3967510313e-11
       603         46528        1.35588646e-05    1.3241078704e-11
       604         47040        1.38020515e-05    1.3478565961e-11
       605         47552        1.32393837e-05    1.2929085642e-11
       606         48064        1.29938126e-05    1.2689270080e-11
       607         48576        1.25265121e-05    1.2232922018e-11
       608         49088        1.24549866e-05    1.2163072825e-11
       609         49600        1.22570992e-05    1.1969823390e-11
       610         50112        1.16491318e-05    1.1376105249e-11
       611         50624        1.15799904e-05    1.1308584363e-11
       612         51136        1.14417076e-05    1.1173542589e-11
       613         51648        1.08814240e-05    1.0626390577e-11
       614         52160        1.05190277e-05    1.0272487998e-11
       615         52672        1.05237961e-05    1.0277144611e-11
       616         53184        1.01923943e-05    9.9535100167e-12
       617         53696        1.00207329e-05    9.7858719533e-12
       618         54208        9.79185104e-06    9.5623545348e-12
       619         54720        9.70840454e-06    9.4808638096e-12
       620         55232        9.28640366e-06    9.0687535702e-12
       621         55744        9.30786133e-06    9.0897083282e-12
       622         56256        8.95261765e-06    8.7427906694e-12
       623         56768        9.02891159e-06    8.8172964753e-12
       624         57280        8.69750977e-06    8.4936618804e-12
       625         57792        8.43286514e-06    8.2352198660e-12
       626         58304        8.49485397e-06    8.2957558335e-12
       627         58816        8.18967819e-06    7.9977326096e-12
       628         59328        8.17298889e-06    7.9814344645e-12
       629         59840        8.00609589e-06    7.8184530140e-12
       630         60352        7.61270523e-06    7.4342824520e-12
       631         60864        7.60793686e-06    7.4296258391e-12
       632         61376        7.53641129e-06    7.3597766460e-12
       633         61888        7.26461411e-06    7.0943497121e-12
       634         62400        7.04765320e-06    6.8824738264e-12
       635         62912        6.94036484e-06    6.7777000368e-12
       636         63424        6.78539276e-06    6.6263601184e-12
       637         63936        6.88552856e-06    6.7241489887e-12
       638         64448        6.63995743e-06    6.4843334257e-12
       639         64960        6.50882721e-06    6.3562765718e-12
       640         65472        6.47783279e-06    6.3260085881e-12
       641         66496        1.22618675e-05    5.9872400016e-12
       642         67520        1.22380257e-05    5.9755984694e-12
       643         68544        1.15799904e-05    5.6542921812e-12
       644         69568        1.11937523e-05    5.4656993598e-12
       645         70592        1.06620789e-05    5.2060931921e-12
       646         71616        1.04260445e-05    5.0908420235e-12
       647         72640        9.87529755e-06    4.8219226301e-12
       648         73664        9.67264175e-06    4.7229696065e-12
       649         74688        9.40561295e-06    4.5925844461e-12
       650         75712        9.06944275e-06    4.4284388423e-12
       651         76736        8.60929489e-06    4.2037572712e-12
       652         77760        8.97645950e-06    4.3830368668e-12
       653         78784        8.02755356e-06    3.9197038859e-12
       654         79808        8.06093216e-06    3.9360020310e-12
       655         80832        7.68423080e-06    3.7520658225e-12
       656         81856        7.49826431e-06    3.6612618715e-12
       657         82880        7.44819641e-06    3.6368146539e-12
       658         83904        6.99043274e-06    3.4132972360e-12
       659         84928        6.87837601e-06    3.3585820348e-12
       660         85952        6.71386719e-06    3.2782554627e-12
       661         86976        6.39915466e-06    3.1245872379e-12
       662         88000        6.33716583e-06    3.0943192542e-12
       663         89024        6.04391098e-06    2.9511284083e-12
       664         90048        6.18457794e-06    3.0198134483e-12
       665         91072        5.73158264e-06    2.7986243368e-12
       666         92096        5.67674637e-06    2.7718488127e-12
       667         93120        5.59329987e-06    2.7311034501e-12
       668         94144        5.24520874e-06    2.5611370803e-12
       669         95168        5.30719757e-06    2.5914050639e-12
       670         96192        4.96864319e-06    2.4260953069e-12
       671         97216        4.84943390e-06    2.3678876460e-12
       672         98240        4.82320786e-06    2.3550819606e-12
       673         99264        4.78267670e-06    2.3352913559e-12
       674        100288        4.62293625e-06    2.2572930903e-12
       675        101312        4.39167023e-06    2.1443702280e-12
       676        102336        4.42981720e-06    2.1629966796e-12
       677        103360        4.26769257e-06    2.0838342607e-12
       678        104384        4.25815582e-06    2.0791776479e-12
       679        105408        3.92198563e-06    1.9150320441e-12
       680        106432        4.12464142e-06    2.0139850677e-12
       681        107456        3.91244888e-06    1.9103754312e-12
       682        108480        3.68118286e-06    1.7974525690e-12
       683        109504        3.67403030e-06    1.7939601094e-12
       684        110528        3.73125076e-06    1.8218997866e-12
       685        111552        3.49283218e-06    1.7054844648e-12
       686        112576        3.49998474e-06    1.7089769244e-12
       687        113600        3.35454941e-06    1.6379635781e-12
       688        114624        3.36408615e-06    1.6426201910e-12
       689        115648        3.36170197e-06    1.6414560378e-12
       690        116672        3.11136246e-06    1.5192199499e-12
       691        117696        3.15904617e-06    1.5425030142e-12
       692        118720        2.90393829e-06    1.4179386198e-12
       693        119744        3.05652618e-06    1.4924444258e-12
       694        120768        2.91585922e-06    1.4237593859e-12
       695        121792        2.80857086e-06    1.3713724911e-12
       696        122816        2.64167786e-06    1.2898817658e-12
       697        123840        2.66075134e-06    1.2991949916e-12
       698        124864        2.66075134e-06    1.2991949915e-12
       699        125888        2.62022018e-06    1.2794043868e-12
       700        126912        2.52008438e-06    1.2305099516e-12
       701        127936        2.48908997e-06    1.2153759598e-12
       702        128960        2.52962112e-06    1.2351665645e-12
       703        129984        2.30789185e-06    1.1269003152e-12
       704        131008        2.19821930e-06    1.0733492671e-12
       705        133056        4.66346741e-06    1.1385418474e-12
       706        135104        4.41074371e-06    1.0768417268e-12
       707        137152        4.14371490e-06    1.0116491466e-12
       708        139200        4.12464142e-06    1.0069925337e-12
       709        141248        3.87907028e-06    9.4703864297e-13
       710        143296        3.80039215e-06    9.2783011488e-13
       711        145344        3.52144241e-06    8.5972715164e-13
       712        147392        3.75509262e-06    9.1677065931e-13
       713        149440        3.55243683e-06    8.6729414754e-13
       714        151488        3.12328339e-06    7.6252035794e-13
       715        153536        3.11613083e-06    7.6077412811e-13
       716        155584        2.91347504e-06    7.1129761633e-13
       717        157632        2.86817551e-06    7.0023816077e-13
       718        159680        2.65598297e-06    6.4843334256e-13
       719        161728        2.62737274e-06    6.4144842325e-13
       720        163776        2.53915787e-06    6.1991158871e-13
       721        165824        2.52008438e-06    6.1525497584e-13
       722        167872        2.45809555e-06    6.0012098400e-13
       723        169920        2.29358673e-06    5.5995769798e-13
       724        171968        2.35319138e-06    5.7450961321e-13
       725        174016        2.05993652e-06    5.0291419029e-13
       726        176064        2.12669373e-06    5.1921233535e-13
       727        178112        2.17199326e-06    5.3027179091e-13
       728        180160        2.06470490e-06    5.0407834351e-13
       729        182208        1.92642212e-06    4.7031790017e-13
       730        184256        1.77145004e-06    4.3248292059e-13
       731        186304        1.78337097e-06    4.3539330364e-13
       732        188352        1.63555145e-06    3.9930455387e-13
       733        190400        1.62839890e-06    3.9755832405e-13
       734        192448        1.56164169e-06    3.8126017899e-13
       735        194496        1.54495239e-06    3.7718564272e-13
       736        196544        1.53541565e-06    3.7485733629e-13
       737        198592        1.44481659e-06    3.5273842514e-13
       738        200640        1.44481659e-06    3.5273842514e-13
       739        202688        1.45912170e-06    3.5623088480e-13
       740        204736        1.39236450e-06    3.3993273974e-13
       741        206784        1.32083893e-06    3.2247044147e-13
       742        208832        1.39236450e-06    3.3993273974e-13
       743        210880        1.32322311e-06    3.2305251808e-13
       744        212928        1.26600266e-06    3.0908267946e-13
       745        214976        1.22785568e-06    2.9976945371e-13
       746        217024        1.20878220e-06    2.9511284084e-13
       747        219072        1.16348267e-06    2.8405338527e-13
       748        221120        1.10149384e-06    2.6891939342e-13
       749        223168        1.09195709e-06    2.6659108699e-13
       750        225216        1.02996826e-06    2.5145709515e-13
       751        227264        1.04665756e-06    2.5553163141e-13
       752        229312        9.22679901e-07    2.2526364774e-13
       753        231360        9.77516174e-07    2.3865140975e-13
       754        233408        9.08374786e-07    2.2177118808e-13
       755        235456        8.55922699e-07    2.0896550267e-13
       756        237504        9.72747803e-07    2.3748725653e-13
       757        239552        8.70227814e-07    2.1245796233e-13
       758        241600        8.70227814e-07    2.1245796234e-13
       759        243648        8.24928284e-07    2.0139850676e-13
       760        245696        8.55922699e-07    2.0896550268e-13
       761        247744        7.51018524e-07    1.8335413187e-13
       762        249792        7.82012940e-07    1.9092112780e-13
       763        251840        8.34465027e-07    2.0372681320e-13
       764        253888        7.62939453e-07    1.8626451493e-13
       765        255936        6.34193420e-07    1.5483237803e-13
       766        257984        7.17639923e-07    1.7520505934e-13
       767        260032        7.22408295e-07    1.7636921256e-13
       768        262080        7.34329224e-07    1.7927959561e-13
       769        266176        1.34706497e-06    1.6443664208e-13
       770        270272        1.20878220e-06    1.4755642041e-13
       771        274368        1.13964081e-06    1.3911630958e-13
       772        278464        1.20162964e-06    1.4668330550e-13
       773        282560        1.11341476e-06    1.3591488823e-13
       774        286656        1.07288361e-06    1.3096723705e-13
       775        290752        1.04427338e-06    1.2747477739e-13
       776        294848        9.27448273e-07    1.1321390047e-13
       777        298944        8.67843628e-07    1.0593794285e-13
       778        303040        9.01222229e-07    1.1001247912e-13
       779        307136        8.39233399e-07    1.0244548320e-13
       780        311232        7.55786896e-07    9.2259142543e-14
       781        315328        8.13007355e-07    9.9244061852e-14
       782        319424        7.17639923e-07    8.7602529673e-14
       783        323520        6.96182251e-07    8.4983184928e-14
       784        327616        7.46250153e-07    9.1094989324e-14
       785        331712        6.74724579e-07    8.2363840189e-14
       786        335808        6.19888306e-07    7.5669959184e-14
       787        339904        6.27040863e-07    7.6543074096e-14
       788        344000        6.24656677e-07    7.6252035791e-14
       789        348096        5.60283661e-07    6.8394001571e-14
       790        352192        5.86509705e-07    7.1595422919e-14
       791        356288        4.95910645e-07    6.0535967348e-14
       792        360384        5.07831574e-07    6.1991158870e-14
       793        364480        5.31673431e-07    6.4901541918e-14
       794        368576        5.36441803e-07    6.5483618525e-14
       795        372672        4.52995300e-07    5.5297277866e-14
       796        376768        4.93526459e-07    6.0244929044e-14
       797        380864        4.91142273e-07    5.9953890739e-14
       798        384960        4.07695770e-07    4.9767550079e-14
       799        389056        3.98159027e-07    4.8603396861e-14
       800        393152        4.50611115e-07    5.5006239560e-14
       801        397248        4.02927399e-07    4.9185473470e-14
       802        401344        3.79085541e-07    4.6275090425e-14
       803        405440        4.19616699e-07    5.1222741602e-14
       804        409536        3.55243683e-07    4.3364707378e-14
       805        413632        4.24385071e-07    5.1804818212e-14
       806        417728        3.52859497e-07    4.3073669075e-14
       807        421824        3.17096710e-07    3.8708094508e-14
       808        425920        3.19480896e-07    3.8999132811e-14
       809        430016        3.33786011e-07    4.0745362638e-14
       810        434112        3.33786011e-07    4.0745362638e-14
       811        438208        2.90870667e-07    3.5506673157e-14
       812        442304        2.71797180e-07    3.3178366721e-14
       813        446400        2.81333923e-07    3.4342519939e-14
       814        450496        3.00407410e-07    3.6670826375e-14
       815        454592        2.98023224e-07    3.6379788071e-14
       816        458688        2.52723694e-07    3.0850060285e-14
       817        462784        3.29017639e-07    4.0163286029e-14
       818        466880        2.88486481e-07    3.5215634852e-14
       819        470976        2.52723694e-07    3.0850060284e-14
       820        475072        2.69412994e-07    3.2887328416e-14
       821        479168        2.52723694e-07    3.0850060284e-14
       822        483264        2.57492065e-07    3.1432136893e-14
       823        487360        2.62260437e-07    3.2014213502e-14
       824        491456        2.81333923e-07    3.4342519940e-14
       825        495552        2.40802765e-07    2.9394868762e-14
       826        499648        2.55107880e-07    3.1141098589e-14
       827        503744        2.07424164e-07    2.5320332498e-14
       828        507840        2.45571136e-07    2.9976945371e-14
       829        511936        2.33650208e-07    2.8521753848e-14
       830        516032        2.38418579e-07    2.9103830457e-14
       831        520128        2.38418579e-07    2.9103830457e-14
       832        524224        2.59876251e-07    3.1723175198e-14
       833        532416        4.62532043e-07    2.8230715545e-14
       834        540608        4.88758087e-07    2.9831426220e-14
       835        548800        4.76837158e-07    2.9103830458e-14
       836        556992        4.45842743e-07    2.7212081479e-14
       837        565184        4.26769257e-07    2.6047928261e-14
       838        573376        4.41074371e-07    2.6921043175e-14
       839        581568        4.33921814e-07    2.6484485718e-14
       840        589760        3.93390656e-07    2.4010660128e-14
       841        597952        4.33921814e-07    2.6484485717e-14
       842        606144        4.26769257e-07    2.6047928261e-14
       843        614336        4.26769257e-07    2.6047928261e-14
       844        622528        4.88758087e-07    2.9831426220e-14
       845        630720        4.05311585e-07    2.4738255890e-14
       846        638912        4.05311584e-07    2.4738255890e-14
       847        647104        4.48226929e-07    2.7357600631e-14
       848        655296        4.69684601e-07    2.8667273002e-14
       849        663488        4.76837158e-07    2.9103830459e-14
       850        671680        5.07831574e-07    3.0995579438e-14
       851        679872        4.98294830e-07    3.0413502829e-14
       852        688064        5.45978546e-07    3.3323885875e-14
       853        696256        5.24520874e-07    3.2014213504e-14
       854        704448        5.17368317e-07    3.1577656047e-14
       855        712640        5.67436218e-07    3.4633558245e-14
       856        720832        5.72204590e-07    3.4924596550e-14
       857        729024        6.50882721e-07    3.9726728575e-14
       858        737216        5.91278076e-07    3.6088749768e-14
       859        745408        5.96046448e-07    3.6379788072e-14
       860        753600        5.96046448e-07    3.6379788072e-14
       861        761792        5.76972961e-07    3.5215634854e-14
       862        769984        5.98430634e-07    3.6525307225e-14
       863        778176        5.65052032e-07    3.4488039093e-14
       864        786368        6.91413879e-07    4.2200554163e-14
       865        794560        7.00950623e-07    4.2782630772e-14
       866        802752        7.39097595e-07    4.5110937209e-14
       867        810944        7.65323639e-07    4.6711647884e-14
       868        819136        7.03334808e-07    4.2928149925e-14
       869        827328        8.03470612e-07    4.9039954321e-14
       870        835520        7.51018524e-07    4.5838532971e-14
       871        843712        7.98702240e-07    4.8748916016e-14
       872        851904        7.72476196e-07    4.7148205341e-14
       873        860096        7.79628754e-07    4.7584762798e-14
       874        868288        9.13143158e-07    5.5733835325e-14
       875        876480        9.05990601e-07    5.5297277869e-14
       876        884672        8.51154328e-07    5.1950337365e-14
       877        892864        9.08374787e-07    5.5442797020e-14
       878        901056        9.70363617e-07    5.9226294979e-14
       879        909248        9.98973847e-07    6.0972524807e-14
       880        917440        9.41753388e-07    5.7480065152e-14
       881        925632        1.01566315e-06    6.1991158874e-14
       882        933824        9.48905945e-07    5.7916622610e-14
       883        942016        1.12533569e-06    6.8685039879e-14
       884        950208        1.10149384e-06    6.7229848354e-14
       885        958400        1.14679337e-06    6.9994712249e-14
       886        966592        1.05857849e-06    6.4610503616e-14
       887        974784        1.12056732e-06    6.8394001574e-14
       888        982976        1.30653381e-06    7.9744495451e-14
       889        991168        1.25169754e-06    7.6397554949e-14
       890        999360        1.35421753e-06    8.2654878499e-14
       891       1007552        1.34706497e-06    8.2218321042e-14
       892       1015744        1.35421753e-06    8.2654878496e-14
       893       1023936        1.43766403e-06    8.7748048829e-14
       894       1032128        1.36852264e-06    8.3527993408e-14
       895       1040320        1.49488449e-06    9.1240508480e-14
       896       1048512        1.54256821e-06    9.4150891527e-14
       897       1064896        3.04460526e-06    9.2913978731e-14
       898       1081280        3.25918198e-06    9.9462340582e-14
       899       1097664        3.27587128e-06    9.9971657616e-14
       900       1114048        3.46183777e-06    1.0564690456e-13
       901       1130432        3.80992889e-06    1.1626980267e-13
       902       1146816        3.88145447e-06    1.1845258996e-13
       903       1163200        3.96966934e-06    1.2114469428e-13
       904       1179584        4.19139862e-06    1.2791133486e-13
       905       1195968        4.34637070e-06    1.3264070731e-13
       906       1212352        4.44650650e-06    1.3569660951e-13
       907       1228736        4.93764877e-06    1.5068508219e-13
       908       1245120        4.75883484e-06    1.4522811397e-13
       909       1261504        5.24997711e-06    1.6021658667e-13
       910       1277888        5.27381897e-06    1.6094418243e-13
       911       1294272        5.40494919e-06    1.6494595911e-13
       912       1310656        5.73396683e-06    1.7498678062e-13
       913       1327040        5.68628311e-06    1.7353158910e-13
       914       1343424        5.93662262e-06    1.8117134460e-13
       915       1359808        6.29901886e-06    1.9223080017e-13
       916       1376192        6.39677048e-06    1.9521394279e-13
       917       1392576        6.36339188e-06    1.9419530872e-13
       918       1408960        6.70671463e-06    2.0467268769e-13
       919       1425344        6.94274902e-06    2.1187588573e-13
       920       1441728        6.77585602e-06    2.0678271540e-13
       921       1458112        6.96420670e-06    2.1253072191e-13
       922       1474496        7.09533691e-06    2.1653249860e-13
       923       1490880        7.07387924e-06    2.1587766242e-13
       924       1507264        7.45534897e-06    2.2751919460e-13
       925       1523648        7.62701035e-06    2.3275788408e-13
       926       1540032        7.77721405e-06    2.3734173738e-13
       927       1556416        7.68184662e-06    2.3443135433e-13
       928       1572800        8.03709030e-06    2.4527253118e-13
       929       1589184        7.97986984e-06    2.4352630135e-13
       930       1605568        7.91072845e-06    2.4141627364e-13
       931       1621952        7.89880753e-06    2.4105247576e-13
       932       1638336        8.10146332e-06    2.4723703973e-13
       933       1654720        7.93218613e-06    2.4207110983e-13
       934       1671104        7.99179077e-06    2.4389009923e-13
       935       1687488        7.97986984e-06    2.4352630135e-13
       936       1703872        8.01324844e-06    2.4454493542e-13
       937       1720256        7.54356384e-06    2.3021129892e-13
       938       1736640        7.76290894e-06    2.3690517992e-13
       939       1753024        7.56263733e-06    2.3079337552e-13
       940       1769408        7.42197037e-06    2.2650056053e-13
       941       1785792        7.23123550e-06    2.2067979444e-13
       942       1802176        6.84499741e-06    2.0889274310e-13
       943       1818560        6.89029694e-06    2.1027517506e-13
       944       1834944        6.87122345e-06    2.0969309844e-13
       945       1851328        6.46591187e-06    1.9732397050e-13
       946       1867712        6.12497330e-06    1.8691935111e-13
       947       1884096        6.24656677e-06    1.9063008950e-13
       948       1900480        5.59091568e-06    1.7062120605e-13
       949       1916864        5.60045242e-06    1.7091224436e-13
       950       1933248        5.29050827e-06    1.6145349946e-13
       951       1949632        5.16414642e-06    1.5759724193e-13
       952       1966016        4.63962555e-06    1.4159013517e-13
       953       1982400        4.65869904e-06    1.4217221178e-13
       954       1998784        4.21047211e-06    1.2849341147e-13
       955       2015168        4.21762466e-06    1.2871169020e-13
       956       2031552        3.80039215e-06    1.1597876437e-13
       957       2047936        3.74794006e-06    1.1437805369e-13
       958       2064320        3.40938568e-06    1.0404619388e-13
       959       2080704        3.27587128e-06    9.9971657617e-14
       960       2097088        3.15427780e-06    9.6260919233e-14
       961       2129856        5.67197800e-06    8.6547515819e-14
       962       2162624        4.98294830e-06    7.6033757067e-14
       963       2195392        4.30822372e-06    6.5738277044e-14
       964       2228160        3.59296799e-06    5.4824340623e-14
       965       2260928        3.13282013e-06    4.7803041525e-14
       966       2293696        2.62975693e-06    4.0126906243e-14
       967       2326464        2.31504440e-06    3.5324774217e-14
       968       2359232        1.83343887e-06    2.7976057027e-14
       969       2392000        1.67846680e-06    2.5611370802e-14
       970       2424768        1.31368637e-06    2.0045263228e-14
       971       2457536        1.11103058e-06    1.6952981242e-14
       972       2490304        9.36985016e-07    1.4297256712e-14
       973       2523072        6.77108765e-07    1.0331859812e-14
       974       2555840        5.60283661e-07    8.5492501965e-15
       975       2588608        3.91006470e-07    5.9662852437e-15
       976       2621376        3.71932983e-07    5.6752469389e-15
       977       2654144        3.24249268e-07    4.9476511776e-15
       978       2686912        1.74045563e-07    2.6557245291e-15
       979       2719680        1.90734863e-07    2.9103830456e-15
       980       2752448        1.50203705e-07    2.2919266484e-15
       981       2785216        9.05990601e-08    1.3824319467e-15
       982       2817984        4.76837158e-08    7.2759576140e-16
       983       2850752        5.72204590e-08    8.7311491367e-16
       984       2883520        5.24520874e-08    8.0035533754e-16
       985       2916288        3.33786011e-08    5.0931703298e-16
       986       2949056        1.43051147e-08    2.1827872842e-16
       987       2981824        1.66893005e-08    2.5465851649e-16
       988       3014592        1.19209290e-08    1.8189894035e-16
       989       3047360        4.76837158e-09    7.2759576140e-17
       990       3080128        4.76837158e-09    7.2759576140e-17
       991       3112896        4.76837158e-09    7.2759576140e-17
