         2             2        3.08735494e+03    3.0149950594e-01
         3             3        4.32297758e+02    4.2216577947e-02
         4             4        1.41784520e+02    1.3846144498e-02
         5             5        6.25118701e+01    6.1046748162e-03
         6             6        3.02644568e+01    2.9555133581e-03
         7             7        1.82559973e+01    1.7828122378e-03
         8             8        1.20972394e+01    1.1813710332e-03
         9             9        8.03984497e+00    7.8514111043e-04
        10            10        5.87700195e+00    5.7392597198e-04
        11            11        4.42877380e+00    4.3249744177e-04
        12            12        3.40514404e+00    3.3253359795e-04
        13            13        2.70659546e+00    2.6431596279e-04
        14            14        2.20104797e+00    2.1494609118e-04
        15            15        1.81051270e+00    1.7680788040e-04
        16            16        1.52269897e+00    1.4870107174e-04
        17            17        1.29176208e+00    1.2614864111e-04
        18            18        1.10970764e+00    1.0836988688e-04
        19            19        9.63222046e-01    9.4064652920e-05
        20            20        8.42122803e-01    8.2238554954e-05
        21            21        7.42888184e-01    7.2547674180e-05
        22            22        6.59616699e-01    6.4415693283e-05
        23            23        5.88781738e-01    5.7498216630e-05
        24            24        5.29926147e-01    5.1750600338e-05
        25            25        4.78645020e-01    4.6742677688e-05
        26            26        4.34163818e-01    4.2398810387e-05
        27            27        3.96442871e-01    3.8715124130e-05
        28            28        3.63506470e-01    3.5498678685e-05
        29            29        3.33783569e-01    3.2596051693e-05
        30            30        3.07842407e-01    3.0062735081e-05
        31            31        2.83919678e-01    2.7726531029e-05
        32            32        2.63333130e-01    2.5716125965e-05
        33            33        2.45352783e-01    2.3960232734e-05
        34            34        2.28538818e-01    2.2318243980e-05
        35            35        2.13660889e-01    2.0865321159e-05
        36            36        2.00531616e-01    1.9583165646e-05
        37            37        1.88403931e-01    1.8398821354e-05
        38            38        1.76389160e-01    1.7225503922e-05
        39            39        1.66516113e-01    1.6261339188e-05
        40            40        1.57161865e-01    1.5347838402e-05
        41            41        1.48103027e-01    1.4463186264e-05
        42            42        1.40645142e-01    1.3734877109e-05
        43            43        1.32905884e-01    1.2979090214e-05
        44            44        1.26401367e-01    1.2343883514e-05
        45            45        1.20573120e-01    1.1774718761e-05
        46            46        1.14385376e-01    1.1170446873e-05
        47            47        1.09036255e-01    1.0648071765e-05
        48            48        1.04288940e-01    1.0184466839e-05
        49            49        9.89654541e-02    9.6645951272e-06
        50            50        9.49462891e-02    9.2720985412e-06
        51            51        9.11688232e-02    8.9032053948e-06
        52            52        8.71502686e-02    8.5107684135e-06
        53            53        8.34881592e-02    8.1531405449e-06
        54            54        8.01910400e-02    7.8311562539e-06
        55            55        7.71435547e-02    7.5335502625e-06
        56            56        7.38653564e-02    7.2134137154e-06
        57            57        7.12426758e-02    6.9572925567e-06
        58            58        6.84899902e-02    6.6884756088e-06
        59            59        6.61102295e-02    6.4560770989e-06
        60            60        6.37921143e-02    6.2296986580e-06
        61            61        6.10357666e-02    5.9605240822e-06
        62            62        5.90844727e-02    5.7699680328e-06
        63            63        5.73321533e-02    5.5988430977e-06
        64            64        5.48516846e-02    5.3566098213e-06
        65            66        1.04970703e-01    5.1255226135e-06
        66            68        9.86358643e-02    4.8162043095e-06
        67            70        9.30261230e-02    4.5422911644e-06
        68            72        8.73522949e-02    4.2652487754e-06
        69            74        8.22290039e-02    4.0150880813e-06
        70            76        7.76623535e-02    3.7921071052e-06
        71            78        7.33740234e-02    3.5827159881e-06
        72            80        6.95312500e-02    3.3950805663e-06
        73            82        6.61035156e-02    3.2277107239e-06
        74            84        6.28631592e-02    3.0694901943e-06
        75            86        6.01446533e-02    2.9367506504e-06
        76            88        5.69226074e-02    2.7794241905e-06
        77            90        5.43243408e-02    2.6525557041e-06
        78            92        5.19415283e-02    2.5362074375e-06
        79            94        4.95147705e-02    2.4177134037e-06
        80            96        4.72290039e-02    2.3061037064e-06
        81            98        4.53021240e-02    2.2120177746e-06
        82           100        4.34338379e-02    2.1207928657e-06
        83           102        4.18139648e-02    2.0416975021e-06
        84           104        4.03625488e-02    1.9708275795e-06
        85           106        3.87707520e-02    1.8931031228e-06
        86           108        3.69946289e-02    1.8063783646e-06
        87           110        3.57128906e-02    1.7437934876e-06
        88           112        3.43975830e-02    1.6795694828e-06
        89           114        3.27667236e-02    1.5999376774e-06
        90           116        3.23034668e-02    1.5773177147e-06
        91           118        3.08715820e-02    1.5074014664e-06
        92           120        2.96826172e-02    1.4493465424e-06
        93           122        2.87725830e-02    1.4049112797e-06
        94           124        2.79846191e-02    1.3664364815e-06
        95           126        2.69781494e-02    1.3172924519e-06
        96           128        2.61138916e-02    1.2750923634e-06
        97           130        2.52923584e-02    1.2349784374e-06
        98           132        2.44659424e-02    1.1946260929e-06
        99           134        2.36853027e-02    1.1565089225e-06
       100           136        2.29260254e-02    1.1194348335e-06
       101           138        2.22888184e-02    1.0883212090e-06
       102           140        2.16070557e-02    1.0550320149e-06
       103           142        2.09631348e-02    1.0235905647e-06
       104           144        2.02416992e-02    9.8836421967e-07
       105           146        1.98254395e-02    9.6803903576e-07
       106           148        1.93151855e-02    9.4312429429e-07
       107           150        1.88964844e-02    9.2267990112e-07
       108           152        1.83209229e-02    8.9457631111e-07
       109           154        1.77044678e-02    8.6447596549e-07
       110           156        1.71716309e-02    8.3845853805e-07
       111           158        1.67559814e-02    8.1816315651e-07
       112           160        1.64300537e-02    8.0224871635e-07
       113           162        1.59814453e-02    7.8034400940e-07
       114           164        1.56085205e-02    7.6213479042e-07
       115           166        1.52264404e-02    7.4347853660e-07
       116           168        1.47698975e-02    7.2118639946e-07
       117           170        1.44445801e-02    7.0530176162e-07
       118           172        1.42071533e-02    6.9370865822e-07
       119           174        1.38360596e-02    6.7558884620e-07
       120           176        1.35736084e-02    6.6277384758e-07
       121           178        1.29681396e-02    6.3320994377e-07
       122           180        1.29711914e-02    6.3335895538e-07
       123           182        1.25750732e-02    6.1401724815e-07
       124           184        1.23626709e-02    6.0364603996e-07
       125           186        1.21636963e-02    5.9393048287e-07
       126           188        1.18218994e-02    5.7724118232e-07
       127           190        1.14196777e-02    5.5760145187e-07
       128           192        1.14404297e-02    5.5861473084e-07
       129           196        2.17749023e-02    5.3161382675e-07
       130           200        2.09039307e-02    5.1034986973e-07
       131           204        2.01666260e-02    4.9234926701e-07
       132           208        1.95141602e-02    4.7641992569e-07
       133           212        1.86187744e-02    4.5455992222e-07
       134           216        1.79937744e-02    4.3930113316e-07
       135           220        1.74444580e-02    4.2589008808e-07
       136           224        1.65997314e-02    4.0526688099e-07
       137           228        1.60369873e-02    3.9152801037e-07
       138           232        1.54614258e-02    3.7747621536e-07
       139           236        1.50653076e-02    3.6780536175e-07
       140           240        1.44415283e-02    3.5257637501e-07
       141           244        1.39154053e-02    3.3973157406e-07
       142           248        1.34393311e-02    3.2810866833e-07
       143           252        1.31243896e-02    3.2041966915e-07
       144           256        1.25811768e-02    3.0715763569e-07
       145           260        1.22369385e-02    2.9875338078e-07
       146           264        1.18145752e-02    2.8844177723e-07
       147           268        1.14630127e-02    2.7985870838e-07
       148           272        1.11737061e-02    2.7279555798e-07
       149           276        1.08605957e-02    2.6515126229e-07
       150           280        1.04486084e-02    2.5509297848e-07
       151           284        1.03619385e-02    2.5297701359e-07
       152           288        9.81384277e-03    2.3959577084e-07
       153           292        9.51416016e-03    2.3227930069e-07
       154           296        9.48059082e-03    2.3145973682e-07
       155           300        9.03198242e-03    2.2050738334e-07
       156           304        8.67797852e-03    2.1186470986e-07
       157           308        8.40515137e-03    2.0520389080e-07
       158           312        8.31176758e-03    2.0292401314e-07
       159           316        8.15307617e-03    1.9904971122e-07
       160           320        8.01513672e-03    1.9568204879e-07
       161           324        7.59460449e-03    1.8541514873e-07
       162           328        7.64648437e-03    1.8668174743e-07
       163           332        7.35473633e-03    1.7955899238e-07
       164           336        7.19238281e-03    1.7559528351e-07
       165           340        6.96838379e-03    1.7012655735e-07
       166           344        6.86523438e-03    1.6760826111e-07
       167           348        6.69128418e-03    1.6336143017e-07
       168           352        6.49902344e-03    1.5866756440e-07
       169           356        6.36657715e-03    1.5543401242e-07
       170           360        6.23535156e-03    1.5223026276e-07
       171           364        6.03881836e-03    1.4743208885e-07
       172           368        6.02478027e-03    1.4708936215e-07
       173           372        5.81848145e-03    1.4205276966e-07
       174           376        5.63232422e-03    1.3750791550e-07
       175           380        5.47546387e-03    1.3367831707e-07
       176           384        5.38757324e-03    1.3153254986e-07
       177           388        5.24536133e-03    1.2806057930e-07
       178           392        5.19348145e-03    1.2679398060e-07
       179           396        5.08911133e-03    1.2424588203e-07
       180           400        4.86999512e-03    1.1889636516e-07
       181           404        4.80163574e-03    1.1722743511e-07
       182           408        4.71740723e-03    1.1517107487e-07
       183           412        4.65759277e-03    1.1371076107e-07
       184           416        4.66552734e-03    1.1390447617e-07
       185           420        4.48791504e-03    1.0956823826e-07
       186           424        4.34631348e-03    1.0611116886e-07
       187           428        4.23339844e-03    1.0335445404e-07
       188           432        4.20410156e-03    1.0263919830e-07
       189           436        4.08142090e-03    9.9644064903e-08
       190           440        4.02526855e-03    9.8273158075e-08
       191           444        4.04174805e-03    9.8675489428e-08
       192           448        3.95935059e-03    9.6663832663e-08
       193           456        7.48168945e-03    9.1329216958e-08
       194           464        7.25036621e-03    8.8505446910e-08
       195           472        7.05200195e-03    8.6084008217e-08
       196           480        6.81457520e-03    8.3185732365e-08
       197           488        6.57775879e-03    8.0294907094e-08
       198           496        6.31103516e-03    7.7039003372e-08
       199           504        6.01745605e-03    7.3455274105e-08
       200           512        5.94299316e-03    7.2546303272e-08
       201           520        5.58166504e-03    6.8135559558e-08
       202           528        5.49682617e-03    6.7099928855e-08
       203           536        5.34667969e-03    6.5267086029e-08
       204           544        5.10131836e-03    6.2271952629e-08
       205           552        4.97558594e-03    6.0737133027e-08
       206           560        4.76013184e-03    5.8107078076e-08
       207           568        4.68811035e-03    5.7227909566e-08
       208           576        4.57031250e-03    5.5789947510e-08
       209           584        4.31701660e-03    5.2697956563e-08
       210           592        4.28710938e-03    5.2332878114e-08
       211           600        4.12963867e-03    5.0410628319e-08
       212           608        3.99169922e-03    4.8726797104e-08
       213           616        3.86352539e-03    4.7162175178e-08
       214           624        3.92822266e-03    4.7951936722e-08
       215           632        3.72070312e-03    4.5418739318e-08
       216           640        3.55529785e-03    4.3399631976e-08
       217           648        3.45214844e-03    4.2140483855e-08
       218           656        3.39660645e-03    4.1462481021e-08
       219           664        3.29040527e-03    4.0166079997e-08
       220           672        3.12683105e-03    3.8169324398e-08
       221           680        2.99133301e-03    3.6515295506e-08
       222           688        3.02734375e-03    3.6954879761e-08
       223           696        2.96813965e-03    3.6232173443e-08
       224           704        2.83508301e-03    3.4607946873e-08
       225           712        2.75817871e-03    3.3669173718e-08
       226           720        2.70019531e-03    3.2961368561e-08
       227           728        2.66540527e-03    3.2536685468e-08
       228           736        2.58361816e-03    3.1538307669e-08
       229           744        2.42858887e-03    2.9645860197e-08
       230           752        2.37976074e-03    2.9049813749e-08
       231           760        2.27905273e-03    2.7820467950e-08
       232           768        2.32849121e-03    2.8423964978e-08
       233           776        2.29431152e-03    2.8006732465e-08
       234           784        2.19665527e-03    2.6814639569e-08
       235           792        2.12829590e-03    2.5980174542e-08
       236           800        2.06909180e-03    2.5257468224e-08
       237           808        2.10815430e-03    2.5734305382e-08
       238           816        2.00988770e-03    2.4534761906e-08
       239           824        1.96960449e-03    2.4043023586e-08
       240           832        1.98242187e-03    2.4199485779e-08
       241           840        1.89147949e-03    2.3089349269e-08
       242           848        1.90124512e-03    2.3208558559e-08
       243           856        1.81457520e-03    2.2150576114e-08
       244           864        1.81579590e-03    2.2165477275e-08
       245           872        1.72546387e-03    2.1062791346e-08
       246           880        1.65832520e-03    2.0243227481e-08
       247           888        1.58508301e-03    1.9349157808e-08
       248           896        1.61376953e-03    1.9699335096e-08
       249           904        1.56799316e-03    1.9140541552e-08
       250           912        1.45996094e-03    1.7821788786e-08
       251           920        1.52832031e-03    1.8656253813e-08
       252           928        1.52893066e-03    1.8663704393e-08
       253           936        1.47766113e-03    1.8037855623e-08
       254           944        1.38549805e-03    1.6912817953e-08
       255           952        1.39648437e-03    1.7046928404e-08
       256           960        1.42883301e-03    1.7441809175e-08
       257           976        2.61901855e-03    1.5985220668e-08
       258           992        2.52807617e-03    1.5430152413e-08
       259          1008        2.43652344e-03    1.4871358869e-08
       260          1024        2.33642578e-03    1.4260411260e-08
       261          1040        2.17773437e-03    1.3291835784e-08
       262          1056        2.14050293e-03    1.3064593075e-08
       263          1072        2.10998535e-03    1.2878328560e-08
       264          1088        2.05871582e-03    1.2565404175e-08
       265          1104        1.95251465e-03    1.1917203664e-08
       266          1120        1.81823730e-03    1.1097639800e-08
       267          1136        1.81091309e-03    1.1052936316e-08
       268          1152        1.80053711e-03    1.0989606381e-08
       269          1168        1.68579102e-03    1.0289251805e-08
       270          1184        1.60400391e-03    9.7900629051e-09
       271          1200        1.62048340e-03    9.8906457432e-09
       272          1216        1.54479980e-03    9.4287097465e-09
       273          1232        1.48559570e-03    9.0673565875e-09
       274          1248        1.44836426e-03    8.8401138791e-09
       275          1264        1.35009766e-03    8.2403421408e-09
       276          1280        1.39160156e-03    8.4936618811e-09
       277          1296        1.28417969e-03    7.8380107884e-09
       278          1312        1.30249023e-03    7.9497694976e-09
       279          1328        1.15539551e-03    7.0519745352e-09
       280          1344        1.16577148e-03    7.1153044702e-09
       281          1360        1.12121582e-03    6.8433582784e-09
       282          1376        1.12976074e-03    6.8955123426e-09
       283          1392        1.07849121e-03    6.5825879575e-09
       284          1408        1.04553223e-03    6.3814222813e-09
       285          1424        1.02355957e-03    6.2473118305e-09
       286          1440        9.68627930e-04    5.9120357037e-09
       287          1456        9.92431641e-04    6.0573220253e-09
       288          1472        8.99658203e-04    5.4910778999e-09
       289          1488        9.03320312e-04    5.5134296417e-09
       290          1504        9.05151367e-04    5.5246055126e-09
       291          1520        8.74023437e-04    5.3346157074e-09
       292          1536        8.48999023e-04    5.1818788052e-09
       293          1552        8.41674805e-04    5.1371753216e-09
       294          1568        7.99560547e-04    4.8801302910e-09
       295          1584        7.70263672e-04    4.7013163567e-09
       296          1600        7.76977539e-04    4.7422945499e-09
       297          1616        7.40966797e-04    4.5225024223e-09
       298          1632        7.41577148e-04    4.5262277127e-09
       299          1648        7.17773437e-04    4.3809413910e-09
       300          1664        7.01293945e-04    4.2803585529e-09
       301          1680        6.88476562e-04    4.2021274567e-09
       302          1696        6.30493164e-04    3.8482248783e-09
       303          1712        6.32324219e-04    3.8594007492e-09
       304          1728        6.09130859e-04    3.7178397178e-09
       305          1744        6.49414062e-04    3.9637088775e-09
       306          1760        6.31103516e-04    3.8519501685e-09
       307          1776        5.96313477e-04    3.6396086216e-09
       308          1792        6.00585937e-04    3.6656856536e-09
       309          1808        6.04248047e-04    3.6880373955e-09
       310          1824        5.29174805e-04    3.2298266887e-09
       311          1840        5.59692383e-04    3.4160912036e-09
       312          1856        5.40771484e-04    3.3006072044e-09
       313          1872        5.43212891e-04    3.3155083656e-09
       314          1888        5.21850586e-04    3.1851232052e-09
       315          1904        5.21240234e-04    3.1813979149e-09
       316          1920        4.73632813e-04    2.8908252716e-09
       317          1936        4.76074219e-04    2.9057264328e-09
       318          1952        4.93164062e-04    3.0100345612e-09
       319          1968        4.65087891e-04    2.8386712074e-09
       320          1984        4.63867187e-04    2.8312206268e-09
       321          2016        9.10644531e-04    2.7790665627e-09
       322          2048        8.89282227e-04    2.7138739824e-09
       323          2080        8.32519531e-04    2.5406479835e-09
       324          2112        8.10546875e-04    2.4735927582e-09
       325          2144        8.25805664e-04    2.5201588869e-09
       326          2176        7.90405273e-04    2.4121254682e-09
       327          2208        7.60498047e-04    2.3208558559e-09
       328          2240        7.08007812e-04    2.1606683730e-09
       329          2272        7.08618164e-04    2.1625310182e-09
       330          2304        6.57348633e-04    2.0060688256e-09
       331          2336        6.62231445e-04    2.0209699868e-09
       332          2368        6.77490234e-04    2.0675361155e-09
       333          2400        6.53686523e-04    1.9948929547e-09
       334          2432        6.17675781e-04    1.8849968909e-09
       335          2464        6.29272461e-04    1.9203871487e-09
       336          2496        5.99365234e-04    1.8291175364e-09
       337          2528        6.09130859e-04    1.8589198588e-09
       338          2560        5.68847656e-04    1.7359852789e-09
       339          2592        5.76782227e-04    1.7601996659e-09
       340          2624        5.73730469e-04    1.7508864401e-09
       341          2656        5.74951172e-04    1.7546117305e-09
       342          2688        5.33447266e-04    1.6279518603e-09
       343          2720        5.92041016e-04    1.8067657946e-09
       344          2752        5.50537109e-04    1.6801059245e-09
       345          2784        4.96826172e-04    1.5161931513e-09
       346          2816        5.37719727e-04    1.6409903763e-09
       347          2848        5.50537109e-04    1.6801059245e-09
       348          2880        5.27954102e-04    1.6111880540e-09
       349          2912        4.85229492e-04    1.4808028935e-09
       350          2944        4.80957031e-04    1.4677643775e-09
       351          2976        5.01098633e-04    1.5292316674e-09
       352          3008        4.84619141e-04    1.4789402484e-09
       353          3040        4.82788086e-04    1.4733523129e-09
       354          3072        4.47387695e-04    1.3653188943e-09
       355          3104        4.67529297e-04    1.4267861842e-09
       356          3136        4.57763672e-04    1.3969838618e-09
       357          3168        4.65087891e-04    1.4193356036e-09
       358          3200        4.84619141e-04    1.4789402483e-09
       359          3232        4.54101562e-04    1.3858079909e-09
       360          3264        4.77905273e-04    1.4584511517e-09
       361          3296        4.57153320e-04    1.3951212167e-09
       362          3328        4.73022461e-04    1.4435499905e-09
       363          3360        4.52270508e-04    1.3802200554e-09
       364          3392        4.95605469e-04    1.5124678610e-09
       365          3424        4.44946289e-04    1.3578683137e-09
       366          3456        4.54711914e-04    1.3876706360e-09
       367          3488        4.68139648e-04    1.4286488294e-09
       368          3520        4.63867187e-04    1.4156103133e-09
       369          3552        4.60815430e-04    1.4062970875e-09
       370          3584        4.78515625e-04    1.4603137969e-09
       371          3616        4.44335938e-04    1.3560056685e-09
       372          3648        4.47387695e-04    1.3653188943e-09
       373          3680        4.84619141e-04    1.4789402484e-09
       374          3712        4.76074219e-04    1.4528632163e-09
       375          3744        4.87670898e-04    1.4882534740e-09
       376          3776        4.69970703e-04    1.4342367648e-09
       377          3808        4.91333008e-04    1.4994293450e-09
       378          3840        4.81567383e-04    1.4696270226e-09
       379          3872        4.78515625e-04    1.4603137969e-09
       380          3904        4.87060547e-04    1.4863908289e-09
       381          3936        4.99267578e-04    1.5236437319e-09
       382          3968        4.69970703e-04    1.4342367648e-09
       383          4000        5.44433594e-04    1.6614794730e-09
       384          4032        5.43823242e-04    1.6596168278e-09
       385          4096        1.02355957e-03    1.5618279576e-09
       386          4160        1.07360840e-03    1.6381964087e-09
       387          4224        1.07543945e-03    1.6409903764e-09
       388          4288        1.13708496e-03    1.7350539565e-09
       389          4352        1.16333008e-03    1.7751008272e-09
       390          4416        1.19506836e-03    1.8235296011e-09
       391          4480        1.24206543e-03    1.8952414393e-09
       392          4544        1.30615234e-03    1.9930303096e-09
       393          4608        1.30310059e-03    1.9883736968e-09
       394          4672        1.35620117e-03    2.0693987608e-09
       395          4736        1.41296387e-03    2.1560117603e-09
       396          4800        1.40441895e-03    2.1429732442e-09
       397          4864        1.50207520e-03    2.2919848562e-09
       398          4928        1.53259277e-03    2.3385509849e-09
       399          4992        1.59423828e-03    2.4326145649e-09
       400          5056        1.62414551e-03    2.4782493710e-09
       401          5120        1.69067383e-03    2.5797635316e-09
       402          5184        1.71386719e-03    2.6151537895e-09
       403          5248        1.81457520e-03    2.7688220143e-09
       404          5312        1.83410645e-03    2.7986243367e-09
       405          5376        1.85058594e-03    2.8237700462e-09
       406          5440        1.89331055e-03    2.8889626264e-09
       407          5504        2.03369141e-03    3.1031668186e-09
       408          5568        1.98913574e-03    3.0351802707e-09
       409          5632        2.13562012e-03    3.2586976886e-09
       410          5696        2.14111328e-03    3.2670795917e-09
       411          5760        2.23083496e-03    3.4039840102e-09
       412          5824        2.38525391e-03    3.6396086216e-09
       413          5888        2.48657227e-03    3.7942081690e-09
       414          5952        2.48474121e-03    3.7914142013e-09
       415          6016        2.53723145e-03    3.8715079427e-09
       416          6080        2.58483887e-03    3.9441511034e-09
       417          6144        2.76977539e-03    4.2263418436e-09
       418          6208        2.73376465e-03    4.1713938116e-09
       419          6272        2.82714844e-03    4.3138861656e-09
       420          6336        2.88940430e-03    4.4088810682e-09
       421          6400        3.02856445e-03    4.6212226152e-09
       422          6464        3.05297852e-03    4.6584755183e-09
       423          6528        3.16223145e-03    4.8251822591e-09
       424          6592        3.27331543e-03    4.9946829677e-09
       425          6656        3.35693359e-03    5.1222741604e-09
       426          6720        3.44665527e-03    5.2591785788e-09
       427          6784        3.53332520e-03    5.3914263845e-09
       428          6848        3.56323242e-03    5.4370611906e-09
       429          6912        3.57421875e-03    5.4538249969e-09
       430          6976        3.75793457e-03    5.7341530919e-09
       431          7040        3.84399414e-03    5.8654695749e-09
       432          7104        3.99414062e-03    6.0945749282e-09
       433          7168        4.00146484e-03    6.1057507992e-09
       434          7232        4.13146973e-03    6.3041225076e-09
       435          7296        4.17968750e-03    6.3776969910e-09
       436          7360        4.30541992e-03    6.5695494414e-09
       437          7424        4.41040039e-03    6.7297369242e-09
       438          7488        4.41894531e-03    6.7427754402e-09
       439          7552        4.53613281e-03    6.9215893746e-09
       440          7616        4.71191406e-03    7.1898102760e-09
       441          7680        4.71252441e-03    7.1907415986e-09
       442          7744        4.80346680e-03    7.3295086622e-09
       443          7808        4.91699219e-03    7.5027346611e-09
       444          7872        4.99694824e-03    7.6247379184e-09
       445          7936        5.11230469e-03    7.8007578849e-09
       446          8000        5.12573242e-03    7.8212469816e-09
       447          8064        5.30395508e-03    8.0931931734e-09
       448          8128        5.35461426e-03    8.1704929471e-09
       449          8256        1.08392334e-02    8.2696788012e-09
       450          8384        1.11016846e-02    8.4699131549e-09
       451          8512        1.15032959e-02    8.7763182818e-09
       452          8640        1.17059326e-02    8.9309178293e-09
       453          8768        1.21209717e-02    9.2475675046e-09
       454          8896        1.20831299e-02    9.2186965049e-09
       455          9024        1.24298096e-02    9.4831921160e-09
       456          9152        1.24707031e-02    9.5143914224e-09
       457          9280        1.27416992e-02    9.7211450339e-09
       458          9408        1.29565430e-02    9.8850578072e-09
       459          9536        1.28002930e-02    9.7658485174e-09
       460          9664        1.28796387e-02    9.8263844848e-09
       461          9792        1.27368164e-02    9.7174197436e-09
       462          9920        1.29003906e-02    9.8422169682e-09
       463         10048        1.27416992e-02    9.7211450337e-09
       464         10176        1.24615479e-02    9.5074065029e-09
       465         10304        1.22698975e-02    9.3611888587e-09
       466         10432        1.20861816e-02    9.2210248112e-09
       467         10560        1.17498779e-02    8.9644454420e-09
       468         10688        1.13446045e-02    8.6552463471e-09
       469         10816        1.11352539e-02    8.4955245256e-09
       470         10944        1.06927490e-02    8.1579200923e-09
       471         11072        1.02941895e-02    7.8538432718e-09
       472         11200        9.89196777e-03    7.5469724834e-09
       473         11328        9.56054687e-03    7.2941184044e-09
       474         11456        9.18090820e-03    7.0044770837e-09
       475         11584        8.73413086e-03    6.6636130214e-09
       476         11712        8.21777344e-03    6.2696635723e-09
       477         11840        7.87597656e-03    6.0088932515e-09
       478         11968        7.60375977e-03    5.8012083173e-09
       479         12096        7.03186035e-03    5.3648836911e-09
       480         12224        6.66564941e-03    5.0854869187e-09
       481         12352        6.24816895e-03    4.7669745982e-09
       482         12480        5.79101562e-03    4.4181942940e-09
       483         12608        5.46936035e-03    4.1727907956e-09
       484         12736        5.18432617e-03    3.9553269744e-09
       485         12864        4.70336914e-03    3.5883858800e-09
       486         12992        4.41223145e-03    3.3662654460e-09
       487         13120        4.03930664e-03    3.0817463994e-09
       488         13248        3.66821289e-03    2.7986243367e-09
       489         13376        3.27148438e-03    2.4959445000e-09
       490         13504        2.90161133e-03    2.2137537599e-09
       491         13632        2.68066406e-03    2.0451843739e-09
       492         13760        2.25585937e-03    1.7210841179e-09
       493         13888        2.03125000e-03    1.5497207641e-09
       494         14016        1.67358398e-03    1.2768432498e-09
       495         14144        1.50939941e-03    1.1515803635e-09
       496         14272        1.28051758e-03    9.7695738077e-10
       497         14400        1.03576660e-03    7.9022720456e-10
       498         14528        8.52050781e-04    6.5006315709e-10
       499         14656        6.31103516e-04    4.8149377107e-10
       500         14784        4.82177734e-04    3.6787241697e-10
       501         14912        3.40576172e-04    2.5983899832e-10
       502         15040        2.70385742e-04    2.0628795028e-10
       503         15168        1.55639648e-04    1.1874362827e-10
       504         15296        9.39941406e-05    7.1711838246e-11
       505         15424        4.88281250e-05    3.7252902984e-11
       506         15552        2.44140625e-05    1.8626451492e-11
       507         15680        7.93457031e-06    6.0535967349e-12
       508         15808        3.66210937e-06    2.7939677238e-12
       509         15936        6.10351563e-07    4.6566128730e-13
