         2             2        6.20901793e+02    3.1045089628e-01
         3             3        8.75656081e+01    4.3782804073e-02
         4             4        2.88465974e+01    1.4423298690e-02
         5             5        1.27605110e+01    6.3802554883e-03
         6             6        6.19483641e+00    3.0974182029e-03
         7             7        3.74478202e+00    1.8723910081e-03
         8             8        2.48627244e+00    1.2431362202e-03
         9             9        1.65643259e+00    8.2821629675e-04
        10            10        1.21221083e+00    6.0610541294e-04
        11            11        9.15783501e-01    4.5789175033e-04
        12            12        7.05067123e-01    3.5253356130e-04
        13            13        5.61374895e-01    2.8068744760e-04
        14            14        4.57042262e-01    2.2852113121e-04
        15            15        3.76649304e-01    1.8832465222e-04
        16            16        3.16745387e-01    1.5837269331e-04
        17            17        2.69037036e-01    1.3451851795e-04
        18            18        2.31396826e-01    1.1569841285e-04
        19            19        2.00911100e-01    1.0045555014e-04
        20            20        1.76010724e-01    8.8005362059e-05
        21            21        1.55515380e-01    7.7757689827e-05
        22            22        1.38204765e-01    6.9102382660e-05
        23            23        1.23655560e-01    6.1827780071e-05
        24            24        1.11230800e-01    5.5615400013e-05
        25            25        1.00686826e-01    5.0343413102e-05
        26            26        9.14345892e-02    4.5717294592e-05
        27            27        8.34777430e-02    4.1738871524e-05
        28            28        7.64836362e-02    3.8241818077e-05
        29            29        7.03628239e-02    3.5181411944e-05
        30            30        6.49729578e-02    3.2486478907e-05
        31            31        6.00854773e-02    3.0042738664e-05
        32            32        5.57548623e-02    2.7877431166e-05
        33            33        5.19357782e-02    2.5967889083e-05
        34            34        4.84063399e-02    2.4203169973e-05
        35            35        4.52902342e-02    2.2645117108e-05
        36            36        4.24737328e-02    2.1236866399e-05
        37            37        3.98775803e-02    1.9938790171e-05
        38            38        3.75206496e-02    1.8760324779e-05
        39            39        3.53923296e-02    1.7696164784e-05
        40            40        3.33859393e-02    1.6692969673e-05
        41            41        3.16323531e-02    1.5816176565e-05
        42            42        2.99583736e-02    1.4979186811e-05
        43            43        2.84192236e-02    1.4209611793e-05
        44            44        2.69879291e-02    1.3493964547e-05
        45            45        2.56776910e-02    1.2838845504e-05
        46            46        2.44603107e-02    1.2230155343e-05
        47            47        2.33288414e-02    1.1664420680e-05
        48            48        2.22970561e-02    1.1148528049e-05
        49            49        2.12923953e-02    1.0646197671e-05
        50            50        2.03681042e-02    1.0184052116e-05
        51            51        1.95148669e-02    9.7574334396e-06
        52            52        1.86910629e-02    9.3455314636e-06
        53            53        1.79551074e-02    8.9775537190e-06
        54            54        1.72253659e-02    8.6126829448e-06
        55            55        1.65850388e-02    8.2925194188e-06
        56            56        1.59310190e-02    7.9655095151e-06
        57            57        1.53394097e-02    7.6697048388e-06
        58            58        1.47846122e-02    7.3923060769e-06
        59            59        1.42365405e-02    7.1182702718e-06
        60            60        1.37726734e-02    6.8863366779e-06
        61            61        1.32785898e-02    6.6392948753e-06
        62            62        1.28108075e-02    6.4054037395e-06
        63            63        1.23962603e-02    6.1981301559e-06
        64            64        1.20139775e-02    6.0069887261e-06
        65            66        2.28207237e-02    5.7051809211e-06
        66            68        2.14443608e-02    5.3610902084e-06
        67            70        2.01573221e-02    5.0393305327e-06
        68            72        1.90020812e-02    4.7505203046e-06
        69            74        1.79384734e-02    4.4846183375e-06
        70            76        1.69595016e-02    4.2398753919e-06
        71            78        1.60690810e-02    4.0172702388e-06
        72            80        1.52468029e-02    3.8117007205e-06
        73            82        1.44838634e-02    3.6209658572e-06
        74            84        1.37941762e-02    3.4485440505e-06
        75            86        1.31320552e-02    3.2830137955e-06
        76            88        1.25298048e-02    3.1324512080e-06
        77            90        1.19550404e-02    2.9887600949e-06
        78            92        1.14201997e-02    2.8550499364e-06
        79            94        1.09333440e-02    2.7333359969e-06
        80            96        1.04616266e-02    2.6154066387e-06
        81            98        1.00660424e-02    2.5165106120e-06
        82           100        9.62874764e-03    2.4071869097e-06
        83           102        9.27163174e-03    2.3179079357e-06
        84           104        8.90055205e-03    2.2251380117e-06
        85           106        8.57083170e-03    2.1427079250e-06
        86           108        8.24678321e-03    2.0616958016e-06
        87           110        7.95453724e-03    1.9886343103e-06
        88           112        7.67453846e-03    1.9186346155e-06
        89           114        7.40667644e-03    1.8516691108e-06
        90           116        7.14407469e-03    1.7860186728e-06
        91           118        6.90243370e-03    1.7256084241e-06
        92           120        6.68352027e-03    1.6708800667e-06
        93           122        6.46179601e-03    1.6154490019e-06
        94           124        6.24853435e-03    1.5621335883e-06
        95           126        6.05949603e-03    1.5148740065e-06
        96           128        5.86636192e-03    1.4665904798e-06
        97           130        5.69383722e-03    1.4234593040e-06
        98           132        5.52526775e-03    1.3813169379e-06
        99           134        5.35184961e-03    1.3379624015e-06
       100           136        5.21581549e-03    1.3039538735e-06
       101           138        5.05939283e-03    1.2648482072e-06
       102           140        4.91906216e-03    1.2297655406e-06
       103           142        4.78499563e-03    1.1962489078e-06
       104           144        4.63318072e-03    1.1582951796e-06
       105           146        4.52056684e-03    1.1301417100e-06
       106           148        4.40469039e-03    1.1011725977e-06
       107           150        4.28304170e-03    1.0707604258e-06
       108           152        4.17517612e-03    1.0437940297e-06
       109           154        4.05812514e-03    1.0145312861e-06
       110           156        3.96530754e-03    9.9132688422e-07
       111           158        3.87309225e-03    9.6827306245e-07
       112           160        3.77658041e-03    9.4414510225e-07
       113           162        3.67598283e-03    9.1899570666e-07
       114           164        3.60112441e-03    9.0028110303e-07
       115           166        3.50755390e-03    8.7688847592e-07
       116           168        3.42758580e-03    8.5689645065e-07
       117           170        3.35678301e-03    8.3919575340e-07
       118           172        3.27849137e-03    8.1962284289e-07
       119           174        3.20012946e-03    8.0003236469e-07
       120           176        3.14349124e-03    7.8587281077e-07
       121           178        3.05786133e-03    7.6446533203e-07
       122           180        3.01012742e-03    7.5253185473e-07
       123           182        2.94077020e-03    7.3519254985e-07
       124           184        2.87544853e-03    7.1886213203e-07
       125           186        2.80980562e-03    7.0245140477e-07
       126           188        2.74961371e-03    6.8740342793e-07
       127           190        2.69310600e-03    6.7327649970e-07
       128           192        2.65221847e-03    6.6305461683e-07
       129           196        5.14336636e-03    6.4292079524e-07
       130           200        4.93820592e-03    6.1727573997e-07
       131           204        4.74869578e-03    5.9358697188e-07
       132           208        4.57703440e-03    5.7212929977e-07
       133           212        4.40959930e-03    5.5119991302e-07
       134           216        4.25509403e-03    5.3188675328e-07
       135           220        4.09640262e-03    5.1205032750e-07
       136           224        3.96902185e-03    4.9612773092e-07
       137           228        3.83267654e-03    4.7908456702e-07
       138           232        3.69596983e-03    4.6199622907e-07
       139           236        3.58604632e-03    4.4825578991e-07
       140           240        3.46789109e-03    4.3348638635e-07
       141           244        3.35819847e-03    4.1977480838e-07
       142           248        3.25548272e-03    4.0693534048e-07
       143           252        3.14882178e-03    3.9360272257e-07
       144           256        3.06564130e-03    3.8320516285e-07
       145           260        2.96176107e-03    3.7022013413e-07
       146           264        2.88876985e-03    3.6109623156e-07
       147           268        2.80047969e-03    3.5005996102e-07
       148           272        2.72354327e-03    3.4044290844e-07
       149           276        2.65313199e-03    3.3164149836e-07
       150           280        2.58533076e-03    3.2316634529e-07
       151           284        2.51398588e-03    3.1424823560e-07
       152           288        2.44362480e-03    3.0545309970e-07
       153           292        2.38199736e-03    2.9774966993e-07
       154           296        2.31665561e-03    2.8958195134e-07
       155           300        2.25846140e-03    2.8230767501e-07
       156           304        2.20282705e-03    2.7535338151e-07
       157           308        2.15571554e-03    2.6946444261e-07
       158           312        2.10308276e-03    2.6288534466e-07
       159           316        2.04916502e-03    2.5614562788e-07
       160           320        2.00873927e-03    2.5109240883e-07
       161           324        1.95164931e-03    2.4395616431e-07
       162           328        1.90332312e-03    2.3791539042e-07
       163           332        1.86274679e-03    2.3284334886e-07
       164           336        1.81994187e-03    2.2749273401e-07
       165           340        1.78386287e-03    2.2298285836e-07
       166           344        1.74540470e-03    2.1817558690e-07
       167           348        1.70591254e-03    2.1323906748e-07
       168           352        1.66161186e-03    2.0770148227e-07
       169           356        1.63150587e-03    2.0393823323e-07
       170           360        1.60056666e-03    2.0007083291e-07
       171           364        1.56531083e-03    1.9566385370e-07
       172           368        1.52368044e-03    1.9046005450e-07
       173           372        1.49351421e-03    1.8668927645e-07
       174           376        1.46625920e-03    1.8328240043e-07
       175           380        1.43864280e-03    1.7983035038e-07
       176           384        1.41244186e-03    1.7655523200e-07
       177           388        1.39256528e-03    1.7407065944e-07
       178           392        1.36300137e-03    1.7037517147e-07
       179           396        1.33407994e-03    1.6675999290e-07
       180           400        1.30428515e-03    1.6303564373e-07
       181           404        1.28600472e-03    1.6075058987e-07
       182           408        1.25728406e-03    1.5716050801e-07
       183           412        1.23761830e-03    1.5470228697e-07
       184           416        1.21024282e-03    1.5128035294e-07
       185           420        1.18595926e-03    1.4824490798e-07
       186           424        1.17268813e-03    1.4658601661e-07
       187           428        1.14826403e-03    1.4353300396e-07
       188           432        1.13485236e-03    1.4185654490e-07
       189           436        1.11429315e-03    1.3928664358e-07
       190           440        1.09299108e-03    1.3662388450e-07
       191           444        1.07108668e-03    1.3388583534e-07
       192           448        1.05903023e-03    1.3237877896e-07
       193           456        2.04996812e-03    1.2812300732e-07
       194           464        1.99442412e-03    1.2465150732e-07
       195           472        1.92544837e-03    1.2034052297e-07
       196           480        1.86779625e-03    1.1673726533e-07
       197           488        1.80718271e-03    1.1294891960e-07
       198           496        1.75343564e-03    1.0958972730e-07
       199           504        1.70510945e-03    1.0656934036e-07
       200           512        1.65206508e-03    1.0325406727e-07
       201           520        1.60825629e-03    1.0051601812e-07
       202           528        1.55534242e-03    9.7208901454e-08
       203           536        1.51012822e-03    9.4383013876e-08
       204           544        1.47386852e-03    9.2116782540e-08
       205           552        1.43306130e-03    8.9566331161e-08
       206           560        1.38583936e-03    8.6614960118e-08
       207           568        1.35912644e-03    8.4945402647e-08
       208           576        1.32447293e-03    8.2779558081e-08
       209           584        1.28536224e-03    8.0335140229e-08
       210           592        1.25307786e-03    7.8317366149e-08
       211           600        1.22553173e-03    7.6595733040e-08
       212           608        1.18818785e-03    7.4261740634e-08
       213           616        1.16225795e-03    7.2641121714e-08
       214           624        1.13304540e-03    7.0815337332e-08
       215           632        1.10838037e-03    6.9273772993e-08
       216           640        1.07857554e-03    6.7410970989e-08
       217           648        1.05372981e-03    6.5858113138e-08
       218           656        1.02950648e-03    6.4344155161e-08
       219           664        1.01801220e-03    6.3625762337e-08
       220           672        9.79403446e-04    6.1212715350e-08
       221           680        9.61293672e-04    6.0080854517e-08
       222           688        9.48524475e-04    5.9282779693e-08
       223           696        9.22785307e-04    5.7674081703e-08
       224           704        9.03551202e-04    5.6471950130e-08
       225           712        8.82309362e-04    5.5144335094e-08
       226           720        8.66649025e-04    5.4165564085e-08
       227           728        8.47746197e-04    5.2984137284e-08
       228           736        8.31834893e-04    5.1989680842e-08
       229           744        8.10613130e-04    5.0663320642e-08
       230           752        7.96398364e-04    4.9774897726e-08
       231           760        7.81270077e-04    4.8829379835e-08
       232           768        7.69032930e-04    4.8064558129e-08
       233           776        7.52268339e-04    4.7016771215e-08
       234           784        7.38113805e-04    4.6132112804e-08
       235           792        7.24943061e-04    4.5308941289e-08
       236           800        7.04484237e-04    4.4030264804e-08
       237           808        7.00448689e-04    4.3778043045e-08
       238           816        6.86745895e-04    4.2921618412e-08
       239           824        6.69298674e-04    4.1831167121e-08
       240           832        6.58727947e-04    4.1170496690e-08
       241           840        6.44473026e-04    4.0279564105e-08
       242           848        6.39764886e-04    3.9985305385e-08
       243           856        6.21685229e-04    3.8855326803e-08
       244           864        6.11375508e-04    3.8210969222e-08
       245           872        5.98887393e-04    3.7430462084e-08
       246           880        5.97923680e-04    3.7370230023e-08
       247           888        5.84793091e-04    3.6549568177e-08
       248           896        5.72917336e-04    3.5807333494e-08
       249           904        5.65659372e-04    3.5353710777e-08
       250           912        5.55972049e-04    3.4748253069e-08
       251           920        5.38324055e-04    3.3645253432e-08
       252           928        5.36968834e-04    3.3560552096e-08
       253           936        5.25303891e-04    3.2831493177e-08
       254           944        5.22944802e-04    3.2684050108e-08
       255           952        5.08991041e-04    3.1811940043e-08
       256           960        5.03961663e-04    3.1497603969e-08
       257           976        9.83037447e-04    3.0719920209e-08
       258           992        9.52479714e-04    2.9764991058e-08
       259          1008        9.26088032e-04    2.8940250999e-08
       260          1024        8.97538035e-04    2.8048063580e-08
       261          1040        8.66940147e-04    2.7091879594e-08
       262          1056        8.44614129e-04    2.6394191541e-08
       263          1072        8.19738288e-04    2.5616821490e-08
       264          1088        7.99269425e-04    2.4977169538e-08
       265          1104        7.77626038e-04    2.4300813675e-08
       266          1120        7.56012766e-04    2.3625398937e-08
       267          1136        7.34610307e-04    2.2956572081e-08
       268          1152        7.11180034e-04    2.2224376075e-08
       269          1168        6.98792307e-04    2.1837259594e-08
       270          1184        6.77490234e-04    2.1171569824e-08
       271          1200        6.60685489e-04    2.0646421533e-08
       272          1216        6.46229794e-04    2.0194681067e-08
       273          1232        6.30448994e-04    1.9701531058e-08
       274          1248        6.17037321e-04    1.9282416294e-08
       275          1264        6.02360776e-04    1.8823774238e-08
       276          1280        5.88336744e-04    1.8385523244e-08
       277          1296        5.74152093e-04    1.7942252911e-08
       278          1312        5.64605311e-04    1.7643915980e-08
       279          1328        5.45361168e-04    1.7042536485e-08
       280          1344        5.34258391e-04    1.6695574710e-08
       281          1360        5.19049795e-04    1.6220306095e-08
       282          1376        5.09743941e-04    1.5929498171e-08
       283          1392        4.96733816e-04    1.5522931751e-08
       284          1408        4.88381637e-04    1.5261926149e-08
       285          1424        4.80330618e-04    1.5010331806e-08
       286          1440        4.67762194e-04    1.4617568568e-08
       287          1456        4.59018507e-04    1.4344328328e-08
       288          1472        4.49632343e-04    1.4051010734e-08
       289          1488        4.44030762e-04    1.3875961304e-08
       290          1504        4.34393632e-04    1.3574800994e-08
       291          1520        4.25208242e-04    1.3287757573e-08
       292          1536        4.11706222e-04    1.2865819429e-08
       293          1552        4.08323188e-04    1.2760099612e-08
       294          1568        3.99649771e-04    1.2489055332e-08
       295          1584        3.90153182e-04    1.2192286943e-08
       296          1600        3.85625739e-04    1.2050804339e-08
       297          1616        3.76239576e-04    1.1757486745e-08
       298          1632        3.70366950e-04    1.1573967180e-08
       299          1648        3.61251831e-04    1.1289119720e-08
       300          1664        3.57316670e-04    1.1166145927e-08
       301          1680        3.48081087e-04    1.0877533963e-08
       302          1696        3.40843201e-04    1.0651350022e-08
       303          1712        3.32531176e-04    1.0391599254e-08
       304          1728        3.27712611e-04    1.0241019098e-08
       305          1744        3.27662418e-04    1.0239450555e-08
       306          1760        3.18507144e-04    9.9533482600e-09
       307          1776        3.13889353e-04    9.8090422780e-09
       308          1792        3.07474638e-04    9.6085824463e-09
       309          1808        3.01381161e-04    9.4181612917e-09
       310          1824        2.97777276e-04    9.3055398839e-09
       311          1840        2.94595016e-04    9.2060942398e-09
       312          1856        2.87407323e-04    8.9814788415e-09
       313          1872        2.83743206e-04    8.8669751820e-09
       314          1888        2.78774061e-04    8.7116893969e-09
       315          1904        2.71345440e-04    8.4795449910e-09
       316          1920        2.70150837e-04    8.4422136608e-09
       317          1936        2.67018770e-04    8.3443365599e-09
       318          1952        2.62370862e-04    8.1990894519e-09
       319          1968        2.58696707e-04    8.0842720835e-09
       320          1984        2.57471988e-04    8.0459996274e-09
       321          2016        4.96653507e-04    7.7602110411e-09
       322          2048        4.78021722e-04    7.4690894077e-09
       323          2080        4.68665675e-04    7.3229011736e-09
       324          2112        4.53226190e-04    7.0816592166e-09
       325          2144        4.40085562e-04    6.8763369008e-09
       326          2176        4.23341048e-04    6.6147038811e-09
       327          2208        4.13362603e-04    6.4587906787e-09
       328          2240        4.05110811e-04    6.3298564208e-09
       329          2272        3.94158614e-04    6.1587283486e-09
       330          2304        3.82694445e-04    5.9796007056e-09
       331          2336        3.69844939e-04    5.7788271653e-09
       332          2368        3.62436395e-04    5.6630686709e-09
       333          2400        3.56684233e-04    5.5731911409e-09
       334          2432        3.44597666e-04    5.3843385295e-09
       335          2464        3.33474812e-04    5.2105439337e-09
       336          2496        3.29208374e-04    5.1438808441e-09
       337          2528        3.19159658e-04    4.9868696614e-09
       338          2560        3.14612138e-04    4.9158146507e-09
       339          2592        3.04422880e-04    4.7566075074e-09
       340          2624        3.00056056e-04    4.6883758746e-09
       341          2656        2.90037456e-04    4.5318352549e-09
       342          2688        2.85279123e-04    4.4574863032e-09
       343          2720        2.76635823e-04    4.3224347265e-09
       344          2752        2.69458168e-04    4.2102838818e-09
       345          2784        2.67410278e-04    4.1782855987e-09
       346          2816        2.58014077e-04    4.0314699474e-09
       347          2848        2.52633346e-04    3.9473960275e-09
       348          2880        2.48587759e-04    3.8841837331e-09
       349          2912        2.43829426e-04    3.8098347815e-09
       350          2944        2.40496585e-04    3.7577591445e-09
       351          2976        2.34403108e-04    3.6625485672e-09
       352          3008        2.29504234e-04    3.5860036548e-09
       353          3040        2.24986829e-04    3.5154192071e-09
       354          3072        2.20780624e-04    3.4496972436e-09
       355          3104        2.13432312e-04    3.3348798752e-09
       356          3136        2.08162007e-04    3.2525313528e-09
       357          3168        2.08051581e-04    3.2508059552e-09
       358          3200        1.99629131e-04    3.1192051737e-09
       359          3232        1.95724086e-04    3.0581888400e-09
       360          3264        1.94920992e-04    3.0456404937e-09
       361          3296        1.90975792e-04    2.9839967427e-09
       362          3328        1.87161094e-04    2.9243920979e-09
       363          3360        1.86267652e-04    2.9104320627e-09
       364          3392        1.78628219e-04    2.7910659188e-09
       365          3424        1.76630522e-04    2.7598519074e-09
       366          3456        1.73177217e-04    2.7058940185e-09
       367          3488        1.70868321e-04    2.6698175230e-09
       368          3520        1.66993392e-04    2.6092717522e-09
       369          3552        1.64493762e-04    2.5702150245e-09
       370          3584        1.61964015e-04    2.5306877337e-09
       371          3616        1.58249704e-04    2.4726516322e-09
       372          3648        1.58952412e-04    2.4836314352e-09
       373          3680        1.52577852e-04    2.3840289367e-09
       374          3712        1.51312979e-04    2.3642652913e-09
       375          3744        1.48231105e-04    2.3161110125e-09
       376          3776        1.46644994e-04    2.2913280286e-09
       377          3808        1.44135325e-04    2.2521144465e-09
       378          3840        1.39858848e-04    2.1852945027e-09
       379          3872        1.37359218e-04    2.1462377750e-09
       380          3904        1.35311327e-04    2.1142394919e-09
       381          3936        1.35421753e-04    2.1159648895e-09
       382          3968        1.31064967e-04    2.0478901110e-09
       383          4000        1.29699707e-04    2.0265579224e-09
       384          4032        1.27471121e-04    1.9917362615e-09
       385          4096        2.53346092e-04    1.9792663424e-09
       386          4160        2.42403934e-04    1.8937807334e-09
       387          4224        2.34744423e-04    1.8339408071e-09
       388          4288        2.26000736e-04    1.7656307471e-09
       389          4352        2.22597624e-04    1.7390439386e-09
       390          4416        2.14496412e-04    1.6757532171e-09
       391          4480        2.10802179e-04    1.6468920206e-09
       392          4544        2.02811392e-04    1.5844639979e-09
       393          4608        1.96466948e-04    1.5348980301e-09
       394          4672        1.92873101e-04    1.5068211054e-09
       395          4736        1.86046801e-04    1.4534906337e-09
       396          4800        1.82613574e-04    1.4266685435e-09
       397          4864        1.78557948e-04    1.3949839693e-09
       398          4928        1.75506190e-04    1.3711421113e-09
       399          4992        1.69904608e-04    1.3273797537e-09
       400          5056        1.64604187e-04    1.2859702110e-09
       401          5120        1.59133108e-04    1.2432274065e-09
       402          5184        1.56974792e-04    1.2263655663e-09
       403          5248        1.54806438e-04    1.2094252988e-09
       404          5312        1.50228802e-04    1.1736625119e-09
       405          5376        1.47598668e-04    1.1531145949e-09
       406          5440        1.40601710e-04    1.0984508615e-09
       407          5504        1.38383163e-04    1.0811184582e-09
       408          5568        1.38102080e-04    1.0789224976e-09
       409          5632        1.32219415e-04    1.0329641794e-09
       410          5696        1.30071138e-04    1.0161807663e-09
       411          5760        1.26487330e-04    9.8818226867e-10
       412          5824        1.24499672e-04    9.7265369018e-10
       413          5888        1.22120506e-04    9.5406645223e-10
       414          5952        1.19209290e-04    9.3132257461e-10
       415          6016        1.15113509e-04    8.9932429163e-10
       416          6080        1.12001519e-04    8.7501187074e-10
       417          6144        1.09160574e-04    8.5281698328e-10
       418          6208        1.07976010e-04    8.4356257789e-10
       419          6272        1.06781407e-04    8.3422974536e-10
       420          6336        1.04793749e-04    8.1870116685e-10
       421          6400        1.02986787e-04    8.0458427730e-10
       422          6464        9.87002724e-05    7.7109587820e-10
       423          6528        9.89211233e-05    7.7282127582e-10
       424          6592        9.54878958e-05    7.4599918567e-10
       425          6656        9.41627904e-05    7.3564680000e-10
       426          6720        9.22152871e-05    7.2043193014e-10
       427          6784        8.98361206e-05    7.0184469223e-10
       428          6848        8.79086946e-05    6.8678667670e-10
       429          6912        8.81496229e-05    6.8866892864e-10
       430          6976        8.69650590e-05    6.7941452327e-10
       431          7040        8.21866487e-05    6.4208319312e-10
       432          7104        8.18152177e-05    6.3918138805e-10
       433          7168        8.06708085e-05    6.3024069133e-10
       434          7232        8.04298802e-05    6.2835843939e-10
       435          7296        7.74082385e-05    6.0475186297e-10
       436          7360        7.75889346e-05    6.0616355193e-10
       437          7424        7.46676796e-05    5.8334124716e-10
       438          7488        7.44367901e-05    5.8153742239e-10
       439          7552        7.23587839e-05    5.6530299940e-10
       440          7616        7.19672755e-05    5.6224434000e-10
       441          7680        6.85942800e-05    5.3589281284e-10
       442          7744        6.76205284e-05    5.2828537791e-10
       443          7808        6.87348215e-05    5.3699079314e-10
       444          7872        6.73695614e-05    5.2632469881e-10
       445          7936        6.60043014e-05    5.1565860448e-10
       446          8000        6.41371074e-05    5.0107115194e-10
       447          8064        6.28521568e-05    4.9103247492e-10
       448          8128        6.22096815e-05    4.8601313641e-10
       449          8256        1.22301202e-04    4.7773907059e-10
       450          8384        1.18165267e-04    4.6158307476e-10
       451          8512        1.12453260e-04    4.3927054655e-10
       452          8640        1.11419276e-04    4.3523154759e-10
       453          8768        1.07303419e-04    4.1915397893e-10
       454          8896        1.05857849e-04    4.1350722311e-10
       455          9024        9.99249910e-05    3.9033199610e-10
       456          9152        9.84894602e-05    3.8472445386e-10
       457          9280        9.55682052e-05    3.7331330148e-10
       458          9408        9.31589227e-05    3.6390204179e-10
       459          9536        9.06191374e-05    3.5398100552e-10
       460          9664        8.81697002e-05    3.4441289150e-10
       461          9792        8.48770142e-05    3.3155083659e-10
       462          9920        8.24978477e-05    3.2225721763e-10
       463         10048        8.14437866e-05    3.1813979151e-10
       464         10176        7.91549683e-05    3.0919909479e-10
       465         10304        7.67958792e-05    2.9998390300e-10
       466         10432        7.51093814e-05    2.9339602121e-10
       467         10560        7.27804084e-05    2.8429847016e-10
       468         10688        7.18468114e-05    2.8065160703e-10
       469         10816        6.91966007e-05    2.7029922135e-10
       470         10944        6.78714953e-05    2.6512302851e-10
       471         11072        6.61849976e-05    2.5853514672e-10
       472         11200        6.28923115e-05    2.4567309179e-10
       473         11328        6.35548642e-05    2.4826118821e-10
       474         11456        6.06938412e-05    2.3708531731e-10
       475         11584        5.97903603e-05    2.3355609492e-10
       476         11712        5.79733598e-05    2.2645843656e-10
       477         11840        5.60459338e-05    2.1892942879e-10
       478         11968        5.55339612e-05    2.1692953611e-10
       479         12096        5.45903256e-05    2.1324345939e-10
       480         12224        5.24721648e-05    2.0496939356e-10
       481         12352        5.14281423e-05    2.0089118103e-10
       482         12480        5.07053576e-05    1.9806780311e-10
       483         12608        4.96713739e-05    1.9402880416e-10
       484         12736        4.85269647e-05    1.8955845580e-10
       485         12864        4.66296547e-05    1.8214708878e-10
       486         12992        4.70412405e-05    1.8375484565e-10
       487         13120        4.39794440e-05    1.7179470310e-10
       488         13248        4.53848588e-05    1.7728460460e-10
       489         13376        4.46319580e-05    1.7434358594e-10
       490         13504        4.27246094e-05    1.6689300534e-10
       491         13632        4.19616699e-05    1.6391277310e-10
       492         13760        4.13794267e-05    1.6163838534e-10
       493         13888        3.96126195e-05    1.5473679489e-10
       494         14016        3.94018073e-05    1.5391330967e-10
       495         14144        3.91809564e-05    1.5305061086e-10
       496         14272        3.81570113e-05    1.4905082549e-10
       497         14400        3.83678236e-05    1.4987431071e-10
       498         14528        3.61994693e-05    1.4140417699e-10
       499         14656        3.50952148e-05    1.3709068296e-10
       500         14784        3.52357563e-05    1.3763967311e-10
       501         14912        3.50048668e-05    1.3673776072e-10
       502         15040        3.43925075e-05    1.3434573222e-10
       503         15168        3.39307283e-05    1.3254190745e-10
       504         15296        3.21839985e-05    1.2571874417e-10
       505         15424        3.24349654e-05    1.2669908372e-10
       506         15552        3.10797440e-05    1.2140525014e-10
       507         15680        3.15214458e-05    1.2313064776e-10
       508         15808        2.99353349e-05    1.1693490180e-10
       509         15936        2.97144840e-05    1.1607220299e-10
       510         16064        2.80380249e-05    1.0952353478e-10
       511         16192        2.86303068e-05    1.1183713613e-10
       512         16320        2.80882183e-05    1.0971960269e-10
       513         16576        5.47509444e-05    1.0693543837e-10
       514         16832        5.40984304e-05    1.0566099695e-10
       515         17088        5.17092253e-05    1.0099458068e-10
       516         17344        4.98520701e-05    9.7367324333e-11
       517         17600        4.83864232e-05    9.4504732836e-11
       518         17856        4.72620914e-05    9.2308772241e-11
       519         18112        4.49230796e-05    8.7740389928e-11
       520         18368        4.28651509e-05    8.3720997762e-11
       521         18624        4.21323274e-05    8.2289702016e-11
       522         18880        4.06466032e-05    7.9387896939e-11
       523         19136        4.00543213e-05    7.8231096268e-11
       524         19392        3.84280556e-05    7.5054796119e-11
       525         19648        3.74643426e-05    7.3172544178e-11
       526         19904        3.66010164e-05    7.1486360148e-11
       527         20160        3.63400108e-05    7.0976583582e-11
       528         20416        3.47338225e-05    6.7839497014e-11
       529         20672        3.36094906e-05    6.5643536417e-11
       530         20928        3.37500321e-05    6.5918031491e-11
       531         21184        3.18025288e-05    6.2114314029e-11
       532         21440        3.04473074e-05    5.9467397238e-11
       533         21696        2.90418926e-05    5.6722446492e-11
       534         21952        2.94635170e-05    5.7545931716e-11
       535         22208        2.94233623e-05    5.7467504552e-11
       536         22464        2.76565552e-05    5.4016709327e-11
       537         22720        2.71445826e-05    5.3016762984e-11
       538         22976        2.70943893e-05    5.2918729029e-11
       539         23232        2.43839465e-05    4.7624895447e-11
       540         23488        2.48858803e-05    4.8605234999e-11
       541         23744        2.44843332e-05    4.7820963358e-11
       542         24000        2.41229409e-05    4.7115118880e-11
       543         24256        2.26071006e-05    4.4154493432e-11
       544         24512        2.30889571e-05    4.5095619402e-11
       545         24768        2.22959016e-05    4.3546682910e-11
       546         25024        2.16835424e-05    4.2350668656e-11
       547         25280        2.03182823e-05    3.9684145074e-11
       548         25536        2.05290945e-05    4.0095887686e-11
       549         25792        2.02480115e-05    3.9546897536e-11
       550         26048        2.02680889e-05    3.9586111119e-11
       551         26304        1.87924034e-05    3.6703912836e-11
       552         26560        1.87321713e-05    3.6586272090e-11
       553         26816        1.79591932e-05    3.5076549179e-11
       554         27072        1.85514751e-05    3.6233349850e-11
       555         27328        1.79391158e-05    3.5037335597e-11
       556         27584        1.69553255e-05    3.3115870074e-11
       557         27840        1.71059056e-05    3.3409971941e-11
       558         28096        1.61020379e-05    3.1449292835e-11
       559         28352        1.65437397e-05    3.2311991642e-11
       560         28608        1.59414191e-05    3.1135584179e-11
       561         28864        1.54896786e-05    3.0253278582e-11
       562         29120        1.50981702e-05    2.9488613731e-11
       563         29376        1.40742252e-05    2.7488721045e-11
       564         29632        1.41444959e-05    2.7625968582e-11
       565         29888        1.48572420e-05    2.9018050746e-11
       566         30144        1.36626394e-05    2.6684842612e-11
       567         30400        1.28495066e-05    2.5096692537e-11
       568         30656        1.29800094e-05    2.5351580821e-11
       569         30912        1.26587717e-05    2.4724163507e-11
       570         31168        1.25985397e-05    2.4606522761e-11
       571         31424        1.19159096e-05    2.3273260970e-11
       572         31680        1.20363737e-05    2.3508542462e-11
       573         31936        1.25282689e-05    2.4469275223e-11
       574         32192        1.23977661e-05    2.4214386940e-11
       575         32448        1.08819259e-05    2.1253761491e-11
       576         32704        1.13437050e-05    2.2155673880e-11
       577         33216        2.14928075e-05    2.0989069813e-11
       578         33728        2.05190558e-05    2.0038140448e-11
       579         34240        2.13121113e-05    2.0812608694e-11
       580         34752        2.00773540e-05    1.9606791045e-11
       581         35264        1.88827515e-05    1.8440186978e-11
       582         35776        1.86418232e-05    1.8204905484e-11
       583         36288        1.80093866e-05    1.7587291567e-11
       584         36800        1.72062924e-05    1.6803019925e-11
       585         37312        1.66541652e-05    1.6263833171e-11
       586         37824        1.56302201e-05    1.5263886828e-11
       587         38336        1.52286730e-05    1.4871751007e-11
       588         38848        1.53190211e-05    1.4959981567e-11
       589         39360        1.41143799e-05    1.3783574104e-11
       590         39872        1.40139931e-05    1.3685540149e-11
       591         40384        1.35823300e-05    1.3263994141e-11
       592         40896        1.31607056e-05    1.2852251529e-11
       593         41408        1.28294292e-05    1.2528739477e-11
       594         41920        1.24780755e-05    1.2185620634e-11
       595         42432        1.16147493e-05    1.1342528619e-11
       596         42944        1.17954455e-05    1.1518989739e-11
       597         43456        1.17653295e-05    1.1489579552e-11
       598         43968        1.09722740e-05    1.0715111306e-11
       599         44480        1.06008429e-05    1.0352385671e-11
       600         44992        9.81782612e-06    9.5877208207e-12
       601         45504        9.70740067e-06    9.4798834702e-12
       602         46016        9.41627904e-06    9.1955850001e-12
       603         46528        9.66724597e-06    9.4406698879e-12
       604         47040        9.12515741e-06    8.9112865300e-12
       605         47552        8.51279811e-06    8.3132794033e-12
       606         48064        8.29194721e-06    8.0976047015e-12
       607         48576        8.28190854e-06    8.0878013056e-12
       608         49088        8.04098029e-06    7.8525198135e-12
       609         49600        7.80005204e-06    7.6172383208e-12
       610         50112        7.70970395e-06    7.5290077610e-12
       611         50624        7.28807951e-06    7.1172651491e-12
       612         51136        7.28807951e-06    7.1172651491e-12
       613         51648        7.46877570e-06    7.2937262686e-12
       614         52160        6.73595228e-06    6.5780783954e-12
       615         52672        6.44483064e-06    6.2937799253e-12
       616         53184        6.50506271e-06    6.3526002984e-12
       617         53696        6.19386372e-06    6.0486950372e-12
       618         54208        5.90274208e-06    5.7643965671e-12
       619         54720        6.28421181e-06    6.1369255970e-12
       620         55232        5.96297415e-06    5.8232169402e-12
       621         55744        5.75216193e-06    5.6173456343e-12
       622         56256        5.44096294e-06    5.3134403730e-12
       623         56768        5.40080823e-06    5.2742267910e-12
       624         57280        4.84868100e-06    4.7350400372e-12
       625         57792        5.25022808e-06    5.1271758581e-12
       626         58304        5.09964792e-06    4.9801249253e-12
       627         58816        4.92899041e-06    4.8134672013e-12
       628         59328        4.75833291e-06    4.6468094775e-12
       629         59840        4.75833290e-06    4.6468094775e-12
       630         60352        4.61779143e-06    4.5095619402e-12
       631         60864        4.31663112e-06    4.2154600744e-12
       632         61376        4.56759804e-06    4.4605449626e-12
       633         61888        4.61779143e-06    4.5095619402e-12
       634         62400        4.00543213e-06    3.9115548133e-12
       635         62912        4.35678582e-06    4.2546736566e-12
       636         63424        4.12589625e-06    4.0291955596e-12
       637         63936        3.76450388e-06    3.6762733208e-12
       638         64448        3.64403976e-06    3.5586325745e-12
       639         64960        3.71431050e-06    3.6272563432e-12
       640         65472        3.86489065e-06    3.7743072760e-12
       641         66496        7.56916247e-06    3.6958801119e-12
       642         67520        6.81626169e-06    3.3282527798e-12
       643         68544        6.62552683e-06    3.2351205223e-12
       644         69568        6.93672582e-06    3.3870731529e-12
       645         70592        5.97301282e-06    2.9165101679e-12
       646         71616        5.49115633e-06    2.6812286753e-12
       647         72640        5.69192987e-06    2.7792626305e-12
       648         73664        5.56142707e-06    2.7155405597e-12
       649         74688        4.94906777e-06    2.4165369963e-12
       650         75712        4.76837158e-06    2.3283064366e-12
       651         76736        5.04945454e-06    2.4655539739e-12
       652         77760        4.55755936e-06    2.2253707836e-12
       653         78784        4.51740466e-06    2.2057639925e-12
       654         79808        4.27647641e-06    2.0881232462e-12
       655         80832        4.07570287e-06    1.9900892911e-12
       656         81856        3.72434917e-06    1.8185298694e-12
       657         82880        3.81469727e-06    1.8626451493e-12
       658         83904        3.83477462e-06    1.8724485448e-12
       659         84928        3.27260871e-06    1.5979534702e-12
       660         85952        3.68419446e-06    1.7989230784e-12
       661         86976        3.31276341e-06    1.6175602612e-12
       662         88000        3.34287945e-06    1.6322653546e-12
       663         89024        3.10195120e-06    1.5146246082e-12
       664         90048        2.77067486e-06    1.3528685821e-12
       665         91072        2.84094560e-06    1.3871804664e-12
       666         92096        2.90117766e-06    1.4165906530e-12
       667         93120        3.14210591e-06    1.5342313993e-12
       668         94144        2.92125501e-06    1.4263940485e-12
       669         95168        2.30889571e-06    1.1273904851e-12
       670         96192        2.52974661e-06    1.2352278358e-12
       671         97216        2.33901174e-06    1.1420955784e-12
       672         98240        2.27877968e-06    1.1126853918e-12
       673         99264        2.44943719e-06    1.1960142537e-12
       674        100288        2.13823820e-06    1.0440616231e-12
       675        101312        2.16835424e-06    1.0587667164e-12
       676        102336        2.31893439e-06    1.1322921828e-12
       677        103360        2.10812217e-06    1.0293565298e-12
       678        104384        2.08804482e-06    1.0195531343e-12
       679        105408        1.81700054e-06    8.8720729476e-13
       680        106432        1.98765805e-06    9.7053615671e-13
       681        107456        2.04789011e-06    9.9994634328e-13
       682        108480        1.91738731e-06    9.3622427239e-13
       683        109504        1.87723260e-06    9.1661748134e-13
       684        110528        1.87723260e-06    9.1661748135e-13
       685        111552        1.85715525e-06    9.0681408581e-13
       686        112576        1.75676848e-06    8.5779710819e-13
       687        113600        1.83707789e-06    8.9701069030e-13
       688        114624        1.60618832e-06    7.8427164177e-13
       689        115648        1.59614965e-06    7.7936994402e-13
       690        116672        1.30502801e-06    6.3722070894e-13
       691        117696        1.55599494e-06    7.5976315296e-13
       692        118720        1.36526007e-06    6.6663089552e-13
       693        119744        1.53591758e-06    7.4995975746e-13
       694        120768        1.44556949e-06    7.0584447760e-13
       695        121792        1.56603361e-06    7.6466485075e-13
       696        122816        1.20464124e-06    5.8820373132e-13
       697        123840        1.35522140e-06    6.6172919775e-13
       698        124864        1.44556949e-06    7.0584447760e-13
       699        125888        1.10425447e-06    5.3918675372e-13
       700        126912        1.14440918e-06    5.5879354476e-13
       701        127936        1.14440918e-06    5.5879354477e-13
       702        128960        1.28495066e-06    6.2741731342e-13
       703        129984        1.09421579e-06    5.3428505597e-13
       704        131008        1.13437050e-06    5.5389184701e-13
       705        133056        2.27877968e-06    5.5634269589e-13
       706        135104        2.14827688e-06    5.2448166045e-13
       707        137152        2.39924381e-06    5.8575288246e-13
       708        139200        2.10812217e-06    5.1467826492e-13
       709        141248        1.90734863e-06    4.6566128731e-13
       710        143296        1.97761937e-06    4.8281722948e-13
       711        145344        2.18843159e-06    5.3428505598e-13
       712        147392        2.42935984e-06    5.9310542911e-13
       713        149440        1.92742599e-06    4.7056298509e-13
       714        151488        2.07800614e-06    5.0732571830e-13
       715        153536        1.80696186e-06    4.4115279851e-13
       716        155584        1.94750334e-06    4.7546468284e-13
       717        157632        1.61622700e-06    3.9458666979e-13
       718        159680        1.65638171e-06    4.0439006530e-13
       719        161728        2.08804482e-06    5.0977656714e-13
       720        163776        1.92742599e-06    4.7056298507e-13
       721        165824        2.01777408e-06    4.9262062500e-13
       722        167872        2.02781276e-06    4.9507147388e-13
       723        169920        1.83707789e-06    4.4850534515e-13
       724        171968        2.02781276e-06    4.9507147388e-13
       725        174016        1.94750334e-06    4.7546468283e-13
       726        176064        2.00773540e-06    4.9016977612e-13
       727        178112        2.08804482e-06    5.0977656716e-13
       728        180160        1.69653642e-06    4.1419346083e-13
       729        182208        2.08804482e-06    5.0977656716e-13
       730        184256        1.83707789e-06    4.4850534515e-13
       731        186304        2.18843159e-06    5.3428505597e-13
       732        188352        2.09808350e-06    5.1222741606e-13
       733        190400        2.08804482e-06    5.0977656716e-13
       734        192448        2.17839291e-06    5.3183420707e-13
       735        194496        2.17839291e-06    5.3183420709e-13
       736        196544        2.13823820e-06    5.2203081157e-13
       737        198592        2.23862497e-06    5.4653930037e-13
       738        200640        2.23862497e-06    5.4653930037e-13
       739        202688        2.40928248e-06    5.8820373134e-13
       740        204736        2.22858630e-06    5.4408845147e-13
       741        206784        2.24866365e-06    5.4899014925e-13
       742        208832        2.42935984e-06    5.9310542910e-13
       743        210880        2.52974661e-06    6.1761391789e-13
       744        212928        2.33901174e-06    5.7104778918e-13
       745        214976        2.78071353e-06    6.7888513992e-13
       746        217024        2.51970793e-06    6.1516306901e-13
       747        219072        2.65021073e-06    6.4702410447e-13
       748        221120        2.61005602e-06    6.3722070894e-13
       749        223168        2.87106163e-06    7.0094277984e-13
       750        225216        2.82086824e-06    6.8868853543e-13
       751        227264        3.04171914e-06    7.4260721082e-13
       752        229312        2.63013338e-06    6.4212240670e-13
       753        231360        2.98148707e-06    7.2790211752e-13
       754        233408        3.09191252e-06    7.5486145521e-13
       755        235456        3.08187384e-06    7.5241060632e-13
       756        237504        3.03168046e-06    7.4015636192e-13
       757        239552        3.41315019e-06    8.3328861937e-13
       758        241600        2.82086824e-06    6.8868853544e-13
       759        243648        3.28264738e-06    8.0142758394e-13
       760        245696        3.15214458e-06    7.6956654848e-13
       761        247744        3.24249268e-06    7.9162418840e-13
       762        249792        3.78458123e-06    9.2397002799e-13
       763        251840        3.44326622e-06    8.4064116601e-13
       764        253888        3.77454256e-06    9.2151917906e-13
       765        255936        3.71431050e-06    9.0681408582e-13
       766        257984        3.95523874e-06    9.6563445893e-13
       767        260032        4.06566419e-06    9.9259379660e-13
       768        262080        3.86489065e-06    9.4357681901e-13
       769        266176        7.67958792e-06    9.3744969676e-13
       770        270272        8.76376503e-06    1.0697955363e-12
       771        274368        9.07496402e-06    1.1077836939e-12
       772        278464        9.04484799e-06    1.1041074206e-12
       773        282560        9.25566021e-06    1.1298413338e-12
       774        286656        9.77767141e-06    1.1935634048e-12
       775        290752        1.03197600e-05    1.2597363245e-12
       776        294848        1.13637824e-05    1.3871804663e-12
       777        298944        1.13938984e-05    1.3908567397e-12
       778        303040        1.18857936e-05    1.4509025373e-12
       779        307136        1.23877274e-05    1.5121737593e-12
       780        311232        1.28394679e-05    1.5673178591e-12
       781        315328        1.33815565e-05    1.6334907789e-12
       782        319424        1.42248053e-05    1.7364264319e-12
       783        323520        1.44155402e-05    1.7597094963e-12
       784        327616        1.49676674e-05    1.8271078405e-12
       785        331712        1.51082089e-05    1.8442637826e-12
       786        335808        1.54194079e-05    1.8822519403e-12
       787        339904        1.61522313e-05    1.9717079244e-12
       788        344000        1.77182649e-05    2.1628741371e-12
       789        348096        1.70657509e-05    2.0832215485e-12
       790        352192        1.78889224e-05    2.1837063526e-12
       791        356288        1.68449000e-05    2.0562622108e-12
       792        360384        1.89530222e-05    2.3136013433e-12
       793        364480        1.91638344e-05    2.3393352565e-12
       794        368576        1.92441438e-05    2.3491386520e-12
       795        372672        2.09005255e-05    2.5513336847e-12
       796        376768        2.03082436e-05    2.4790336427e-12
       797        380864        2.23561337e-05    2.7290202286e-12
       798        384960        2.19545866e-05    2.6800032509e-12
       799        389056        2.21051668e-05    2.6983846175e-12
       800        393152        2.32094213e-05    2.8331813059e-12
       801        397248        2.39322060e-05    2.9214118657e-12
       802        401344        2.28078742e-05    2.7841643284e-12
       803        405440        2.43638691e-05    2.9741051166e-12
       804        409536        2.41731343e-05    2.9508220522e-12
       805        413632        2.51268086e-05    3.0672373741e-12
       806        417728        2.56688971e-05    3.1334102939e-12
       807        421824        2.60102121e-05    3.1750747249e-12
       808        425920        2.65723781e-05    3.2436984934e-12
       809        430016        2.71345440e-05    3.3123222622e-12
       810        434112        2.63314498e-05    3.2142883068e-12
       811        438208        2.77770193e-05    3.3907494262e-12
       812        442304        2.84194946e-05    3.4691765905e-12
       813        446400        2.74457430e-05    3.3503104197e-12
       814        450496        2.74256656e-05    3.3478595709e-12
       815        454592        2.82789532e-05    3.4520206482e-12
       816        458688        2.78272127e-05    3.3968765484e-12
       817        462784        2.80982570e-05    3.4299630084e-12
       818        466880        2.80781796e-05    3.4275121595e-12
       819        470976        2.84897654e-05    3.4777545615e-12
       820        475072        2.76866712e-05    3.3797206063e-12
       821        479168        2.68333837e-05    3.2755595289e-12
       822        483264        2.71044279e-05    3.3086459888e-12
       823        487360        2.68534610e-05    3.2780103778e-12
       824        491456        2.63816432e-05    3.2204154291e-12
       825        495552        2.51569246e-05    3.0709136474e-12
       826        499648        2.38719739e-05    2.9140593190e-12
       827        503744        2.54380076e-05    3.1052255317e-12
       828        507840        2.32194599e-05    2.8344067304e-12
       829        511936        2.27777581e-05    2.7804880551e-12
       830        516032        2.16032329e-05    2.6371133956e-12
       831        520128        2.11816085e-05    2.5856455690e-12
       832        524224        2.08904869e-05    2.5501082603e-12
       833        532416        4.07068353e-05    2.4845480527e-12
       834        540608        3.69925248e-05    2.2578445312e-12
       835        548800        3.41114245e-05    2.0819961240e-12
       836        556992        3.12805176e-05    1.9092112779e-12
       837        565184        2.83994173e-05    1.7333628708e-12
       838        573376        2.70843506e-05    1.6530975699e-12
       839        581568        2.40325928e-05    1.4668330550e-12
       840        589760        2.00572767e-05    1.2241990157e-12
       841        597952        1.89630609e-05    1.1574133838e-12
       842        606144        1.70757896e-05    1.0422234863e-12
       843        614336        1.51784796e-05    9.2642087678e-13
       844        622528        1.26989264e-05    7.7508095846e-13
       845        630720        1.17050974e-05    7.1442244866e-13
       846        638912        1.02595279e-05    6.2619188897e-13
       847        647104        8.69349429e-06    5.3060878264e-13
       848        655296        7.95063220e-06    4.8526807835e-13
       849        663488        6.31432784e-06    3.8539598647e-13
       850        671680        5.90274208e-06    3.6027478544e-13
       851        679872        4.91895174e-06    3.0022898788e-13
       852        688064        4.40697921e-06    2.6898066465e-13
       853        696256        3.37299548e-06    2.0587130597e-13
       854        704448        3.14210591e-06    1.9177892491e-13
       855        712640        2.47955322e-06    1.5133991837e-13
       856        720832        1.97761937e-06    1.2070430735e-13
       857        729024        1.65638171e-06    1.0109751632e-13
       858        737216        1.41545346e-06    8.6392423031e-14
       859        745408        1.11429315e-06    6.8011056423e-14
       860        753600        9.83790347e-07    6.0045797565e-14
       861        761792        7.12746068e-07    4.3502567623e-14
       862        769984        6.32436652e-07    3.8600869864e-14
       863        778176        3.41315019e-07    2.0832215483e-14
       864        786368        3.41315019e-07    2.0832215482e-14
       865        794560        1.50580155e-07    9.1906833014e-15
       866        802752        2.40928248e-07    1.4705093282e-14
       867        810944        1.10425447e-07    6.7398344209e-15
       868        819136        1.30502801e-07    7.9652588611e-15
       869        827328        1.00386770e-07    6.1271222011e-15
       870        835520        3.01160310e-08    1.8381366603e-15
       871        843712        4.01547081e-08    2.4508488802e-15
       872        851904        1.00386770e-08    6.1271222011e-16
       873        860096        1.00386770e-08    6.1271222011e-16
       874        868288        0.00000000e+00    0.0000000000e+00
       875        876480        1.00386770e-08    6.1271222011e-16
       876        884672        1.00386770e-08    6.1271222011e-16
       877        892864        1.00386770e-08    6.1271222011e-16
