         2             2        3.82776970e+03    3.7380563497e-01
         3             3        5.57631741e+02    5.4456224680e-02
         4             4        1.87405640e+02    1.8301331997e-02
         5             5        8.42185107e+01    8.2244639397e-03
         6             6        4.14519385e+01    4.0480408669e-03
         7             7        2.52972754e+01    2.4704370498e-03
         8             8        1.69603345e+01    1.6562826633e-03
         9             9        1.13933887e+01    1.1126356125e-03
        10            10        8.40442627e+00    8.2074475288e-04
        11            11        6.39427246e+00    6.2444067001e-04
        12            12        4.95360352e+00    4.8375034333e-04
        13            13        3.96812744e+00    3.8751244545e-04
        14            14        3.25406982e+00    3.1778025627e-04
        15            15        2.69148926e+00    2.6284074784e-04
        16            16        2.27872803e+00    2.2253203392e-04
        17            17        1.94590088e+00    1.9002938271e-04
        18            18        1.68070313e+00    1.6413116455e-04
        19            19        1.46695801e+00    1.4325761795e-04
        20            20        1.29149902e+00    1.2612295151e-04
        21            21        1.14410645e+00    1.1172914505e-04
        22            22        1.02223633e+00    9.9827766414e-05
        23            23        9.20664063e-01    8.9908599853e-05
        24            24        8.31274414e-01    8.1179141999e-05
        25            25        7.54064941e-01    7.3639154434e-05
        26            26        6.89799805e-01    6.7363262176e-05
        27            27        6.28916016e-01    6.1417579651e-05
        28            28        5.79335937e-01    5.6575775146e-05
        29            29        5.33574219e-01    5.2106857299e-05
        30            30        4.94648438e-01    4.8305511475e-05
        31            31        4.60373535e-01    4.4958353042e-05
        32            32        4.27705078e-01    4.1768074036e-05
        33            33        3.99433594e-01    3.9007186890e-05
        34            34        3.75209961e-01    3.6641597747e-05
        35            35        3.51201172e-01    3.4296989441e-05
        36            36        3.32106934e-01    3.2432317734e-05
        37            37        3.09309082e-01    3.0205965042e-05
        38            38        2.92136230e-01    2.8528928757e-05
        39            39        2.76997070e-01    2.7050495147e-05
        40            40        2.63027344e-01    2.5686264038e-05
        41            41        2.49147949e-01    2.4330854416e-05
        42            42        2.37116699e-01    2.3155927658e-05
        43            43        2.25588379e-01    2.2030115128e-05
        44            44        2.15192871e-01    2.1014928818e-05
        45            45        2.05393066e-01    2.0057916641e-05
        46            46        1.96560059e-01    1.9195318222e-05
        47            47        1.86918945e-01    1.8253803253e-05
        48            48        1.78803711e-01    1.7461299896e-05
        49            49        1.72626953e-01    1.6858100891e-05
        50            50        1.64938965e-01    1.6107320786e-05
        51            51        1.58920898e-01    1.5519618988e-05
        52            52        1.52028809e-01    1.4846563339e-05
        53            53        1.45969238e-01    1.4254808426e-05
        54            54        1.40141602e-01    1.3685703277e-05
        55            55        1.36745605e-01    1.3354063034e-05
        56            56        1.31477051e-01    1.2839555740e-05
        57            57        1.25632324e-01    1.2268781662e-05
        58            58        1.22656250e-01    1.1978149414e-05
        59            59        1.18376465e-01    1.1560201646e-05
        60            60        1.14045410e-01    1.1137247085e-05
        61            61        1.10439453e-01    1.0785102844e-05
        62            62        1.06821289e-01    1.0431766510e-05
        63            63        1.03303223e-01    1.0088205337e-05
        64            64        1.00273438e-01    9.7923278811e-06
        65            66        1.91064453e-01    9.3293190002e-06
        66            68        1.80830078e-01    8.8295936585e-06
        67            70        1.70043945e-01    8.3029270172e-06
        68            72        1.61215820e-01    7.8718662262e-06
        69            74        1.53039551e-01    7.4726343154e-06
        70            76        1.46152344e-01    7.1363449097e-06
        71            78        1.37697754e-01    6.7235231400e-06
        72            80        1.31591797e-01    6.4253807068e-06
        73            82        1.25278320e-01    6.1171054840e-06
        74            84        1.20051270e-01    5.8618783950e-06
        75            86        1.14248047e-01    5.5785179138e-06
        76            88        1.09645996e-01    5.3538084030e-06
        77            90        1.04611816e-01    5.1079988480e-06
        78            92        1.00905762e-01    4.9270391464e-06
        79            94        9.71166992e-02    4.7420263291e-06
        80            96        9.33105469e-02    4.5561790466e-06
        81            98        8.97094727e-02    4.3803453446e-06
        82           100        8.69458008e-02    4.2454004288e-06
        83           102        8.36328125e-02    4.0836334229e-06
        84           104        8.00561523e-02    3.9089918136e-06
        85           106        7.71704102e-02    3.7680864334e-06
        86           108        7.56372070e-02    3.6932229996e-06
        87           110        7.24340820e-02    3.5368204117e-06
        88           112        7.05346680e-02    3.4440755844e-06
        89           114        6.86767578e-02    3.3533573151e-06
        90           116        6.61376953e-02    3.2293796539e-06
        91           118        6.36962891e-02    3.1101703644e-06
        92           120        6.29858398e-02    3.0754804611e-06
        93           122        6.02490234e-02    2.9418468475e-06
        94           124        5.87036133e-02    2.8663873672e-06
        95           126        5.66406250e-02    2.7656555176e-06
        96           128        5.54370117e-02    2.7068853378e-06
        97           130        5.31738281e-02    2.5963783264e-06
        98           132        5.30664062e-02    2.5911331177e-06
        99           134        5.04931641e-02    2.4654865265e-06
       100           136        4.95190430e-02    2.4179220200e-06
       101           138        4.81713867e-02    2.3521184921e-06
       102           140        4.70141602e-02    2.2956132889e-06
       103           142        4.64331055e-02    2.2672414779e-06
       104           144        4.43579102e-02    2.1659135819e-06
       105           146        4.39916992e-02    2.1480321884e-06
       106           148        4.29492187e-02    2.0971298218e-06
       107           150        4.19018555e-02    2.0459890366e-06
       108           152        4.05883789e-02    1.9818544388e-06
       109           154        3.98461914e-02    1.9456148147e-06
       110           156        3.92822266e-02    1.9180774688e-06
       111           158        3.89404297e-02    1.9013881683e-06
       112           160        3.69946289e-02    1.8063783645e-06
       113           162        3.61499023e-02    1.7651319504e-06
       114           164        3.59008789e-02    1.7529726028e-06
       115           166        3.52197266e-02    1.7197132111e-06
       116           168        3.40258789e-02    1.6614198685e-06
       117           170        3.35571289e-02    1.6385316849e-06
       118           172        3.26025391e-02    1.5919208527e-06
       119           174        3.25683594e-02    1.5902519226e-06
       120           176        3.20092773e-02    1.5629529953e-06
       121           178        3.11376953e-02    1.5203952790e-06
       122           180        3.09619141e-02    1.5118122101e-06
       123           182        2.94750977e-02    1.4392137528e-06
       124           184        2.94262695e-02    1.4368295670e-06
       125           186        2.88598633e-02    1.4091730118e-06
       126           188        2.83984375e-02    1.3866424561e-06
       127           190        2.79394531e-02    1.3642311096e-06
       128           192        2.77880859e-02    1.3568401336e-06
       129           196        5.36962891e-02    1.3109445572e-06
       130           200        5.10571289e-02    1.2465119362e-06
       131           204        5.00854492e-02    1.2227892876e-06
       132           208        4.85571289e-02    1.1854767799e-06
       133           212        4.70971680e-02    1.1498332024e-06
       134           216        4.56323242e-02    1.1140704155e-06
       135           220        4.43041992e-02    1.0816454888e-06
       136           224        4.24584961e-02    1.0365843773e-06
       137           228        4.12084961e-02    1.0060667992e-06
       138           232        4.05615234e-02    9.9027156830e-07
       139           236        3.92333984e-02    9.5784664158e-07
       140           240        3.84008789e-02    9.3752145767e-07
       141           244        3.73999023e-02    9.1308355332e-07
       142           248        3.59521484e-02    8.7773799898e-07
       143           252        3.57348633e-02    8.7243318559e-07
       144           256        3.43261719e-02    8.3804130554e-07
       145           260        3.28808594e-02    8.0275535583e-07
       146           264        3.18066406e-02    7.7652931213e-07
       147           268        3.24267578e-02    7.9166889191e-07
       148           272        3.13208008e-02    7.6466798782e-07
       149           276        3.03369141e-02    7.4064731597e-07
       150           280        2.96362305e-02    7.2354078293e-07
       151           284        2.88183594e-02    7.0357322692e-07
       152           288        2.84765625e-02    6.9522857666e-07
       153           292        2.75122070e-02    6.7168474198e-07
       154           296        2.69042969e-02    6.5684318542e-07
       155           300        2.63891602e-02    6.4426660538e-07
       156           304        2.63208008e-02    6.4259767533e-07
       157           308        2.51562500e-02    6.1416625977e-07
       158           312        2.49536133e-02    6.0921907425e-07
       159           316        2.44189453e-02    5.9616565704e-07
       160           320        2.38745117e-02    5.8287382126e-07
       161           324        2.32495117e-02    5.6761503220e-07
       162           328        2.29541016e-02    5.6040287018e-07
       163           332        2.26489258e-02    5.5295228958e-07
       164           336        2.20312500e-02    5.3787231446e-07
       165           340        2.15966797e-02    5.2726268768e-07
       166           344        2.20385742e-02    5.3805112839e-07
       167           348        2.11010742e-02    5.1516294479e-07
       168           352        2.06567383e-02    5.0431489944e-07
       169           356        2.04077148e-02    4.9823522568e-07
       170           360        1.97241211e-02    4.8154592514e-07
       171           364        1.92285156e-02    4.6944618225e-07
       172           368        1.90014648e-02    4.6390295029e-07
       173           372        1.90209961e-02    4.6437978744e-07
       174           376        1.87548828e-02    4.5788288116e-07
       175           380        1.82055664e-02    4.4447183609e-07
       176           384        1.80834961e-02    4.4149160385e-07
       177           388        1.76245117e-02    4.3028593064e-07
       178           392        1.74340820e-02    4.2563676835e-07
       179           396        1.70483398e-02    4.1621923447e-07
       180           400        1.70678711e-02    4.1669607162e-07
       181           404        1.64404297e-02    4.0137767792e-07
       182           408        1.59643555e-02    3.8975477219e-07
       183           412        1.57885742e-02    3.8546323776e-07
       184           416        1.57690430e-02    3.8498640061e-07
       185           420        1.56323242e-02    3.8164854050e-07
       186           424        1.52587891e-02    3.7252902985e-07
       187           428        1.51416016e-02    3.6966800690e-07
       188           432        1.50854492e-02    3.6829710007e-07
       189           436        1.50341797e-02    3.6704540253e-07
       190           440        1.43261719e-02    3.4976005555e-07
       191           444        1.40698242e-02    3.4350156784e-07
       192           448        1.42333984e-02    3.4749507904e-07
       193           456        2.77880859e-02    3.3921003341e-07
       194           464        2.69726562e-02    3.2925605774e-07
       195           472        2.63916016e-02    3.2216310502e-07
       196           480        2.56494141e-02    3.1310319900e-07
       197           488        2.54565430e-02    3.1074881553e-07
       198           496        2.42553711e-02    2.9608607292e-07
       199           504        2.37695312e-02    2.9015541076e-07
       200           512        2.30371094e-02    2.8121471406e-07
       201           520        2.32104492e-02    2.8333067894e-07
       202           528        2.20092773e-02    2.6866793633e-07
       203           536        2.20019531e-02    2.6857852936e-07
       204           544        2.09545898e-02    2.5579333306e-07
       205           552        2.08666992e-02    2.5472044945e-07
       206           560        2.04028320e-02    2.4905800820e-07
       207           568        1.99975586e-02    2.4411082268e-07
       208           576        1.92138672e-02    2.3454427719e-07
       209           584        1.89453125e-02    2.3126602173e-07
       210           592        1.84619141e-02    2.2536516190e-07
       211           600        1.80444336e-02    2.2026896477e-07
       212           608        1.80712891e-02    2.2059679031e-07
       213           616        1.74804687e-02    2.1338462830e-07
       214           624        1.67797852e-02    2.0483136177e-07
       215           632        1.63671875e-02    1.9979476929e-07
       216           640        1.62646484e-02    1.9854307175e-07
       217           648        1.58081055e-02    1.9297003746e-07
       218           656        1.55859375e-02    1.9025802613e-07
       219           664        1.54956055e-02    1.8915534019e-07
       220           672        1.53051758e-02    1.8683075905e-07
       221           680        1.48364258e-02    1.8110871315e-07
       222           688        1.48071289e-02    1.8075108528e-07
       223           696        1.43310547e-02    1.7493963241e-07
       224           704        1.38769531e-02    1.6939640045e-07
       225           712        1.42529297e-02    1.7398595810e-07
       226           720        1.36889648e-02    1.6710162162e-07
       227           728        1.38330078e-02    1.6885995865e-07
       228           736        1.32177734e-02    1.6134977341e-07
       229           744        1.29956055e-02    1.5863776207e-07
       230           752        1.30395508e-02    1.5917420387e-07
       231           760        1.24902344e-02    1.5246868134e-07
       232           768        1.27221680e-02    1.5529990196e-07
       233           776        1.22460937e-02    1.4948844909e-07
       234           784        1.22216797e-02    1.4919042588e-07
       235           792        1.17333984e-02    1.4322996140e-07
       236           800        1.14794922e-02    1.4013051987e-07
       237           808        1.14062500e-02    1.3923645019e-07
       238           816        1.12744141e-02    1.3762712478e-07
       239           824        1.10546875e-02    1.3494491577e-07
       240           832        1.08911133e-02    1.3294816017e-07
       241           840        1.09985352e-02    1.3425946236e-07
       242           848        1.09960937e-02    1.3422966004e-07
       243           856        1.05810547e-02    1.2916326523e-07
       244           864        1.04589844e-02    1.2767314911e-07
       245           872        1.02905273e-02    1.2561678887e-07
       246           880        1.03417969e-02    1.2624263764e-07
       247           888        1.00439453e-02    1.2260675431e-07
       248           896        9.92431641e-03    1.2114644051e-07
       249           904        9.43359375e-03    1.1515617371e-07
       250           912        9.55322266e-03    1.1661648750e-07
       251           920        9.41894531e-03    1.1497735977e-07
       252           928        9.37255859e-03    1.1441111565e-07
       253           936        9.56542969e-03    1.1676549912e-07
       254           944        9.12109375e-03    1.1134147645e-07
       255           952        8.89892578e-03    1.0862946511e-07
       256           960        9.16503906e-03    1.1187791824e-07
       257           976        1.76586914e-02    1.0778009892e-07
       258           992        1.75048828e-02    1.0684132576e-07
       259          1008        1.70239258e-02    1.0390579700e-07
       260          1024        1.67871094e-02    1.0246038437e-07
       261          1040        1.63647461e-02    9.9882483482e-08
       262          1056        1.59716797e-02    9.7483396534e-08
       263          1072        1.58251953e-02    9.6589326860e-08
       264          1088        1.58496094e-02    9.6738338471e-08
       265          1104        1.53759766e-02    9.3847513198e-08
       266          1120        1.52148438e-02    9.2864036558e-08
       267          1136        1.52929688e-02    9.3340873719e-08
       268          1152        1.48803711e-02    9.0822577478e-08
       269          1168        1.47338867e-02    8.9928507802e-08
       270          1184        1.47143555e-02    8.9809298515e-08
       271          1200        1.45214844e-02    8.8632106779e-08
       272          1216        1.42773437e-02    8.7141990662e-08
       273          1232        1.39746094e-02    8.5294246674e-08
       274          1248        1.38427734e-02    8.4489583969e-08
       275          1264        1.37597656e-02    8.3982944488e-08
       276          1280        1.40209961e-02    8.5577368735e-08
       277          1296        1.42626953e-02    8.7052583693e-08
       278          1312        1.37817383e-02    8.4117054937e-08
       279          1328        1.40380859e-02    8.5681676863e-08
       280          1344        1.40722656e-02    8.5890293123e-08
       281          1360        1.36181641e-02    8.3118677138e-08
       282          1376        1.39550781e-02    8.5175037384e-08
       283          1392        1.37231445e-02    8.3759427070e-08
       284          1408        1.35839844e-02    8.2910060882e-08
       285          1424        1.35766602e-02    8.2865357399e-08
       286          1440        1.36987305e-02    8.3610415458e-08
       287          1456        1.34594727e-02    8.2150101661e-08
       288          1472        1.32910156e-02    8.1121921539e-08
       289          1488        1.33666992e-02    8.1583857536e-08
       290          1504        1.32836914e-02    8.1077218056e-08
       291          1520        1.35327148e-02    8.2597136497e-08
       292          1536        1.35815430e-02    8.2895159722e-08
       293          1552        1.36035156e-02    8.3029270172e-08
       294          1568        1.32543945e-02    8.0898404120e-08
       295          1584        1.34814453e-02    8.2284212112e-08
       296          1600        1.36572266e-02    8.3357095718e-08
       297          1616        1.34521484e-02    8.2105398177e-08
       298          1632        1.32788086e-02    8.1047415733e-08
       299          1648        1.32543945e-02    8.0898404120e-08
       300          1664        1.33178711e-02    8.1285834313e-08
       301          1680        1.34301758e-02    8.1971287728e-08
       302          1696        1.36425781e-02    8.3267688752e-08
       303          1712        1.37524414e-02    8.3938241005e-08
       304          1728        1.33081055e-02    8.1226229667e-08
       305          1744        1.35351562e-02    8.2612037659e-08
       306          1760        1.34887695e-02    8.2328915595e-08
       307          1776        1.35620117e-02    8.2775950431e-08
       308          1792        1.36035156e-02    8.3029270171e-08
       309          1808        1.33715820e-02    8.1613659858e-08
       310          1824        1.35888672e-02    8.2939863205e-08
       311          1840        1.33618164e-02    8.1554055214e-08
       312          1856        1.34448242e-02    8.2060694695e-08
       313          1872        1.34228516e-02    8.1926584244e-08
       314          1888        1.35302734e-02    8.2582235337e-08
       315          1904        1.36889648e-02    8.3550810813e-08
       316          1920        1.30712891e-02    7.9780817031e-08
       317          1936        1.31494141e-02    8.0257654189e-08
       318          1952        1.34228516e-02    8.1926584243e-08
       319          1968        1.34545898e-02    8.2120299339e-08
       320          1984        1.32421875e-02    8.0823898315e-08
       321          2016        2.67968750e-02    8.1777572632e-08
       322          2048        2.66552734e-02    8.1345438958e-08
       323          2080        2.67993164e-02    8.1785023213e-08
       324          2112        2.67675781e-02    8.1688165665e-08
       325          2144        2.63818359e-02    8.0510973930e-08
       326          2176        2.60668945e-02    7.9549849035e-08
       327          2208        2.63354492e-02    8.0369412900e-08
       328          2240        2.58056641e-02    7.8752636910e-08
       329          2272        2.55810547e-02    7.8067183495e-08
       330          2304        2.59155273e-02    7.9087913037e-08
       331          2336        2.52368164e-02    7.7016651631e-08
       332          2368        2.48974609e-02    7.5981020929e-08
       333          2400        2.40405273e-02    7.3365867138e-08
       334          2432        2.40185547e-02    7.3298811913e-08
       335          2464        2.35595703e-02    7.1898102760e-08
       336          2496        2.27221680e-02    6.9342553615e-08
       337          2528        2.26660156e-02    6.9171190262e-08
       338          2560        2.17456055e-02    6.6362321376e-08
       339          2592        2.16748047e-02    6.6146254539e-08
       340          2624        2.13110352e-02    6.5036118030e-08
       341          2656        2.08178711e-02    6.3531100750e-08
       342          2688        1.98266602e-02    6.0506165028e-08
       343          2720        1.93457031e-02    5.9038400650e-08
       344          2752        1.89843750e-02    5.7935714722e-08
       345          2784        1.83837891e-02    5.6102871895e-08
       346          2816        1.80468750e-02    5.5074691773e-08
       347          2848        1.66284180e-02    5.0745904446e-08
       348          2880        1.59912109e-02    4.8801302910e-08
       349          2912        1.50781250e-02    4.6014785766e-08
       350          2944        1.44433594e-02    4.4077634810e-08
       351          2976        1.40820312e-02    4.2974948882e-08
       352          3008        1.33056641e-02    4.0605664252e-08
       353          3040        1.28295898e-02    3.9152801036e-08
       354          3072        1.19165039e-02    3.6366283893e-08
       355          3104        1.11083984e-02    3.3900141717e-08
       356          3136        1.03466797e-02    3.1575560572e-08
       357          3168        9.52148438e-03    2.9057264329e-08
       358          3200        9.07958984e-03    2.7708709241e-08
       359          3232        7.82958984e-03    2.3894011974e-08
       360          3264        7.11425781e-03    2.1710991858e-08
       361          3296        6.58447266e-03    2.0094215868e-08
       362          3328        5.74462891e-03    1.7531216142e-08
       363          3360        5.00976562e-03    1.5288591383e-08
       364          3392        4.29199219e-03    1.3098120689e-08
       365          3424        3.84521484e-03    1.1734664440e-08
       366          3456        3.15429687e-03    9.6261501316e-09
       367          3488        2.49023437e-03    7.5995922095e-09
       368          3520        2.05322266e-03    6.2659382821e-09
       369          3552        1.56982422e-03    4.7907233238e-09
       370          3584        1.20605469e-03    3.6805868148e-09
       371          3616        9.10644531e-04    2.7790665625e-09
       372          3648        6.10351562e-04    1.8626451492e-09
       373          3680        3.93066406e-04    1.1995434760e-09
       374          3712        2.78320312e-04    8.4936618798e-10
       375          3744        1.09863281e-04    3.3527612684e-10
       376          3776        3.17382813e-05    9.6857547757e-11
       377          3808        2.92968750e-05    8.9406967164e-11
       378          3840        4.88281250e-06    1.4901161194e-11
