         2             2        3.47651225e+03    3.3950314975e-01
         3             3        4.98643851e+02    4.8695688605e-02
         4             4        1.65973416e+02    1.6208341360e-02
         5             5        7.40527936e+01    7.2317181230e-03
         6             6        3.61978772e+01    3.5349489451e-03
         7             7        2.19980029e+01    2.1482424736e-03
         8             8        1.46793811e+01    1.4335333109e-03
         9             9        9.82356384e+00    9.5933240652e-04
        10            10        7.22023254e+00    7.0510083437e-04
        11            11        5.47179138e+00    5.3435462714e-04
        12            12        4.22940247e+00    4.1302758456e-04
        13            13        3.37671021e+00    3.2975685597e-04
        14            14        2.75715393e+00    2.6925331354e-04
        15            15        2.27824585e+00    2.2248494625e-04
        16            16        1.92293640e+00    1.8778675795e-04
        17            17        1.63838928e+00    1.5999895334e-04
        18            18        1.41203979e+00    1.3789451122e-04
        19            19        1.23045959e+00    1.2016206980e-04
        20            20        1.07940552e+00    1.0541069507e-04
        21            21        9.55780029e-01    9.3337893486e-05
        22            22        8.51951904e-01    8.3198428153e-05
        23            23        7.62986450e-01    7.4510395527e-05
        24            24        6.88059082e-01    6.7193269730e-05
        25            25        6.23530884e-01    6.0891687870e-05
        26            26        5.67476807e-01    5.5417656899e-05
        27            27        5.19381714e-01    5.0720870495e-05
        28            28        4.77866211e-01    4.6666622162e-05
        29            29        4.39700317e-01    4.2939484119e-05
        30            30        4.06600342e-01    3.9707064629e-05
        31            31        3.76311646e-01    3.6749184131e-05
        32            32        3.49899292e-01    3.4169852734e-05
        33            33        3.26378174e-01    3.1872868538e-05
        34            34        3.05605469e-01    2.9844284057e-05
        35            35        2.86340332e-01    2.7962923050e-05
        36            36        2.69156494e-01    2.6284813881e-05
        37            37        2.52920532e-01    2.4699270725e-05
        38            38        2.37979736e-01    2.3240208626e-05
        39            39        2.25292969e-01    2.2001266479e-05
        40            40        2.12587891e-01    2.0760536194e-05
        41            41        2.00519409e-01    1.9581973552e-05
        42            42        1.91187744e-01    1.8670678139e-05
        43            43        1.81189575e-01    1.7694294453e-05
        44            44        1.72720337e-01    1.6867220402e-05
        45            45        1.65125122e-01    1.6125500202e-05
        46            46        1.56852417e-01    1.5317618847e-05
        47            47        1.49973755e-01    1.4645874501e-05
        48            48        1.43781738e-01    1.4041185379e-05
        49            49        1.36925659e-01    1.3371646405e-05
        50            50        1.31295166e-01    1.2821793557e-05
        51            51        1.26415405e-01    1.2345254422e-05
        52            52        1.21053467e-01    1.1821627617e-05
        53            53        1.16182251e-01    1.1345922947e-05
        54            54        1.11848145e-01    1.0922670365e-05
        55            55        1.07844849e-01    1.0531723499e-05
        56            56        1.03659668e-01    1.0123014450e-05
        57            57        9.98748779e-02    9.7534060477e-06
        58            58        9.61981201e-02    9.3943476677e-06
        59            59        9.29235840e-02    9.0745687485e-06
        60            60        8.98590088e-02    8.7752938271e-06
        61            61        8.65411377e-02    8.4512829781e-06
        62            62        8.36962891e-02    8.1734657288e-06
        63            63        8.12347412e-02    7.9330801964e-06
        64            64        7.82269287e-02    7.6393485069e-06
        65            66        1.49703979e-01    7.3097646237e-06
        66            68        1.41106567e-01    6.8899691104e-06
        67            70        1.33360596e-01    6.5117478371e-06
        68            72        1.25961304e-01    6.1504542828e-06
        69            74        1.18940430e-01    5.8076381683e-06
        70            76        1.12717285e-01    5.5037736892e-06
        71            78        1.06836548e-01    5.2166283131e-06
        72            80        1.01697388e-01    4.9656927586e-06
        73            82        9.67889404e-02    4.7260224819e-06
        74            84        9.24084473e-02    4.5121312141e-06
        75            86        8.83612061e-02    4.3145120144e-06
        76            88        8.39636230e-02    4.0997862816e-06
        77            90        8.04980469e-02    3.9305686950e-06
        78            92        7.73095703e-02    3.7748813629e-06
        79            94        7.39123535e-02    3.6090016365e-06
        80            96        7.06939697e-02    3.4518539906e-06
        81            98        6.81060791e-02    3.3254921436e-06
        82           100        6.54986572e-02    3.1981766224e-06
        83           102        6.30993652e-02    3.0810236931e-06
        84           104        6.10626221e-02    2.9815733433e-06
        85           106        5.87579346e-02    2.8690397739e-06
        86           108        5.63800049e-02    2.7529299259e-06
        87           110        5.45611572e-02    2.6641190052e-06
        88           112        5.26831055e-02    2.5724172592e-06
        89           114        5.04516602e-02    2.4634599685e-06
        90           116        4.95184326e-02    2.4178922176e-06
        91           118        4.77136230e-02    2.3297667503e-06
        92           120        4.59765625e-02    2.2449493408e-06
        93           122        4.46368408e-02    2.1795332432e-06
        94           124        4.33361816e-02    2.1160244942e-06
        95           126        4.21875000e-02    2.0599365235e-06
        96           128        4.09094238e-02    1.9975304603e-06
        97           130        3.98864746e-02    1.9475817681e-06
        98           132        3.83972168e-02    1.8748641014e-06
        99           134        3.73419189e-02    1.8233358860e-06
       100           136        3.61621094e-02    1.7657279968e-06
       101           138        3.53594971e-02    1.7265379428e-06
       102           140        3.44439697e-02    1.6818344593e-06
       103           142        3.34448242e-02    1.6330480576e-06
       104           144        3.26538086e-02    1.5944242477e-06
       105           146        3.18927002e-02    1.5572607517e-06
       106           148        3.10339355e-02    1.5153288841e-06
       107           150        3.03729248e-02    1.4830529690e-06
       108           152        2.95037842e-02    1.4406144619e-06
       109           154        2.87597656e-02    1.4042854309e-06
       110           156        2.80468750e-02    1.3694763184e-06
       111           158        2.73449707e-02    1.3352036476e-06
       112           160        2.68951416e-02    1.3132393360e-06
       113           162        2.62176514e-02    1.2801587582e-06
       114           164        2.57049561e-02    1.2551248074e-06
       115           166        2.51892090e-02    1.2299418449e-06
       116           168        2.46453857e-02    1.2033879757e-06
       117           170        2.39526367e-02    1.1695623398e-06
       118           172        2.35876465e-02    1.1517405510e-06
       119           174        2.30145264e-02    1.1237561703e-06
       120           176        2.25598145e-02    1.1015534401e-06
       121           178        2.18237305e-02    1.0656118393e-06
       122           180        2.15039063e-02    1.0499954223e-06
       123           182        2.12017822e-02    1.0352432728e-06
       124           184        2.07867432e-02    1.0149776936e-06
       125           186        2.04882812e-02    1.0004043579e-06
       126           188        2.00952148e-02    9.8121166228e-07
       127           190        1.94061279e-02    9.4756484030e-07
       128           192        1.93658447e-02    9.4559788705e-07
       129           196        3.72607422e-02    9.0968608857e-07
       130           200        3.58129883e-02    8.7434053421e-07
       131           204        3.46875000e-02    8.4686279297e-07
       132           208        3.37500000e-02    8.2397460938e-07
       133           212        3.24041748e-02    7.9111754895e-07
       134           216        3.14538574e-02    7.6791644097e-07
       135           220        3.05590820e-02    7.4607133866e-07
       136           224        2.92370605e-02    7.1379542351e-07
       137           228        2.83148193e-02    6.9127976894e-07
       138           232        2.76452637e-02    6.7493319512e-07
       139           236        2.68383789e-02    6.5523386001e-07
       140           240        2.57543945e-02    6.2876939773e-07
       141           244        2.50219727e-02    6.1088800430e-07
       142           248        2.44061279e-02    5.9585273266e-07
       143           252        2.37585449e-02    5.8004260063e-07
       144           256        2.31280518e-02    5.6464970112e-07
       145           260        2.23565674e-02    5.4581463337e-07
       146           264        2.20001221e-02    5.3711235523e-07
       147           268        2.12872314e-02    5.1970779895e-07
       148           272        2.08148193e-02    5.0817430019e-07
       149           276        2.03247070e-02    4.9620866775e-07
       150           280        1.97790527e-02    4.8288702965e-07
       151           284        1.94769287e-02    4.7551095486e-07
       152           288        1.87304688e-02    4.5728683472e-07
       153           292        1.80773926e-02    4.4134259224e-07
       154           296        1.79754639e-02    4.3885409832e-07
       155           300        1.75628662e-02    4.2878091336e-07
       156           304        1.69201660e-02    4.1308999062e-07
       157           308        1.63342285e-02    3.9878487587e-07
       158           312        1.61505127e-02    3.9429962635e-07
       159           316        1.59881592e-02    3.9033591747e-07
       160           320        1.58221436e-02    3.8628280163e-07
       161           324        1.50384521e-02    3.6714971066e-07
       162           328        1.50341797e-02    3.6704540253e-07
       163           332        1.46270752e-02    3.5710632801e-07
       164           336        1.43389893e-02    3.5007297993e-07
       165           340        1.40393066e-02    3.4275650978e-07
       166           344        1.38128662e-02    3.3722817898e-07
       167           348        1.35986328e-02    3.3199787140e-07
       168           352        1.31353760e-02    3.2068789005e-07
       169           356        1.29266357e-02    3.1559169292e-07
       170           360        1.27526855e-02    3.1134486198e-07
       171           364        1.24859619e-02    3.0483305454e-07
       172           368        1.22204590e-02    2.9835104943e-07
       173           372        1.20031738e-02    2.9304623604e-07
       174           376        1.17126465e-02    2.8595328331e-07
       175           380        1.15234375e-02    2.8133392334e-07
       176           384        1.14068604e-02    2.7848780155e-07
       177           388        1.10076904e-02    2.6874244213e-07
       178           392        1.10614014e-02    2.7005374432e-07
       179           396        1.08392334e-02    2.6462972164e-07
       180           400        1.04559326e-02    2.5527179242e-07
       181           404        1.03533936e-02    2.5276839734e-07
       182           408        1.03192139e-02    2.5193393230e-07
       183           412        1.00952148e-02    2.4646520614e-07
       184           416        1.00097656e-02    2.4437904358e-07
       185           420        9.78393555e-03    2.3886561394e-07
       186           424        9.52880859e-03    2.3263692856e-07
       187           428        9.39575195e-03    2.2938847541e-07
       188           432        9.28344727e-03    2.2664666176e-07
       189           436        9.11682129e-03    2.2257864475e-07
       190           440        8.97338867e-03    2.1907687187e-07
       191           444        8.96606445e-03    2.1889805793e-07
       192           448        8.78356934e-03    2.1444261074e-07
       193           456        1.70629883e-02    2.0828843117e-07
       194           464        1.65118408e-02    2.0156055689e-07
       195           472        1.60498047e-02    1.9592046737e-07
       196           480        1.57684326e-02    1.9248574972e-07
       197           488        1.52984619e-02    1.8674880266e-07
       198           496        1.49121094e-02    1.8203258514e-07
       199           504        1.43994141e-02    1.7577409744e-07
       200           512        1.39459229e-02    1.7023831606e-07
       201           520        1.35192871e-02    1.6503036023e-07
       202           528        1.34320068e-02    1.6396492720e-07
       203           536        1.30249023e-02    1.5899538994e-07
       204           544        1.25384521e-02    1.5305727721e-07
       205           552        1.22784424e-02    1.4988332987e-07
       206           560        1.19628906e-02    1.4603137970e-07
       207           568        1.18408203e-02    1.4454126358e-07
       208           576        1.14978027e-02    1.4035403728e-07
       209           584        1.11486816e-02    1.3609230518e-07
       210           592        1.09387207e-02    1.3352930546e-07
       211           600        1.07153320e-02    1.3080239295e-07
       212           608        1.04663086e-02    1.2776255607e-07
       213           616        1.02337646e-02    1.2492388486e-07
       214           624        1.02154541e-02    1.2470036745e-07
       215           632        9.82604980e-03    1.1994689703e-07
       216           640        9.62768555e-03    1.1752545834e-07
       217           648        9.32922363e-03    1.1388212442e-07
       218           656        9.37011719e-03    1.1438131333e-07
       219           664        9.06372070e-03    1.1064112187e-07
       220           672        8.94836426e-03    1.0923296213e-07
       221           680        8.66271973e-03    1.0574609042e-07
       222           688        8.67614746e-03    1.0591000319e-07
       223           696        8.34350586e-03    1.0184943676e-07
       224           704        8.18176270e-03    9.9875032903e-08
       225           712        8.07189941e-03    9.8533928399e-08
       226           720        8.01940918e-03    9.7893178461e-08
       227           728        7.77343750e-03    9.4890594485e-08
       228           736        7.62268066e-03    9.3050301074e-08
       229           744        7.49633789e-03    9.1508030892e-08
       230           752        7.29370117e-03    8.9034438132e-08
       231           760        7.04040527e-03    8.5942447186e-08
       232           768        7.15515137e-03    8.7343156338e-08
       233           776        6.95373535e-03    8.4884464741e-08
       234           784        6.86340332e-03    8.3781778812e-08
       235           792        6.72485352e-03    8.2090497017e-08
       236           800        6.56982422e-03    8.0198049546e-08
       237           808        6.65588379e-03    8.1248581411e-08
       238           816        6.41662598e-03    7.8327953816e-08
       239           824        6.37512207e-03    7.7821314336e-08
       240           832        6.32751465e-03    7.7240169048e-08
       241           840        6.12060547e-03    7.4714422226e-08
       242           848        6.17797852e-03    7.5414776803e-08
       243           856        6.00463867e-03    7.3298811913e-08
       244           864        5.86181641e-03    7.1555376053e-08
       245           872        5.77758789e-03    7.0527195930e-08
       246           880        5.72692871e-03    6.9908797741e-08
       247           888        5.51879883e-03    6.7368149757e-08
       248           896        5.55847168e-03    6.7852437495e-08
       249           904        5.44738770e-03    6.6496431828e-08
       250           912        5.21972656e-03    6.3717365265e-08
       251           920        5.36254883e-03    6.5460801124e-08
       252           928        5.31860352e-03    6.4924359321e-08
       253           936        5.20324707e-03    6.3516199589e-08
       254           944        5.10559082e-03    6.2324106693e-08
       255           952        5.09216309e-03    6.2160193921e-08
       256           960        4.95910645e-03    6.0535967351e-08
       257           976        9.66552734e-03    5.8993697167e-08
       258           992        9.48913574e-03    5.7917088271e-08
       259          1008        9.29138184e-03    5.6710094215e-08
       260          1024        8.85009766e-03    5.4016709329e-08
       261          1040        8.79394531e-03    5.3673982622e-08
       262          1056        8.59069824e-03    5.2433460952e-08
       263          1072        8.28674316e-03    5.0578266383e-08
       264          1088        8.16833496e-03    4.9855560065e-08
       265          1104        7.97119141e-03    4.8652291298e-08
       266          1120        7.69714355e-03    4.6979635953e-08
       267          1136        7.58117676e-03    4.6271830796e-08
       268          1152        7.52746582e-03    4.5944005250e-08
       269          1168        7.30041504e-03    4.4558197258e-08
       270          1184        7.00195313e-03    4.2736530302e-08
       271          1200        7.03002930e-03    4.2907893656e-08
       272          1216        6.82128906e-03    4.1633844374e-08
       273          1232        6.64916992e-03    4.0583312509e-08
       274          1248        6.54907227e-03    3.9972364900e-08
       275          1264        6.33483887e-03    3.8664788006e-08
       276          1280        6.42150879e-03    3.9193779229e-08
       277          1296        6.17736816e-03    3.7703663109e-08
       278          1312        6.01257324e-03    3.6697834730e-08
       279          1328        5.96679687e-03    3.6418437958e-08
       280          1344        5.77758789e-03    3.5263597966e-08
       281          1360        5.78674316e-03    3.5319477320e-08
       282          1376        5.69885254e-03    3.4783035518e-08
       283          1392        5.53039551e-03    3.3754855396e-08
       284          1408        5.40832520e-03    3.3009797337e-08
       285          1424        5.12207031e-03    3.1262636187e-08
       286          1440        5.29602051e-03    3.2324343921e-08
       287          1456        5.16296387e-03    3.1512230637e-08
       288          1472        5.06652832e-03    3.0923634770e-08
       289          1488        4.96459961e-03    3.0301511290e-08
       290          1504        4.94506836e-03    3.0182302000e-08
       291          1520        4.85900879e-03    2.9657036068e-08
       292          1536        4.74487305e-03    2.8960406782e-08
       293          1552        4.65942383e-03    2.8438866140e-08
       294          1568        4.54284668e-03    2.7727335693e-08
       295          1584        4.52636719e-03    2.7626752855e-08
       296          1600        4.36279297e-03    2.6628375054e-08
       297          1616        4.34020996e-03    2.6490539313e-08
       298          1632        4.34387207e-03    2.6512891055e-08
       299          1648        4.18884277e-03    2.5566667319e-08
       300          1664        4.11376953e-03    2.5108456612e-08
       301          1680        4.05395508e-03    2.4743378163e-08
       302          1696        4.05212402e-03    2.4732202292e-08
       303          1712        4.01000977e-03    2.4475157261e-08
       304          1728        3.93859863e-03    2.4039298296e-08
       305          1744        3.85131836e-03    2.3506581783e-08
       306          1760        3.81591797e-03    2.3290514946e-08
       307          1776        3.74206543e-03    2.2839754819e-08
       308          1792        3.72131348e-03    2.2713094949e-08
       309          1808        3.69628906e-03    2.2560358047e-08
       310          1824        3.61206055e-03    2.2046267985e-08
       311          1840        3.55895996e-03    2.1722167729e-08
       312          1856        3.49243164e-03    2.1316111087e-08
       313          1872        3.39721680e-03    2.0734965800e-08
       314          1888        3.35815430e-03    2.0496547221e-08
       315          1904        3.35876465e-03    2.0500272511e-08
       316          1920        3.30139160e-03    2.0150095223e-08
       317          1936        3.28491211e-03    2.0049512385e-08
       318          1952        3.12377930e-03    1.9066035745e-08
       319          1968        3.13598633e-03    1.9140541551e-08
       320          1984        3.22448730e-03    1.9680708645e-08
       321          2016        6.09191895e-03    1.8591061235e-08
       322          2048        6.00341797e-03    1.8320977688e-08
       323          2080        5.80749512e-03    1.7723068594e-08
       324          2112        5.74768066e-03    1.7540529370e-08
       325          2144        5.46020508e-03    1.6663223504e-08
       326          2176        5.35827637e-03    1.6352161765e-08
       327          2208        5.24658203e-03    1.6011297702e-08
       328          2240        5.19714355e-03    1.5860423445e-08
       329          2272        4.97009277e-03    1.5167519449e-08
       330          2304        4.86694336e-03    1.4852732419e-08
       331          2336        4.79797363e-03    1.4642253517e-08
       332          2368        4.80651855e-03    1.4668330549e-08
       333          2400        4.61181641e-03    1.4074146746e-08
       334          2432        4.54528809e-03    1.3871118425e-08
       335          2464        4.33471680e-03    1.3228505849e-08
       336          2496        4.32617187e-03    1.3202428817e-08
       337          2528        4.24438477e-03    1.2952834367e-08
       338          2560        4.17114258e-03    1.2729316949e-08
       339          2592        4.08264160e-03    1.2459233403e-08
       340          2624        3.98620605e-03    1.2164935470e-08
       341          2656        3.86352539e-03    1.1790543795e-08
       342          2688        3.87756348e-03    1.1833384633e-08
       343          2720        3.75854492e-03    1.1470168830e-08
       344          2752        3.80249023e-03    1.1604279280e-08
       345          2784        3.62854004e-03    1.1073425413e-08
       346          2816        3.49426270e-03    1.0663643480e-08
       347          2848        3.57910156e-03    1.0922551155e-08
       348          2880        3.40576172e-03    1.0393559933e-08
       349          2912        3.39904785e-03    1.0373070837e-08
       350          2944        3.28552246e-03    1.0026618839e-08
       351          2976        3.22326660e-03    9.8366290338e-09
       352          3008        3.22082520e-03    9.8291784528e-09
       353          3040        3.11157227e-03    9.4957649713e-09
       354          3072        3.07495117e-03    9.3840062623e-09
       355          3104        3.00354004e-03    9.1660767798e-09
       356          3136        2.97241211e-03    9.0710818772e-09
       357          3168        2.94860840e-03    8.9984387165e-09
       358          3200        2.87475586e-03    8.7730586532e-09
       359          3232        2.74475098e-03    8.3763152363e-09
       360          3264        2.84790039e-03    8.6911022666e-09
       361          3296        2.82409668e-03    8.6184591055e-09
       362          3328        2.62878418e-03    8.0224126577e-09
       363          3360        2.73254395e-03    8.3390623333e-09
       364          3392        2.74291992e-03    8.3707273009e-09
       365          3424        2.65930176e-03    8.1155449154e-09
       366          3456        2.69775391e-03    8.2328915597e-09
       367          3488        2.54577637e-03    7.7690929176e-09
       368          3520        2.43530273e-03    7.4319541455e-09
       369          3552        2.50122070e-03    7.6331198216e-09
       370          3584        2.46337891e-03    7.5176358223e-09
       371          3616        2.48962402e-03    7.5977295638e-09
       372          3648        2.47070313e-03    7.5399875641e-09
       373          3680        2.42126465e-03    7.3891133071e-09
       374          3712        2.32543945e-03    7.0966780186e-09
       375          3744        2.34130859e-03    7.1451067925e-09
       376          3776        2.31018066e-03    7.0501118898e-09
       377          3808        2.27478027e-03    6.9420784712e-09
       378          3840        2.28271484e-03    6.9662928581e-09
       379          3872        2.18750000e-03    6.6757202149e-09
       380          3904        2.23815918e-03    6.8303197622e-09
       381          3936        2.19848633e-03    6.7092478275e-09
       382          3968        2.20947266e-03    6.7427754403e-09
       383          4000        2.15148926e-03    6.5658241510e-09
       384          4032        2.14416504e-03    6.5434724092e-09
       385          4096        4.15710449e-03    6.3432380557e-09
       386          4160        4.10522461e-03    6.2640756368e-09
       387          4224        4.17236328e-03    6.3665211200e-09
       388          4288        4.04296875e-03    6.1690807343e-09
       389          4352        4.02160645e-03    6.1364844441e-09
       390          4416        3.97583008e-03    6.0666352511e-09
       391          4480        3.96667480e-03    6.0526654125e-09
       392          4544        3.87817383e-03    5.9176236391e-09
       393          4608        3.95629883e-03    6.0368329287e-09
       394          4672        3.89038086e-03    5.9362500906e-09
       395          4736        3.75366211e-03    5.7276338339e-09
       396          4800        3.81591797e-03    5.8226287365e-09
       397          4864        3.82751465e-03    5.8403238654e-09
       398          4928        3.79882812e-03    5.7965517044e-09
       399          4992        3.78906250e-03    5.7816505432e-09
       400          5056        3.69262695e-03    5.6345015764e-09
       401          5120        3.75061035e-03    5.7229772210e-09
       402          5184        3.72070312e-03    5.6773424148e-09
       403          5248        3.66210938e-03    5.5879354477e-09
       404          5312        3.68896484e-03    5.6289136410e-09
       405          5376        3.67553711e-03    5.6084245443e-09
       406          5440        3.69018555e-03    5.6307762861e-09
       407          5504        3.59741211e-03    5.4892152548e-09
       408          5568        3.65905762e-03    5.5832788348e-09
       409          5632        3.59191895e-03    5.4808333516e-09
       410          5696        3.65844727e-03    5.5823475122e-09
       411          5760        3.64440918e-03    5.5609270930e-09
       412          5824        3.59313965e-03    5.4826959968e-09
       413          5888        3.66455078e-03    5.5916607380e-09
       414          5952        3.69628906e-03    5.6400895118e-09
       415          6016        3.63037109e-03    5.5395066738e-09
       416          6080        3.61389160e-03    5.5143609643e-09
       417          6144        3.63525391e-03    5.5469572544e-09
       418          6208        3.64196777e-03    5.5572018028e-09
       419          6272        3.60534668e-03    5.5013224482e-09
       420          6336        3.49975586e-03    5.3402036428e-09
       421          6400        3.60900879e-03    5.5069103837e-09
       422          6464        3.62854004e-03    5.5367127060e-09
       423          6528        3.69750977e-03    5.6419521570e-09
       424          6592        3.67736816e-03    5.6112185120e-09
       425          6656        3.57788086e-03    5.4594129324e-09
       426          6720        3.66210937e-03    5.5879354477e-09
       427          6784        3.62731934e-03    5.5348500609e-09
       428          6848        3.69873047e-03    5.6438148021e-09
       429          6912        3.56933594e-03    5.4463744163e-09
       430          6976        3.69262695e-03    5.6345015764e-09
       431          7040        3.60656738e-03    5.5031850934e-09
       432          7104        3.60412598e-03    5.4994598031e-09
       433          7168        3.69873047e-03    5.6438148022e-09
       434          7232        3.68164063e-03    5.6177377701e-09
       435          7296        3.62915039e-03    5.5376440286e-09
       436          7360        3.61328125e-03    5.5134296417e-09
       437          7424        3.66882324e-03    5.5981799960e-09
       438          7488        3.58886719e-03    5.4761767387e-09
       439          7552        3.65356445e-03    5.5748969316e-09
       440          7616        3.64990234e-03    5.5693089962e-09
       441          7680        3.74572754e-03    5.7155266404e-09
       442          7744        3.64562988e-03    5.5627897382e-09
       443          7808        3.67614746e-03    5.6093558669e-09
       444          7872        3.56201172e-03    5.4351985454e-09
       445          7936        3.63586426e-03    5.5478885769e-09
       446          8000        3.63281250e-03    5.5432319641e-09
       447          8064        3.64074707e-03    5.5553391576e-09
       448          8128        3.63586426e-03    5.5478885769e-09
       449          8256        7.07153320e-03    5.3951516748e-09
       450          8384        6.97204590e-03    5.3192488849e-09
       451          8512        7.10815430e-03    5.4230913520e-09
       452          8640        7.09045410e-03    5.4095871746e-09
       453          8768        6.90368652e-03    5.2670948207e-09
       454          8896        6.88354492e-03    5.2517279983e-09
       455          9024        6.78771973e-03    5.1786191762e-09
       456          9152        6.74011230e-03    5.1422975957e-09
       457          9280        6.61621094e-03    5.0477683545e-09
       458          9408        6.52404785e-03    4.9774535000e-09
       459          9536        6.46362305e-03    4.9313530326e-09
       460          9664        6.28112793e-03    4.7921203077e-09
       461          9792        6.29821777e-03    4.8051588237e-09
       462          9920        6.17309570e-03    4.7096982599e-09
       463         10048        6.06750488e-03    4.6291388571e-09
       464         10176        5.78735352e-03    4.4154003263e-09
       465         10304        5.68481445e-03    4.3371692300e-09
       466         10432        5.51818848e-03    4.2100436986e-09
       467         10560        5.27160645e-03    4.0219165385e-09
       468         10688        5.26794434e-03    4.0191225708e-09
       469         10816        4.93896484e-03    3.7681311369e-09
       470         10944        4.87060547e-03    3.7159770727e-09
       471         11072        4.59472656e-03    3.5054981709e-09
       472         11200        4.39147949e-03    3.3504329622e-09
       473         11328        4.26391602e-03    3.2531097532e-09
       474         11456        3.99841309e-03    3.0505470932e-09
       475         11584        3.85986328e-03    2.9448419809e-09
       476         11712        3.65661621e-03    2.7897767723e-09
       477         11840        3.49426270e-03    2.6659108698e-09
       478         11968        3.25927734e-03    2.4866312742e-09
       479         12096        2.99560547e-03    2.2854655981e-09
       480         12224        2.79418945e-03    2.1317973733e-09
       481         12352        2.62756348e-03    2.0046718418e-09
       482         12480        2.46582031e-03    1.8812716008e-09
       483         12608        2.20886230e-03    1.6852281988e-09
       484         12736        1.98486328e-03    1.5143305063e-09
       485         12864        1.77673340e-03    1.3555400074e-09
       486         12992        1.61987305e-03    1.2358650565e-09
       487         13120        1.47399902e-03    1.1245720088e-09
       488         13248        1.25000000e-03    9.5367431642e-10
       489         13376        1.13586426e-03    8.6659565570e-10
       490         13504        9.50317383e-04    7.2503462434e-10
       491         13632        8.08105469e-04    6.1653554439e-10
       492         13760        6.84814453e-04    5.2247196435e-10
       493         13888        5.56030273e-04    4.2421743273e-10
       494         14016        4.61425781e-04    3.5203993320e-10
       495         14144        3.35083008e-04    2.5564804674e-10
       496         14272        2.45361328e-04    1.8719583750e-10
       497         14400        1.80664063e-04    1.3783574104e-10
       498         14528        1.59301758e-04    1.2153759599e-10
       499         14656        9.27734375e-05    7.0780515672e-11
       500         14784        5.12695313e-05    3.9115548133e-11
       501         14912        3.90625000e-05    2.9802322387e-11
       502         15040        1.46484375e-05    1.1175870895e-11
       503         15168        7.93457031e-06    6.0535967349e-12
       504         15296        2.44140625e-06    1.8626451492e-12
       505         15424        6.10351563e-07    4.6566128730e-13
       506         15552        6.10351563e-07    4.6566128730e-13
