         2             2        6.26244437e+02    3.1312221875e-01
         3             3        8.84715423e+01    4.4235771175e-02
         4             4        2.91754738e+01    1.4587736903e-02
         5             5        1.29168254e+01    6.4584126874e-03
         6             6        6.27481725e+00    3.1374086229e-03
         7             7        3.79511544e+00    1.8975577204e-03
         8             8        2.52088203e+00    1.2604410172e-03
         9             9        1.68025493e+00    8.4012746309e-04
        10            10        1.23011662e+00    6.1505831167e-04
        11            11        9.29653509e-01    4.6482675452e-04
        12            12        7.15983290e-01    3.5799164521e-04
        13            13        5.70224832e-01    2.8511241612e-04
        14            14        4.64391096e-01    2.3219554801e-04
        15            15        3.82833571e-01    1.9141678559e-04
        16            16        3.22041271e-01    1.6102063530e-04
        17            17        2.73584045e-01    1.3679202231e-04
        18            18        2.35363338e-01    1.1768166893e-04
        19            19        2.04406407e-01    1.0220320350e-04
        20            20        1.79112685e-01    8.9556342677e-05
        21            21        1.58311693e-01    7.9155846646e-05
        22            22        1.40700260e-01    7.0350129981e-05
        23            23        1.25911100e-01    6.2955550143e-05
        24            24        1.13278048e-01    5.6639023831e-05
        25            25        1.02565524e-01    5.1282762226e-05
        26            26        9.31689112e-02    4.6584455590e-05
        27            27        8.50678394e-02    4.2533919686e-05
        28            28        7.79516521e-02    3.8975826063e-05
        29            29        7.17243496e-02    3.5862174787e-05
        30            30        6.62420574e-02    3.3121028699e-05
        31            31        6.12740266e-02    3.0637013285e-05
        32            32        5.68608937e-02    2.8430446825e-05
        33            33        5.29746507e-02    2.6487325368e-05
        34            34        4.93876708e-02    2.4693835409e-05
        35            35        4.62131701e-02    2.3106585050e-05
        36            36        4.33447687e-02    2.1672384363e-05
        37            37        4.06996376e-02    2.0349818782e-05
        38            38        3.83000625e-02    1.9150031241e-05
        39            39        3.61328125e-02    1.8066406250e-05
        40            40        3.40924012e-02    1.7046200602e-05
        41            41        3.23032981e-02    1.6151649074e-05
        42            42        3.05972250e-02    1.5298612494e-05
        43            43        2.90278385e-02    1.4513919228e-05
        44            44        2.75718388e-02    1.3785919390e-05
        45            45        2.62415635e-02    1.3120781748e-05
        46            46        2.49945289e-02    1.2497264461e-05
        47            47        2.38427514e-02    1.1921375676e-05
        48            48        2.27925451e-02    1.1396272559e-05
        49            49        2.17671143e-02    1.0883557169e-05
        50            50        2.08260888e-02    1.0413044378e-05
        51            51        1.99565887e-02    9.9782943726e-06
        52            52        1.91153878e-02    9.5576938830e-06
        53            53        1.83640932e-02    9.1820465891e-06
        54            54        1.76216728e-02    8.8108363904e-06
        55            55        1.69664985e-02    8.4832492628e-06
        56            56        1.62958848e-02    8.1479423924e-06
        57            57        1.56972383e-02    7.8486191599e-06
        58            58        1.51283565e-02    7.5641782660e-06
        59            59        1.45698748e-02    7.2849374068e-06
        60            60        1.41008779e-02    7.0504389311e-06
        61            61        1.35936737e-02    6.7968368531e-06
        62            62        1.31168165e-02    6.5584082352e-06
        63            63        1.26945998e-02    6.3472998770e-06
        64            64        1.23033222e-02    6.1516611199e-06
        65            66        2.33730818e-02    5.8432704524e-06
        66            68        2.19725659e-02    5.4931414754e-06
        67            70        2.06571077e-02    5.1642769262e-06
        68            72        1.94777940e-02    4.8694485112e-06
        69            74        1.83876740e-02    4.5969185076e-06
        70            76        1.73905523e-02    4.3476380800e-06
        71            78        1.64806065e-02    4.1201516202e-06
        72            80        1.56413128e-02    3.9103282125e-06
        73            82        1.48582258e-02    3.7145564431e-06
        74            84        1.41543539e-02    3.5385884737e-06
        75            86        1.34795942e-02    3.3698985451e-06
        76            88        1.28645746e-02    3.2161436583e-06
        77            90        1.22732263e-02    3.0683065716e-06
        78            92        1.17284172e-02    2.9321043115e-06
        79            94        1.12290131e-02    2.8072532855e-06
        80            96        1.07515134e-02    2.6878783577e-06
        81            98        1.03434914e-02    2.5858728509e-06
        82           100        9.89417026e-03    2.4735425648e-06
        83           102        9.53076011e-03    2.3826900281e-06
        84           104        9.15234214e-03    2.2880855360e-06
        85           106        8.81272366e-03    2.2031809154e-06
        86           108        8.48236084e-03    2.1205902100e-06
        87           110        8.18134107e-03    2.0453352677e-06
        88           112        7.89340170e-03    1.9733504245e-06
        89           114        7.62028945e-03    1.9050723628e-06
        90           116        7.35326064e-03    1.8383151607e-06
        91           118        7.10423118e-03    1.7760577955e-06
        92           120        6.87738720e-03    1.7193467994e-06
        93           122        6.65189843e-03    1.6629746086e-06
        94           124        6.43386841e-03    1.6084671021e-06
        95           126        6.24272196e-03    1.5606804898e-06
        96           128        6.04344418e-03    1.5108610454e-06
        97           130        5.86442445e-03    1.4661061136e-06
        98           132        5.69120708e-03    1.4228017707e-06
        99           134        5.51445610e-03    1.3786140241e-06
       100           136        5.37342272e-03    1.3433556808e-06
       101           138        5.21542399e-03    1.3038559964e-06
       102           140        5.07071646e-03    1.2676791141e-06
       103           142        4.93217267e-03    1.2330431687e-06
       104           144        4.77817937e-03    1.1945448424e-06
       105           146        4.66126894e-03    1.1653172342e-06
       106           148        4.54243108e-03    1.1356077696e-06
       107           150        4.42128432e-03    1.1053210811e-06
       108           152        4.30850983e-03    1.0771274567e-06
       109           154        4.18901945e-03    1.0472548635e-06
       110           156        4.09263812e-03    1.0231595290e-06
       111           158        3.99699964e-03    9.9924991005e-07
       112           160        3.90079900e-03    9.7519974959e-07
       113           162        3.79774194e-03    9.4943548504e-07
       114           164        3.71891825e-03    9.2972956205e-07
       115           166        3.62450449e-03    9.0612612273e-07
       116           168        3.54184602e-03    8.8546150609e-07
       117           170        3.46937681e-03    8.6734420375e-07
       118           172        3.38805349e-03    8.4701337312e-07
       119           174        3.30658963e-03    8.2664740713e-07
       120           176        3.24862631e-03    8.1215657686e-07
       121           178        3.16433154e-03    7.9108288414e-07
       122           180        3.11271266e-03    7.7817816484e-07
       123           182        3.04318478e-03    7.6079619558e-07
       124           184        2.97480131e-03    7.4370032863e-07
       125           186        2.90750202e-03    7.2687550595e-07
       126           188        2.84403751e-03    7.1100937693e-07
       127           190        2.78642554e-03    6.9660638508e-07
       128           192        2.74295807e-03    6.8573951722e-07
       129           196        5.32411274e-03    6.6551409270e-07
       130           200        5.11536849e-03    6.3942106147e-07
       131           204        4.91839961e-03    6.1479995125e-07
       132           208        4.74249187e-03    5.9281148409e-07
       133           212        4.56717642e-03    5.7089705216e-07
       134           216        4.41031205e-03    5.5128900629e-07
       135           220        4.24549705e-03    5.3068713138e-07
       136           224        4.11545603e-03    5.1443200361e-07
       137           228        3.97595857e-03    4.9699482165e-07
       138           232        3.83605957e-03    4.7950744629e-07
       139           236        3.72151827e-03    4.6518978320e-07
       140           240        3.60016070e-03    4.5002008739e-07
       141           244        3.48604102e-03    4.3575512735e-07
       142           248        3.38074534e-03    4.2259316695e-07
       143           252        3.27089209e-03    4.0886151163e-07
       144           256        3.18595485e-03    3.9824435586e-07
       145           260        3.07686454e-03    3.8460806796e-07
       146           264        3.00155439e-03    3.7519429859e-07
       147           268        2.91060398e-03    3.6382549687e-07
       148           272        2.83272392e-03    3.5409048984e-07
       149           276        2.75889949e-03    3.4486243600e-07
       150           280        2.68935153e-03    3.3616894170e-07
       151           284        2.61549699e-03    3.2693712335e-07
       152           288        2.54286716e-03    3.1785839482e-07
       153           292        2.47879028e-03    3.0984878540e-07
       154           296        2.41258521e-03    3.0157315103e-07
       155           300        2.35217245e-03    2.9402155625e-07
       156           304        2.29472110e-03    2.8684013769e-07
       157           308        2.24618410e-03    2.8077301226e-07
       158           312        2.19208567e-03    2.7401070846e-07
       159           316        2.13688298e-03    2.6711037285e-07
       160           320        2.09469042e-03    2.6183630291e-07
       161           324        2.03543211e-03    2.5442901411e-07
       162           328        1.98552985e-03    2.4819123118e-07
       163           332        1.94436123e-03    2.4304515437e-07
       164           336        1.89852464e-03    2.3731557946e-07
       165           340        1.86083944e-03    2.3260493028e-07
       166           344        1.82254189e-03    2.2781773617e-07
       167           348        1.78176478e-03    2.2272059792e-07
       168           352        1.73568726e-03    2.1696090698e-07
       169           356        1.70292101e-03    2.1286512676e-07
       170           360        1.67377873e-03    2.0922234184e-07
       171           364        1.63509971e-03    2.0438746402e-07
       172           368        1.59426237e-03    1.9928279676e-07
       173           372        1.56293166e-03    1.9536645789e-07
       174           376        1.53443186e-03    1.9180398238e-07
       175           380        1.50495830e-03    1.8811978792e-07
       176           384        1.47758283e-03    1.8469785389e-07
       177           388        1.45662207e-03    1.8207775919e-07
       178           392        1.42574310e-03    1.7821788788e-07
       179           396        1.39715295e-03    1.7464411886e-07
       180           400        1.36614348e-03    1.7076793470e-07
       181           404        1.34740127e-03    1.6842515845e-07
       182           408        1.31759644e-03    1.6469955445e-07
       183           412        1.29881407e-03    1.6235175885e-07
       184           416        1.26701154e-03    1.5837644275e-07
       185           420        1.24322992e-03    1.5540373953e-07
       186           424        1.22998890e-03    1.5374861265e-07
       187           428        1.20538410e-03    1.5067301299e-07
       188           432        1.19070756e-03    1.4883844476e-07
       189           436        1.16732748e-03    1.4591593491e-07
       190           440        1.14687869e-03    1.4335983678e-07
       191           444        1.12168161e-03    1.4021020186e-07
       192           448        1.11095027e-03    1.3886878365e-07
       193           456        2.15386842e-03    1.3461677652e-07
       194           464        2.09367652e-03    1.3085478230e-07
       195           472        2.02355636e-03    1.2647227237e-07
       196           480        1.96407720e-03    1.2275482479e-07
       197           488        1.90081345e-03    1.1880084088e-07
       198           496        1.84572119e-03    1.1535757467e-07
       199           504        1.79490541e-03    1.1218158823e-07
       200           512        1.74092745e-03    1.0880796533e-07
       201           520        1.69318350e-03    1.0582396858e-07
       202           528        1.63909511e-03    1.0244344410e-07
       203           536        1.59340909e-03    9.9588067910e-08
       204           544        1.55452929e-03    9.7158080655e-08
       205           552        1.51029888e-03    9.4393679970e-08
       206           560        1.46470321e-03    9.1543950533e-08
       207           568        1.43525977e-03    8.9703735552e-08
       208           576        1.39856840e-03    8.7410525273e-08
       209           584        1.35701832e-03    8.4813645012e-08
       210           592        1.32299724e-03    8.2687327736e-08
       211           600        1.29578239e-03    8.0986399399e-08
       212           608        1.25631031e-03    7.8519394523e-08
       213           616        1.22921592e-03    7.6825995194e-08
       214           624        1.19990299e-03    7.4993936639e-08
       215           632        1.17419393e-03    7.3387120899e-08
       216           640        1.14328485e-03    7.1455302991e-08
       217           648        1.11624065e-03    6.9765040749e-08
       218           656        1.09244899e-03    6.8278061716e-08
       219           664        1.07919793e-03    6.7449870862e-08
       220           672        1.03917373e-03    6.4948358034e-08
       221           680        1.02055198e-03    6.3784498917e-08
       222           688        1.00637737e-03    6.2898585671e-08
       223           696        9.80387236e-04    6.1274202247e-08
       224           704        9.60460462e-04    6.0028778879e-08
       225           712        9.37120538e-04    5.8570033625e-08
       226           720        9.21741285e-04    5.7608830301e-08
       227           728        9.00569715e-04    5.6285607188e-08
       228           736        8.83955705e-04    5.5247231533e-08
       229           744        8.61679880e-04    5.3854992515e-08
       230           752        8.47505268e-04    5.2969079269e-08
       231           760        8.31102070e-04    5.1943879378e-08
       232           768        8.20270338e-04    5.1266896098e-08
       233           776        8.00494144e-04    5.0030883990e-08
       234           784        7.85928023e-04    4.9120501468e-08
       235           792        7.72948014e-04    4.8309250882e-08
       236           800        7.51214278e-04    4.6950892398e-08
       237           808        7.47610393e-04    4.6725649583e-08
       238           816        7.33245047e-04    4.5827815407e-08
       239           824        7.13970787e-04    4.4623174165e-08
       240           832        7.04725165e-04    4.4045322820e-08
       241           840        6.88412315e-04    4.3025769686e-08
       242           848        6.83202242e-04    4.2700140099e-08
       243           856        6.64771231e-04    4.1548201913e-08
       244           864        6.53427526e-04    4.0839220348e-08
       245           872        6.41802738e-04    4.0112671099e-08
       246           880        6.39564113e-04    3.9972757038e-08
       247           888        6.25238921e-04    3.9077432532e-08
       248           896        6.13895215e-04    3.8368450969e-08
       249           904        6.06125279e-04    3.7882829967e-08
       250           912        5.95915945e-04    3.7244746560e-08
       251           920        5.78187641e-04    3.6136727584e-08
       252           928        5.75356734e-04    3.5959795901e-08
       253           936        5.63079432e-04    3.5192464528e-08
       254           944        5.61091774e-04    3.5068235899e-08
       255           952        5.46806737e-04    3.4175421063e-08
       256           960        5.41345697e-04    3.3834106044e-08
       257           976        1.05609894e-03    3.3003091812e-08
       258           992        1.02301146e-03    3.1969108080e-08
       259          1008        9.95846799e-04    3.1120212455e-08
       260          1024        9.66152392e-04    3.0192262249e-08
       261          1040        9.33024758e-04    2.9157023681e-08
       262          1056        9.09514176e-04    2.8422318006e-08
       263          1072        8.84096246e-04    2.7628007688e-08
       264          1088        8.61027366e-04    2.6907105195e-08
       265          1104        8.38841890e-04    2.6213809064e-08
       266          1120        8.16475718e-04    2.5514866176e-08
       267          1136        7.94290241e-04    2.4821570045e-08
       268          1152        7.69534864e-04    2.4047964498e-08
       269          1168        7.55922418e-04    2.3622575559e-08
       270          1184        7.32241179e-04    2.2882536838e-08
       271          1200        7.15044925e-04    2.2345153909e-08
       272          1216        7.00960661e-04    2.1905020663e-08
       273          1232        6.83182164e-04    2.1349442632e-08
       274          1248        6.68786701e-04    2.0899584419e-08
       275          1264        6.55003598e-04    2.0468862433e-08
       276          1280        6.39232836e-04    1.9976026133e-08
       277          1296        6.23502229e-04    1.9484444668e-08
       278          1312        6.13031889e-04    1.9157246540e-08
       279          1328        5.94098944e-04    1.8565592013e-08
       280          1344        5.82434002e-04    1.8201062554e-08
       281          1360        5.64203764e-04    1.7631367634e-08
       282          1376        5.56604486e-04    1.7393890179e-08
       283          1392        5.42620609e-04    1.6956894022e-08
       284          1408        5.32240617e-04    1.6632519270e-08
       285          1424        5.24450603e-04    1.6389081353e-08
       286          1440        5.12594926e-04    1.6018591429e-08
       287          1456        5.02395630e-04    1.5699863434e-08
       288          1472        4.91844980e-04    1.5370155636e-08
       289          1488        4.86062702e-04    1.5189459449e-08
       290          1504        4.76234838e-04    1.4882338674e-08
       291          1520        4.65393066e-04    1.4543533325e-08
       292          1536        4.51870968e-04    1.4120967765e-08
       293          1552        4.47433873e-04    1.3982308539e-08
       294          1568        4.39071655e-04    1.3720989227e-08
       295          1584        4.27938762e-04    1.3373086327e-08
       296          1600        4.23943369e-04    1.3248230282e-08
       297          1616        4.14276123e-04    1.2946128846e-08
       298          1632        4.06666806e-04    1.2708337684e-08
       299          1648        3.98294549e-04    1.2446704664e-08
       300          1664        3.94008034e-04    1.2312751067e-08
       301          1680        3.83417230e-04    1.1981788434e-08
       302          1696        3.75938416e-04    1.1748075485e-08
       303          1712        3.67435656e-04    1.1482364253e-08
       304          1728        3.61994693e-04    1.1312334161e-08
       305          1744        3.62687362e-04    1.1333980058e-08
       306          1760        3.51413928e-04    1.0981685236e-08
       307          1776        3.47288031e-04    1.0852750979e-08
       308          1792        3.39779101e-04    1.0618096904e-08
       309          1808        3.34057055e-04    1.0439282970e-08
       310          1824        3.29690231e-04    1.0302819704e-08
       311          1840        3.25955843e-04    1.0186120084e-08
       312          1856        3.19069310e-04    9.9709159449e-09
       313          1872        3.14802873e-04    9.8375897660e-09
       314          1888        3.09482374e-04    9.6713241776e-09
       315          1904        3.01893134e-04    9.4341604332e-09
       316          1920        3.00307023e-04    9.3845944654e-09
       317          1936        2.96070701e-04    9.2522094123e-09
       318          1952        2.91744031e-04    9.1170009814e-09
       319          1968        2.87798831e-04    8.9937134793e-09
       320          1984        2.86624306e-04    8.9570095665e-09
       321          2016        5.54546557e-04    8.6647899527e-09
       322          2048        5.34057617e-04    8.3446502686e-09
       323          2080        5.23898476e-04    8.1859136882e-09
       324          2112        5.07394891e-04    7.9280451724e-09
       325          2144        4.92387069e-04    7.6935479515e-09
       326          2176        4.73715130e-04    7.4017989008e-09
       327          2208        4.63445563e-04    7.2413369229e-09
       328          2240        4.54762107e-04    7.1056579288e-09
       329          2272        4.43408364e-04    6.9282556835e-09
       330          2304        4.30639167e-04    6.7287369778e-09
       331          2336        4.15892350e-04    6.4983179695e-09
       332          2368        4.08513922e-04    6.3830300382e-09
       333          2400        4.01798048e-04    6.2780944925e-09
       334          2432        3.89089082e-04    6.0795169128e-09
       335          2464        3.76972399e-04    5.8901937385e-09
       336          2496        3.73599404e-04    5.8374906841e-09
       337          2528        3.61844113e-04    5.6538142656e-09
       338          2560        3.55710481e-04    5.5579762710e-09
       339          2592        3.45220064e-04    5.3940634978e-09
       340          2624        3.40140493e-04    5.3146952077e-09
       341          2656        3.30392938e-04    5.1623896549e-09
       342          2688        3.25052362e-04    5.0789431522e-09
       343          2720        3.15887050e-04    4.9357351504e-09
       344          2752        3.08669241e-04    4.8229568883e-09
       345          2784        3.04011295e-04    4.7501764799e-09
       346          2816        2.95779580e-04    4.6215559307e-09
       347          2848        2.89123937e-04    4.5175615110e-09
       348          2880        2.84726996e-04    4.4488593152e-09
       349          2912        2.79095298e-04    4.3608640370e-09
       350          2944        2.75551645e-04    4.3054944591e-09
       351          2976        2.68765500e-04    4.1994609331e-09
       352          3008        2.63545388e-04    4.1178966824e-09
       353          3040        2.58756939e-04    4.0430771677e-09
       354          3072        2.55062706e-04    3.9853547749e-09
       355          3104        2.46429443e-04    3.8504600524e-09
       356          3136        2.40074961e-04    3.7511712626e-09
       357          3168        2.40596972e-04    3.7593276877e-09
       358          3200        2.30949803e-04    3.6085906781e-09
       359          3232        2.27104990e-04    3.5485154704e-09
       360          3264        2.25538956e-04    3.5240461952e-09
       361          3296        2.20740469e-04    3.4490698262e-09
       362          3328        2.16363606e-04    3.3806813391e-09
       363          3360        2.15490241e-04    3.3670350125e-09
       364          3392        2.07810653e-04    3.2470414513e-09
       365          3424        2.05100210e-04    3.2046907827e-09
       366          3456        2.01014469e-04    3.1408510710e-09
       367          3488        1.99368126e-04    3.1151269611e-09
       368          3520        1.95362693e-04    3.0525420841e-09
       369          3552        1.91517880e-04    2.9924668763e-09
       370          3584        1.88596625e-04    2.9468222668e-09
       371          3616        1.85615138e-04    2.9002365313e-09
       372          3648        1.85996608e-04    2.9061969958e-09
       373          3680        1.79009689e-04    2.7970263833e-09
       374          3712        1.77784970e-04    2.7778901552e-09
       375          3744        1.73719306e-04    2.7143641522e-09
       376          3776        1.72072963e-04    2.6886400424e-09
       377          3808        1.69533177e-04    2.6489558973e-09
       378          3840        1.65397242e-04    2.5843319140e-09
       379          3872        1.62335446e-04    2.5364913438e-09
       380          3904        1.59363998e-04    2.4900624626e-09
       381          3936        1.60558600e-04    2.5087281277e-09
       382          3968        1.55659726e-04    2.4321832155e-09
       383          4000        1.53792532e-04    2.4030083105e-09
       384          4032        1.51001780e-04    2.3594028071e-09
       385          4096        3.00256830e-04    2.3457564806e-09
       386          4160        2.88290727e-04    2.2522713009e-09
       387          4224        2.79858238e-04    2.1863924829e-09
       388          4288        2.69588671e-04    2.1061614940e-09
       389          4352        2.67008731e-04    2.0860057129e-09
       390          4416        2.57743032e-04    2.0136174403e-09
       391          4480        2.51830252e-04    1.9674238406e-09
       392          4544        2.42735210e-04    1.8963688298e-09
       393          4608        2.37605446e-04    1.8562925489e-09
       394          4672        2.33750594e-04    1.8261765179e-09
       395          4736        2.25779885e-04    1.7639053495e-09
       396          4800        2.22035458e-04    1.7346520173e-09
       397          4864        2.17226932e-04    1.6970854057e-09
       398          4928        2.12207593e-04    1.6578718236e-09
       399          4992        2.06204465e-04    1.6109723795e-09
       400          5056        1.99368126e-04    1.5575634806e-09
       401          5120        1.95041456e-04    1.5237613728e-09
       402          5184        1.91417493e-04    1.4954491666e-09
       403          5248        1.89610531e-04    1.4813322770e-09
       404          5312        1.84089259e-04    1.4381973367e-09
       405          5376        1.82141756e-04    1.4229824669e-09
       406          5440        1.73297681e-04    1.3538881352e-09
       407          5504        1.70848244e-04    1.3347519071e-09
       408          5568        1.69874492e-04    1.3271444722e-09
       409          5632        1.64363259e-04    1.2840879591e-09
       410          5696        1.61502236e-04    1.2617362172e-09
       411          5760        1.56984831e-04    1.2264439934e-09
       412          5824        1.54906825e-04    1.2102095704e-09
       413          5888        1.51644255e-04    1.1847207421e-09
       414          5952        1.48401762e-04    1.1593887681e-09
       415          6016        1.43543043e-04    1.1214300206e-09
       416          6080        1.40651904e-04    1.0988429973e-09
       417          6144        1.37469643e-04    1.0739815863e-09
       418          6208        1.36164615e-04    1.0637860550e-09
       419          6272        1.34116725e-04    1.0477869134e-09
       420          6336        1.31757636e-04    1.0293565298e-09
       421          6400        1.29167657e-04    1.0091223215e-09
       422          6464        1.26115899e-04    9.8528046356e-10
       423          6528        1.25021684e-04    9.7673190267e-10
       424          6592        1.21558340e-04    9.4967453104e-10
       425          6656        1.19460256e-04    9.3328325374e-10
       426          6720        1.17452521e-04    9.1759782090e-10
       427          6784        1.14430879e-04    8.9399124449e-10
       428          6848        1.12734343e-04    8.8073705373e-10
       429          6912        1.12071790e-04    8.7556086089e-10
       430          6976        1.11158271e-04    8.6842398895e-10
       431          7040        1.05466341e-04    8.2395578686e-10
       432          7104        1.04964407e-04    8.2003442865e-10
       433          7168        1.04151274e-04    8.1368182835e-10
       434          7232        1.03830036e-04    8.1117215910e-10
       435          7296        9.97141788e-05    7.7901702179e-10
       436          7360        9.95836760e-05    7.7799746865e-10
       437          7424        9.68230398e-05    7.5642999850e-10
       438          7488        9.64817248e-05    7.5376347491e-10
       439          7552        9.42631772e-05    7.3643107164e-10
       440          7616        9.42330611e-05    7.3619579014e-10
       441          7680        8.96453857e-05    7.0035457611e-10
       442          7744        8.89627557e-05    6.9502152894e-10
       443          7808        8.93643028e-05    6.9815861551e-10
       444          7872        8.80693135e-05    6.8804151133e-10
       445          7936        8.64631251e-05    6.7549316506e-10
       446          8000        8.46260472e-05    6.6114099401e-10
       447          8064        8.29094335e-05    6.4772994894e-10
       448          8128        8.10823942e-05    6.3345620507e-10
       449          8256        1.61974054e-04    6.3271114699e-10
       450          8384        1.57306069e-04    6.1447683133e-10
       451          8512        1.50078221e-04    5.8624305224e-10
       452          8640        1.48451956e-04    5.7989045194e-10
       453          8768        1.43452695e-04    5.6036208807e-10
       454          8896        1.43543043e-04    5.6071501031e-10
       455          9024        1.35853416e-04    5.3067740643e-10
       456          9152        1.33283515e-04    5.2063872941e-10
       457          9280        1.29227889e-04    5.0479644224e-10
       458          9408        1.26266479e-04    4.9322843552e-10
       459          9536        1.24369170e-04    4.8581706850e-10
       460          9664        1.21056406e-04    4.7287658641e-10
       461          9792        1.17181477e-04    4.5774014371e-10
       462          9920        1.14420841e-04    4.4695640864e-10
       463         10048        1.12182216e-04    4.3821177983e-10
       464         10176        1.10395331e-04    4.3123176222e-10
       465         10304        1.06480247e-04    4.1593846520e-10
       466         10432        1.04884097e-04    4.0970350565e-10
       467         10560        1.01812262e-04    3.9770414953e-10
       468         10688        1.00175958e-04    3.9131233565e-10
       469         10816        9.70238133e-05    3.7899927089e-10
       470         10944        9.55079731e-05    3.7307801999e-10
       471         11072        9.32091161e-05    3.6409810970e-10
       472         11200        8.96755018e-05    3.5029492881e-10
       473         11328        9.10508005e-05    3.5566718955e-10
       474         11456        8.66638987e-05    3.3853085419e-10
       475         11584        8.55596442e-05    3.3421736016e-10
       476         11712        8.34113673e-05    3.2582565360e-10
       477         11840        8.11627037e-05    3.1704181121e-10
       478         11968        7.99681011e-05    3.1237539494e-10
       479         12096        7.91750456e-05    3.0927752196e-10
       480         12224        7.63240613e-05    2.9814086464e-10
       481         12352        7.57618954e-05    2.9594490405e-10
       482         12480        7.43564806e-05    2.9045500255e-10
       483         12608        7.33425743e-05    2.8649443076e-10
       484         12736        7.22082038e-05    2.8206329598e-10
       485         12864        6.91464073e-05    2.7010315344e-10
       486         12992        6.99193854e-05    2.7312259926e-10
       487         13120        6.52212846e-05    2.5477064284e-10
       488         13248        6.78112632e-05    2.6488774702e-10
       489         13376        6.61046881e-05    2.5822143806e-10
       490         13504        6.39463726e-05    2.4979051791e-10
       491         13632        6.31031237e-05    2.4649657701e-10
       492         13760        6.21394107e-05    2.4273207313e-10
       493         13888        5.99108244e-05    2.3402665790e-10
       494         14016        6.02421008e-05    2.3532070611e-10
       495         14144        5.94088906e-05    2.3206597880e-10
       496         14272        5.82142880e-05    2.2739956253e-10
       497         14400        5.71903430e-05    2.2339977715e-10
       498         14528        5.63972875e-05    2.2030190417e-10
       499         14656        5.40381984e-05    2.1108671237e-10
       500         14784        5.45903256e-05    2.1324345939e-10
       501         14912        5.30343307e-05    2.0716535416e-10
       502         15040        5.40783531e-05    2.1124356670e-10
       503         15168        5.22312365e-05    2.0402826759e-10
       504         15296        4.98420314e-05    1.9469543505e-10
       505         15424        5.03640426e-05    1.9673454132e-10
       506         15552        4.93300589e-05    1.9269554237e-10
       507         15680        5.03540039e-05    1.9669532774e-10
       508         15808        4.79346827e-05    1.8724485445e-10
       509         15936        4.74729036e-05    1.8544102968e-10
       510         16064        4.56659417e-05    1.7838258490e-10
       511         16192        4.49431570e-05    1.7555920699e-10
       512         16320        4.49632343e-05    1.7563763415e-10
       513         16576        8.82098549e-05    1.7228487290e-10
       514         16832        8.66940147e-05    1.6932424745e-10
       515         17088        8.37827984e-05    1.6363827805e-10
       516         17344        8.12831678e-05    1.5875618708e-10
       517         17600        7.96769795e-05    1.5561910051e-10
       518         17856        7.80507138e-05    1.5244280036e-10
       519         18112        7.46977957e-05    1.4589413215e-10
       520         18368        7.31217234e-05    1.4281586595e-10
       521         18624        7.17363859e-05    1.4011012879e-10
       522         18880        6.93471808e-05    1.3544371252e-10
       523         19136        6.83834678e-05    1.3356146058e-10
       524         19392        6.68375116e-05    1.3054201477e-10
       525         19648        6.43077650e-05    1.2560110343e-10
       526         19904        6.32436652e-05    1.2352278358e-10
       527         20160        6.26413446e-05    1.2234637612e-10
       528         20416        6.03324489e-05    1.1783681418e-10
       529         20672        5.89169954e-05    1.1507225664e-10
       530         20928        5.84150615e-05    1.1409191710e-10
       531         21184        5.60158177e-05    1.0940589404e-10
       532         21440        5.41084691e-05    1.0568060374e-10
       533         21696        5.25725515e-05    1.0268076470e-10
       534         21952        5.34158004e-05    1.0432773516e-10
       535         22208        5.34057617e-05    1.0430812837e-10
       536         22464        5.06350869e-05    9.8896654035e-11
       537         22720        5.00126889e-05    9.7681032991e-11
       538         22976        4.96814125e-05    9.7034008886e-11
       539         23232        4.70312018e-05    9.1857816050e-11
       540         23488        4.53948975e-05    8.8661909107e-11
       541         23744        4.57462512e-05    8.9348146794e-11
       542         24000        4.48126542e-05    8.7524715227e-11
       543         24256        4.39091733e-05    8.5760104031e-11
       544         24512        4.32365819e-05    8.4446449030e-11
       545         24768        4.28651509e-05    8.3720997761e-11
       546         25024        4.20219020e-05    8.2074027314e-11
       547         25280        4.00643600e-05    7.8250703059e-11
       548         25536        4.01145534e-05    7.8348737015e-11
       549         25792        3.99137798e-05    7.7956601194e-11
       550         26048        3.89801828e-05    7.6133169626e-11
       551         26304        3.81770887e-05    7.4564626342e-11
       552         26560        3.70126022e-05    7.2290238581e-11
       553         26816        3.69322927e-05    7.2133384254e-11
       554         27072        3.72836464e-05    7.2819621940e-11
       555         27328        3.60689665e-05    7.0447200223e-11
       556         27584        3.43523527e-05    6.7094438954e-11
       557         27840        3.47538998e-05    6.7878710596e-11
       558         28096        3.36998387e-05    6.5819997537e-11
       559         28352        3.35291812e-05    6.5486682089e-11
       560         28608        3.28766672e-05    6.4212240671e-11
       561         28864        3.16218326e-05    6.1761391790e-11
       562         29120        3.19731863e-05    6.2447629477e-11
       563         29376        3.04372687e-05    5.9447790447e-11
       564         29632        2.95940198e-05    5.7800820000e-11
       565         29888        3.10897827e-05    6.0722231865e-11
       566         30144        2.96241359e-05    5.7859640373e-11
       567         30400        2.78974834e-05    5.4487272313e-11
       568         30656        2.88812738e-05    5.6408737835e-11
       569         30912        2.82488371e-05    5.5173510000e-11
       570         31168        2.82889918e-05    5.5251937164e-11
       571         31424        2.61105989e-05    5.0997263507e-11
       572         31680        2.60905216e-05    5.0958049925e-11
       573         31936        2.74959363e-05    5.3703000670e-11
       574         32192        2.68835770e-05    5.2506986418e-11
       575         32448        2.52271953e-05    4.9271865895e-11
       576         32704        2.56889745e-05    5.0173778283e-11
       577         33216        4.92899041e-05    4.8134672015e-11
       578         33728        4.82559204e-05    4.7124922276e-11
       579         34240        4.73524395e-05    4.6242616678e-11
       580         34752        4.75331357e-05    4.6419077798e-11
       581         35264        4.54952842e-05    4.4428988507e-11
       582         35776        4.44713392e-05    4.3429042163e-11
       583         36288        4.37987478e-05    4.2772214663e-11
       584         36800        4.20219020e-05    4.1037013656e-11
       585         37312        4.05863712e-05    3.9635128097e-11
       586         37824        3.91106856e-05    3.8194028955e-11
       587         38336        3.79461991e-05    3.7056835074e-11
       588         38848        3.72635691e-05    3.6390204179e-11
       589         39360        3.63902042e-05    3.5537308768e-11
       590         39872        3.65407843e-05    3.5684359701e-11
       591         40384        3.55469553e-05    3.4713823544e-11
       592         40896        3.41616179e-05    3.3360954963e-11
       593         41408        3.46233970e-05    3.3811911156e-11
       594         41920        3.28766672e-05    3.2106120335e-11
       595         42432        3.28666285e-05    3.2096316940e-11
       596         42944        3.21940372e-05    3.1439489439e-11
       597         43456        3.16117939e-05    3.0870892499e-11
       598         43968        3.04071527e-05    2.9694485037e-11
       599         44480        2.97044453e-05    2.9008247351e-11
       600         44992        2.85499974e-05    2.7880856865e-11
       601         45504        2.82387984e-05    2.7576951604e-11
       602         46016        2.84897654e-05    2.7822036492e-11
       603         46528        2.74156269e-05    2.6773073171e-11
       604         47040        2.70943893e-05    2.6459364515e-11
       605         47552        2.55383943e-05    2.4939838208e-11
       606         48064        2.58797093e-05    2.5273153656e-11
       607         48576        2.56086651e-05    2.5008461977e-11
       608         49088        2.54179302e-05    2.4822197462e-11
       609         49600        2.49360737e-05    2.4351634477e-11
       610         50112        2.33399241e-05    2.2792894589e-11
       611         50624        2.38518966e-05    2.3292867761e-11
       612         51136        2.26472553e-05    2.2116460299e-11
       613         51648        2.30287251e-05    2.2488989328e-11
       614         52160        2.27074874e-05    2.2175280671e-11
       615         52672        2.15028462e-05    2.0998873209e-11
       616         53184        2.18240838e-05    2.1312581866e-11
       617         53696        2.13623047e-05    2.0861625672e-11
       618         54208        2.05090171e-05    2.0028337052e-11
       619         54720        2.10611444e-05    2.0567523805e-11
       620         55232        2.08503322e-05    2.0361652500e-11
       621         55744        1.96155749e-05    1.9155834851e-11
       622         56256        2.00673154e-05    1.9596987649e-11
       623         56768        1.91638344e-05    1.8714682052e-11
       624         57280        1.83707789e-05    1.7940213806e-11
       625         57792        1.88927901e-05    1.8449990373e-11
       626         58304        1.87823647e-05    1.8342153022e-11
       627         58816        1.82703922e-05    1.7842179850e-11
       628         59328        1.78889224e-05    1.7469650821e-11
       629         59840        1.76580329e-05    1.7244172724e-11
       630         60352        1.74873754e-05    1.7077515000e-11
       631         60864        1.73267565e-05    1.6920660671e-11
       632         61376        1.73568726e-05    1.6950070858e-11
       633         61888        1.69854415e-05    1.6587345223e-11
       634         62400        1.59313804e-05    1.5557988693e-11
       635         62912        1.64132369e-05    1.6028551679e-11
       636         63424        1.67645906e-05    1.6371670522e-11
       637         63936        1.58008776e-05    1.5430544551e-11
       638         64448        1.59414191e-05    1.5567792089e-11
       639         64960        1.45360043e-05    1.4195316716e-11
       640         65472        1.53692145e-05    1.5008998544e-11
       641         66496        2.97144840e-05    1.4509025373e-11
       642         67520        2.91322407e-05    1.4224726903e-11
       643         68544        2.83793399e-05    1.3857099571e-11
       644         69568        2.76665939e-05    1.3509079030e-11
       645         70592        2.59499801e-05    1.2670888713e-11
       646         71616        2.61306763e-05    1.2759119272e-11
       647         72640        2.60102121e-05    1.2700298899e-11
       648         73664        2.49661897e-05    1.2190522332e-11
       649         74688        2.41129022e-05    1.1773878022e-11
       650         75712        2.36009297e-05    1.1523891436e-11
       651         76736        2.34403108e-05    1.1445464272e-11
       652         77760        2.19847027e-05    1.0734718097e-11
       653         78784        2.20449347e-05    1.0764128284e-11
       654         79808        2.15831556e-05    1.0538650187e-11
       655         80832        2.15430009e-05    1.0519043395e-11
       656         81856        2.04588238e-05    9.9896600372e-12
       657         82880        2.02580502e-05    9.8916260822e-12
       658         83904        1.98866192e-05    9.7102632651e-12
       659         84928        1.89028288e-05    9.2298968844e-12
       660         85952        1.87723260e-05    9.1661748137e-12
       661         86976        1.78688451e-05    8.7250220147e-12
       662         88000        1.86217459e-05    9.0926493469e-12
       663         89024        1.74873754e-05    8.5387574999e-12
       664         90048        1.70958670e-05    8.3475912870e-12
       665         91072        1.68850547e-05    8.2446556344e-12
       666         92096        1.60618832e-05    7.8427164180e-12
       667         93120        1.69252094e-05    8.2642624255e-12
       668         94144        1.62225021e-05    7.9211435822e-12
       669         95168        1.51082089e-05    7.3770551306e-12
       670         96192        1.42749987e-05    6.9702142163e-12
       671         97216        1.43753855e-05    7.0192311940e-12
       672         98240        1.48371646e-05    7.2447092909e-12
       673         99264        1.39136063e-05    6.7937530970e-12
       674        100288        1.40641865e-05    6.8672785633e-12
       675        101312        1.37831035e-05    6.7300310261e-12
       676        102336        1.39738384e-05    6.8231632836e-12
       677        103360        1.36325234e-05    6.6565055597e-12
       678        104384        1.36726781e-05    6.6761123507e-12
       679        105408        1.31506669e-05    6.4212240671e-12
       680        106432        1.28796226e-05    6.2888782275e-12
       681        107456        1.27993132e-05    6.2496646454e-12
       682        108480        1.25985397e-05    6.1516306902e-12
       683        109504        1.30201641e-05    6.3575019962e-12
       684        110528        1.19259483e-05    5.8232169402e-12
       685        111552        1.17854068e-05    5.7545931716e-12
       686        112576        1.16348267e-05    5.6810677051e-12
       687        113600        1.15545172e-05    5.6418541231e-12
       688        114624        1.15143625e-05    5.6222473320e-12
       689        115648        1.08819259e-05    5.3134403730e-12
       690        116672        1.08518099e-05    5.2987352797e-12
       691        117696        1.02093345e-05    4.9850266231e-12
       692        118720        1.09622353e-05    5.3526539551e-12
       693        119744        1.05004562e-05    5.1271758581e-12
       694        120768        1.00386770e-05    4.9016977611e-12
       695        121792        1.02796053e-05    5.0193385073e-12
       696        122816        1.01390638e-05    4.9507147387e-12
       697        123840        9.26569888e-06    4.5242670335e-12
       698        124864        1.00386770e-05    4.9016977611e-12
       699        125888        9.24562153e-06    4.5144636380e-12
       700        126912        9.67728464e-06    4.7252366417e-12
       701        127936        9.10508005e-06    4.4458398693e-12
       702        128960        9.02477064e-06    4.4066262872e-12
       703        129984        8.22167648e-06    4.0144904664e-12
       704        131008        8.95449990e-06    4.3723144029e-12
       705        133056        1.65939331e-05    4.0512531996e-12
       706        135104        1.69954802e-05    4.1492871548e-12
       707        137152        1.65236624e-05    4.0340972574e-12
       708        139200        1.64533916e-05    4.0169413152e-12
       709        141248        1.50178608e-05    3.6664699254e-12
       710        143296        1.52889051e-05    3.7326428451e-12
       711        145344        1.45761590e-05    3.5586325746e-12
       712        147392        1.43051147e-05    3.4924596548e-12
       713        149440        1.34317498e-05    3.2792358022e-12
       714        151488        1.32510537e-05    3.2351205224e-12
       715        153536        1.33012470e-05    3.2473747668e-12
       716        155584        1.28394679e-05    3.1346357183e-12
       717        157632        1.30703575e-05    3.1910052425e-12
       718        159680        1.16348267e-05    2.8405338527e-12
       719        161728        1.24780755e-05    3.0464051586e-12
       720        163776        1.15344399e-05    2.8160253638e-12
       721        165824        1.19661030e-05    2.9214118657e-12
       722        167872        1.09622353e-05    2.6763269777e-12
       723        169920        1.08518099e-05    2.6493676400e-12
       724        171968        1.15645559e-05    2.8233779105e-12
       725        174016        1.04301854e-05    2.5464319870e-12
       726        176064        1.03799920e-05    2.5341777427e-12
       727        178112        9.97844495e-06    2.4361437874e-12
       728        180160        1.01189864e-05    2.4704556717e-12
       729        182208        1.01591411e-05    2.4802590672e-12
       730        184256        1.02093345e-05    2.4925133116e-12
       731        186304        9.85798083e-06    2.4067336008e-12
       732        188352        1.00386770e-05    2.4508488807e-12
       733        190400        9.78771009e-06    2.3895776586e-12
       734        192448        8.91434519e-06    2.1763538061e-12
       735        194496        9.43635639e-06    2.3037979478e-12
       736        196544        8.75372636e-06    2.1371402239e-12
       737        198592        9.00469328e-06    2.1984114460e-12
       738        200640        8.36221795e-06    2.0415571176e-12
       739        202688        9.12515741e-06    2.2278216325e-12
       740        204736        8.99465461e-06    2.1959605971e-12
       741        206784        8.56299149e-06    2.0905740952e-12
       742        208832        8.51279811e-06    2.0783198508e-12
       743        210880        8.47264340e-06    2.0685164553e-12
       744        212928        9.25566021e-06    2.2596826680e-12
       745        214976        9.08500270e-06    2.2180182370e-12
       746        217024        8.25179251e-06    2.0145977799e-12
       747        219072        8.54291414e-06    2.0856723974e-12
       748        221120        8.75372636e-06    2.1371402240e-12
       749        223168        8.23171515e-06    2.0096960822e-12
       750        225216        8.23171515e-06    2.0096960821e-12
       751        227264        8.35217928e-06    2.0391062687e-12
       752        229312        7.96067087e-06    1.9435231624e-12
       753        231360        7.73981998e-06    1.8896044870e-12
       754        233408        8.47264340e-06    2.0685164553e-12
       755        235456        7.84020675e-06    1.9141129758e-12
       756        237504        7.89040013e-06    1.9263672202e-12
       757        239552        8.32206325e-06    2.0317537221e-12
       758        241600        7.70970395e-06    1.8822519404e-12
       759        243648        8.36221795e-06    2.0415571176e-12
       760        245696        7.87032278e-06    1.9214655225e-12
       761        247744        7.68962659e-06    1.8773502426e-12
       762        249792        7.87032278e-06    1.9214655225e-12
       763        251840        7.90043881e-06    1.9288180691e-12
       764        253888        7.77997469e-06    1.8994078825e-12
       765        255936        7.69966527e-06    1.8798010914e-12
       766        257984        8.09117367e-06    1.9753841978e-12
       767        260032        7.40854364e-06    1.8087264739e-12
       768        262080        7.86028410e-06    1.9190146736e-12
       769        266176        1.52989438e-05    1.8675468470e-12
       770        270272        1.53993305e-05    1.8798010914e-12
       771        274368        1.48873580e-05    1.8173044449e-12
       772        278464        1.45560817e-05    1.7768654384e-12
       773        282560        1.47468165e-05    1.8001485028e-12
       774        286656        1.47468165e-05    1.8001485028e-12
       775        290752        1.45962364e-05    1.7817671361e-12
       776        294848        1.42248053e-05    1.7364264319e-12
       777        298944        1.51383249e-05    1.8479400560e-12
       778        303040        1.40340705e-05    1.7131433675e-12
       779        307136        1.52186344e-05    1.8577434515e-12
       780        311232        1.46363911e-05    1.7866688339e-12
       781        315328        1.42248053e-05    1.7364264319e-12
       782        319424        1.47769326e-05    1.8038247761e-12
       783        323520        1.48271260e-05    1.8099518983e-12
       784        327616        1.43553081e-05    1.7523569496e-12
       785        331712        1.48672807e-05    1.8148535960e-12
       786        335808        1.56502975e-05    1.9104367024e-12
       787        339904        1.49074354e-05    1.8197552938e-12
       788        344000        1.48873580e-05    1.8173044450e-12
       789        348096        1.45159270e-05    1.7719637406e-12
       790        352192        1.48672807e-05    1.8148535961e-12
       791        356288        1.43452695e-05    1.7511315251e-12
       792        360384        1.44556949e-05    1.7646111940e-12
       793        364480        1.42950761e-05    1.7450044030e-12
       794        368576        1.47367779e-05    1.7989230784e-12
       795        372672        1.40139931e-05    1.7106925186e-12
       796        376768        1.50580155e-05    1.8381366604e-12
       797        380864        1.44456562e-05    1.7633857696e-12
       798        384960        1.46564684e-05    1.7891196828e-12
       799        389056        1.42850374e-05    1.7437789785e-12
       800        393152        1.39738384e-05    1.7057908209e-12
       801        397248        1.45159270e-05    1.7719637406e-12
       802        401344        1.35522140e-05    1.6543229944e-12
       803        405440        1.35020206e-05    1.6481958722e-12
       804        409536        1.44757723e-05    1.7670620429e-12
       805        413632        1.34719046e-05    1.6445195989e-12
       806        417728        1.36526007e-05    1.6665772388e-12
       807        421824        1.39236450e-05    1.6996636986e-12
       808        425920        1.27993132e-05    1.5624161613e-12
       809        430016        1.40641865e-05    1.7168196408e-12
       810        434112        1.37228715e-05    1.6751552099e-12
       811        438208        1.38935290e-05    1.6959874254e-12
       812        442304        1.29197773e-05    1.5771212546e-12
       813        446400        1.31607056e-05    1.6065314412e-12
       814        450496        1.30803962e-05    1.5967280456e-12
       815        454592        1.21869539e-05    1.4876652705e-12
       816        458688        1.24278821e-05    1.5170754571e-12
       817        462784        1.21769152e-05    1.4864398460e-12
       818        466880        1.26587717e-05    1.5452602192e-12
       819        470976        1.12834730e-05    1.3773770708e-12
       820        475072        1.20363737e-05    1.4692839039e-12
       821        479168        1.18657162e-05    1.4484516884e-12
       822        483264        1.21267218e-05    1.4803127238e-12
       823        487360        1.14039371e-05    1.3920821641e-12
       824        491456        1.13336664e-05    1.3835041930e-12
       825        495552        1.11730475e-05    1.3638974020e-12
       826        499648        1.06610750e-05    1.3014007555e-12
       827        503744        1.09020032e-05    1.3308109421e-12
       828        507840        1.09321193e-05    1.3344872154e-12
       829        511936        1.03398373e-05    1.2621871734e-12
       830        516032        1.01992958e-05    1.2450312313e-12
       831        520128        9.76763274e-06    1.1923379803e-12
       832        524224        9.64716861e-06    1.1776328871e-12
       833        532416        1.86518619e-05    1.1384193049e-12
       834        540608        1.81900828e-05    1.1102345428e-12
       835        548800        1.64835077e-05    1.0060734654e-12
       836        556992        1.57908389e-05    9.6379632223e-13
       837        565184        1.50981702e-05    9.2151917900e-13
       838        573376        1.30201641e-05    7.9468774946e-13
       839        581568        1.27892745e-05    7.8059536842e-13
       840        589760        1.20765284e-05    7.3709280081e-13
       841        597952        1.07112684e-05    6.5376393887e-13
       842        606144        9.74755538e-06    5.9494356575e-13
       843        614336        8.21163780e-06    5.0119859607e-13
       844        622528        7.88036146e-06    4.8097909281e-13
       845        630720        7.23788613e-06    4.4176551073e-13
       846        638912        6.50506271e-06    3.9703751866e-13
       847        647104        5.67185251e-06    3.4618240439e-13
       848        655296        4.80852629e-06    2.9348915346e-13
       849        663488        4.73825555e-06    2.8920016792e-13
       850        671680        4.08574155e-06    2.4937387361e-13
       851        679872        3.23245400e-06    1.9729333489e-13
       852        688064        2.75059750e-06    1.6788314831e-13
       853        696256        2.75059750e-06    1.6788314832e-13
       854        704448        2.01777408e-06    1.2315515624e-13
       855        712640        1.69653642e-06    1.0354836519e-13
       856        720832        1.55599494e-06    9.4970394111e-14
       857        729024        1.30502801e-06    7.9652588610e-14
       858        737216        1.06409976e-06    6.4947495328e-14
       859        745408        8.33210192e-07    5.0855114265e-14
       860        753600        7.12746068e-07    4.3502567624e-14
       861        761792        5.82243267e-07    3.5537308763e-14
       862        769984        3.41315019e-07    2.0832215483e-14
       863        778176        3.61392373e-07    2.2057639923e-14
       864        786368        2.00773540e-07    1.2254244402e-14
       865        794560        1.70657509e-07    1.0416107742e-14
       866        802752        1.60618832e-07    9.8033955213e-15
       867        810944        1.10425447e-07    6.7398344209e-15
       868        819136        1.30502801e-07    7.9652588609e-15
       869        827328        6.02320621e-08    3.6762733206e-15
       870        835520        2.00773540e-08    1.2254244402e-15
       871        843712        3.01160310e-08    1.8381366603e-15
       872        851904        1.00386770e-08    6.1271222011e-16
       873        860096        0.00000000e+00    0.0000000000e+00
       874        868288        1.00386770e-08    6.1271222011e-16
       875        876480        1.00386770e-08    6.1271222011e-16
       876        884672        1.00386770e-08    6.1271222011e-16
