         2             2        3.23660294e+03    3.1607450625e-01
         3             3        4.58123190e+02    4.4738592747e-02
         4             4        1.51259905e+02    1.4771475103e-02
         5             5        6.70357093e+01    6.5464559830e-03
         6             6        3.25900097e+01    3.1826181374e-03
         7             7        1.97274830e+01    1.9265120104e-03
         8             8        1.31098417e+01    1.2802579738e-03
         9             9        8.74223118e+00    8.5373351350e-04
        10            10        6.40473133e+00    6.2546204403e-04
        11            11        4.84114796e+00    4.7276835516e-04
        12            12        3.73109917e+00    3.6436515302e-04
        13            13        2.97264267e+00    2.9029713571e-04
        14            14        2.42220161e+00    2.3654312640e-04
        15            15        1.99659065e+00    1.9497955591e-04
        16            16        1.68021545e+00    1.6408354044e-04
        17            17        1.42802528e+00    1.3945559412e-04
        18            18        1.22937355e+00    1.2005601078e-04
        19            19        1.06826893e+00    1.0432313755e-04
        20            20        9.35863419e-01    9.1392911970e-05
        21            21        8.26885872e-01    8.0750573426e-05
        22            22        7.35820312e-01    7.1857452392e-05
        23            23        6.58834419e-01    6.4339298755e-05
        24            24        5.92889404e-01    5.7899355889e-05
        25            25        5.36678696e-01    5.2410028875e-05
        26            26        4.87976074e-01    4.7653913498e-05
        27            27        4.45174103e-01    4.3474033475e-05
        28            28        4.08430672e-01    3.9885807783e-05
        29            29        3.75686569e-01    3.6688141525e-05
        30            30        3.46508179e-01    3.3838689327e-05
        31            31        3.21086197e-01    3.1356073916e-05
        32            32        2.97978477e-01    2.9099460690e-05
        33            33        2.77567482e-01    2.7106199414e-05
        34            34        2.59046860e-01    2.5297544897e-05
        35            35        2.42365112e-01    2.3668467999e-05
        36            36        2.27252159e-01    2.2192593664e-05
        37            37        2.13525620e-01    2.0852111280e-05
        38            38        2.01135902e-01    1.9642177970e-05
        39            39        1.89668732e-01    1.8522337079e-05
        40            40        1.79206696e-01    1.7500653863e-05
        41            41        1.69586678e-01    1.6561198980e-05
        42            42        1.60598450e-01    1.5683442354e-05
        43            43        1.52363548e-01    1.4879252762e-05
        44            44        1.44901352e-01    1.4150522649e-05
        45            45        1.37816887e-01    1.3458680362e-05
        46            46        1.31429863e-01    1.2834947556e-05
        47            47        1.25434799e-01    1.2249492109e-05
        48            48        1.19831085e-01    1.1702254414e-05
        49            49        1.14423485e-01    1.1174168438e-05
        50            50        1.09597054e-01    1.0702837259e-05
        51            51        1.04899254e-01    1.0244067758e-05
        52            52        1.00538483e-01    9.8182111979e-06
        53            53        9.66889191e-02    9.4422772527e-06
        54            54        9.27732468e-02    9.0598873794e-06
        55            55        8.91090012e-02    8.7020508945e-06
        56            56        8.58370972e-02    8.3825290203e-06
        57            57        8.27881241e-02    8.0847777426e-06
        58            58        7.96638107e-02    7.7796690166e-06
        59            59        7.68539429e-02    7.5052678585e-06
        60            60        7.42313004e-02    7.2491504252e-06
        61            61        7.16131210e-02    6.9934688508e-06
        62            62        6.91029739e-02    6.7483372987e-06
        63            63        6.69960785e-02    6.5425857902e-06
        64            64        6.47441483e-02    6.3226707279e-06
        65            66        1.23362617e-01    6.0235653073e-06
        66            68        1.15951195e-01    5.6616794318e-06
        67            70        1.08952713e-01    5.3199566901e-06
        68            72        1.02785034e-01    5.0188004970e-06
        69            74        9.70776367e-02    4.7401189804e-06
        70            76        9.17962646e-02    4.4822394848e-06
        71            78        8.70483017e-02    4.2504053563e-06
        72            80        8.26295471e-02    4.0346458554e-06
        73            82        7.84987640e-02    3.8329474628e-06
        74            84        7.47036362e-02    3.6476384849e-06
        75            86        7.11148453e-02    3.4724045545e-06
        76            88        6.79660797e-02    3.3186562359e-06
        77            90        6.49049377e-02    3.1691864133e-06
        78            92        6.21210480e-02    3.0332542956e-06
        79            94        5.93889618e-02    2.8998516500e-06
        80            96        5.69817352e-02    2.7823112905e-06
        81            98        5.45674896e-02    2.6644282043e-06
        82           100        5.24338150e-02    2.5602448732e-06
        83           102        5.03779221e-02    2.4598594755e-06
        84           104        4.84924316e-02    2.3677945137e-06
        85           106        4.67148209e-02    2.2809971124e-06
        86           108        4.50180435e-02    2.1981466561e-06
        87           110        4.33646393e-02    2.1174140274e-06
        88           112        4.18391037e-02    2.0429249853e-06
        89           114        4.04257202e-02    1.9739121198e-06
        90           116        3.89036942e-02    1.8995944411e-06
        91           118        3.76132584e-02    1.8365848810e-06
        92           120        3.65074158e-02    1.7825886608e-06
        93           122        3.52718353e-02    1.7222575844e-06
        94           124        3.41651535e-02    1.6682203859e-06
        95           126        3.30725861e-02    1.6148723662e-06
        96           128        3.20996475e-02    1.5673656017e-06
        97           130        3.11426544e-02    1.5206374228e-06
        98           132        3.02248001e-02    1.4758203179e-06
        99           134        2.93530655e-02    1.4332551509e-06
       100           136        2.85033035e-02    1.3917628676e-06
       101           138        2.77421951e-02    1.3545993715e-06
       102           140        2.69061661e-02    1.3137776404e-06
       103           142        2.62054443e-02    1.2795627117e-06
       104           144        2.55390930e-02    1.2470260262e-06
       105           146        2.48762894e-02    1.2146625668e-06
       106           148        2.41890335e-02    1.1811051518e-06
       107           150        2.35213470e-02    1.1485032737e-06
       108           152        2.30030441e-02    1.1231955141e-06
       109           154        2.24180984e-02    1.0946337134e-06
       110           156        2.17958450e-02    1.0642502457e-06
       111           158        2.13073349e-02    1.0403972119e-06
       112           160        2.07629395e-02    1.0138154030e-06
       113           162        2.03287125e-02    9.9261291326e-07
       114           164        1.98205566e-02    9.6780061722e-07
       115           166        1.92892456e-02    9.4185769558e-07
       116           168        1.89229202e-02    9.2397071421e-07
       117           170        1.84574890e-02    9.0124458075e-07
       118           172        1.80773163e-02    8.8268145919e-07
       119           174        1.77094269e-02    8.6471810937e-07
       120           176        1.73071671e-02    8.4507651627e-07
       121           178        1.69361496e-02    8.2696042954e-07
       122           180        1.65520859e-02    8.0820731819e-07
       123           182        1.61689377e-02    7.8949891031e-07
       124           184        1.58413315e-02    7.7350251376e-07
       125           186        1.55956650e-02    7.6150707901e-07
       126           188        1.52407074e-02    7.4417516590e-07
       127           190        1.48899841e-02    7.2705000639e-07
       128           192        1.46178818e-02    7.1376375854e-07
       129           196        2.83941650e-02    6.9321691990e-07
       130           200        2.73044586e-02    6.6661275923e-07
       131           204        2.63167191e-02    6.4249802381e-07
       132           208        2.54072189e-02    6.2029343099e-07
       133           212        2.43933105e-02    5.9553980828e-07
       134           216        2.36183167e-02    5.7661905885e-07
       135           220        2.27782059e-02    5.5610854179e-07
       136           224        2.20426559e-02    5.3815077990e-07
       137           228        2.12826157e-02    5.1959510893e-07
       138           232        2.05602646e-02    5.0195958465e-07
       139           236        1.99415588e-02    4.8685446381e-07
       140           240        1.92861557e-02    4.7085341067e-07
       141           244        1.87565613e-02    4.5792385936e-07
       142           248        1.81851196e-02    4.4397264719e-07
       143           252        1.76467896e-02    4.3082982302e-07
       144           256        1.71196365e-02    4.1795987636e-07
       145           260        1.66130829e-02    4.0559284389e-07
       146           264        1.61247635e-02    3.9367098362e-07
       147           268        1.56730652e-02    3.8264319300e-07
       148           272        1.52419662e-02    3.7211831659e-07
       149           276        1.48433685e-02    3.6238692701e-07
       150           280        1.44130707e-02    3.5188160836e-07
       151           284        1.40789795e-02    3.4372508525e-07
       152           288        1.36467743e-02    3.3317320049e-07
       153           292        1.33727646e-02    3.2648351043e-07
       154           296        1.29686356e-02    3.1661707908e-07
       155           300        1.26600266e-02    3.0908267945e-07
       156           304        1.23579788e-02    3.0170846731e-07
       157           308        1.20705795e-02    2.9469188303e-07
       158           312        1.18058395e-02    2.8822850436e-07
       159           316        1.14846802e-02    2.8038769960e-07
       160           320        1.12324142e-02    2.7422886342e-07
       161           324        1.10083389e-02    2.6875827462e-07
       162           328        1.07176208e-02    2.6166066528e-07
       163           332        1.04787827e-02    2.5582965463e-07
       164           336        1.02612305e-02    2.5051832199e-07
       165           340        1.00292587e-02    2.4485494942e-07
       166           344        9.83203888e-03    2.4004001170e-07
       167           348        9.57202911e-03    2.3369211704e-07
       168           352        9.38800812e-03    2.2919941693e-07
       169           356        9.22428131e-03    2.2520218044e-07
       170           360        9.01390076e-03    2.2006593644e-07
       171           364        8.82919312e-03    2.1555647254e-07
       172           368        8.65573883e-03    2.1132174879e-07
       173           372        8.50227356e-03    2.0757503807e-07
       174           376        8.32786560e-03    2.0331703127e-07
       175           380        8.16173553e-03    1.9926112145e-07
       176           384        8.03340912e-03    1.9612815231e-07
       177           388        7.87151337e-03    1.9217561931e-07
       178           392        7.72739410e-03    1.8865708261e-07
       179           396        7.55954742e-03    1.8455926329e-07
       180           400        7.44262695e-03    1.8170475960e-07
       181           404        7.27649689e-03    1.7764884979e-07
       182           408        7.17784882e-03    1.7524044961e-07
       183           412        7.02106476e-03    1.7141271383e-07
       184           416        6.91856384e-03    1.6891025007e-07
       185           420        6.75868988e-03    1.6500707716e-07
       186           424        6.67007446e-03    1.6284361482e-07
       187           428        6.53266907e-03    1.5948899090e-07
       188           432        6.44817352e-03    1.5742611140e-07
       189           436        6.32011414e-03    1.5429966152e-07
       190           440        6.21631622e-03    1.5176553279e-07
       191           444        6.12701416e-03    1.4958530664e-07
       192           448        6.02970123e-03    1.4720950276e-07
       193           456        1.17238235e-02    1.4311308041e-07
       194           464        1.13618088e-02    1.3869395480e-07
       195           472        1.10185623e-02    1.3450393453e-07
       196           480        1.06830597e-02    1.3040844351e-07
       197           488        1.03824997e-02    1.2673949823e-07
       198           496        1.00933456e-02    1.2320978567e-07
       199           504        9.73461151e-03    1.1883070693e-07
       200           512        9.46838379e-03    1.1558085680e-07
       201           520        9.25151825e-03    1.1293357238e-07
       202           528        8.97914886e-03    1.0960875079e-07
       203           536        8.69167328e-03    1.0609952733e-07
       204           544        8.51196289e-03    1.0390579700e-07
       205           552        8.29154968e-03    1.0121520608e-07
       206           560        8.03340912e-03    9.8064076156e-08
       207           568        7.82566071e-03    9.5528084783e-08
       208           576        7.65796661e-03    9.3481037766e-08
       209           584        7.43354797e-03    9.0741552413e-08
       210           592        7.27531433e-03    8.8809989393e-08
       211           600        7.09053040e-03    8.6554326118e-08
       212           608        6.92749023e-03    8.4564089775e-08
       213           616        6.73305511e-03    8.2190614193e-08
       214           624        6.57505035e-03    8.0261845142e-08
       215           632        6.43943787e-03    7.8606419265e-08
       216           640        6.29558563e-03    7.6850410551e-08
       217           648        6.15539551e-03    7.5139105320e-08
       218           656        6.00433350e-03    7.3295086622e-08
       219           664        5.87989807e-03    7.1776099503e-08
       220           672        5.74718475e-03    7.0156063884e-08
       221           680        5.62564850e-03    6.8672467023e-08
       222           688        5.50960541e-03    6.7255925387e-08
       223           696        5.36636353e-03    6.5507367253e-08
       224           704        5.29869080e-03    6.4681284130e-08
       225           712        5.16532898e-03    6.3053332269e-08
       226           720        5.07442474e-03    6.1943661421e-08
       227           728        4.96604919e-03    6.0620717704e-08
       228           736        4.86019135e-03    5.9328507632e-08
       229           744        4.79213715e-03    5.8497767895e-08
       230           752        4.67941284e-03    5.7121738792e-08
       231           760        4.58095551e-03    5.5919867009e-08
       232           768        4.52323914e-03    5.5215321481e-08
       233           776        4.43603516e-03    5.4150819779e-08
       234           784        4.34726715e-03    5.3067225963e-08
       235           792        4.25411224e-03    5.1930081099e-08
       236           800        4.19143677e-03    5.1164999604e-08
       237           808        4.10247803e-03    5.0079077483e-08
       238           816        4.03266907e-03    4.9226917326e-08
       239           824        3.97132874e-03    4.8478133975e-08
       240           832        3.90613556e-03    4.7682318836e-08
       241           840        3.83392334e-03    4.6800822020e-08
       242           848        3.74462128e-03    4.5710708946e-08
       243           856        3.66867065e-03    4.4783577323e-08
       244           864        3.62983704e-03    4.4309534132e-08
       245           872        3.56857300e-03    4.3561682105e-08
       246           880        3.50471497e-03    4.2782165110e-08
       247           888        3.46008301e-03    4.2237341405e-08
       248           896        3.39126587e-03    4.1397288442e-08
       249           904        3.34278107e-03    4.0805432946e-08
       250           912        3.28735352e-03    4.0128827095e-08
       251           920        3.25096130e-03    3.9684586226e-08
       252           928        3.19789886e-03    3.9036851377e-08
       253           936        3.14792633e-03    3.8426835090e-08
       254           944        3.08837891e-03    3.7699937820e-08
       255           952        3.03558350e-03    3.7055462599e-08
       256           960        3.00395966e-03    3.6669429392e-08
       257           976        5.86135864e-03    3.5774894059e-08
       258           992        5.72612762e-03    3.4949509427e-08
       259          1008        5.50586700e-03    3.3605145291e-08
       260          1024        5.38257599e-03    3.2852636650e-08
       261          1040        5.22518158e-03    3.1891977415e-08
       262          1056        5.09143829e-03    3.1075673177e-08
       263          1072        4.94098663e-03    3.0157389119e-08
       264          1088        4.81040955e-03    2.9360409826e-08
       265          1104        4.69089508e-03    2.8630951419e-08
       266          1120        4.56707001e-03    2.7875183150e-08
       267          1136        4.44389343e-03    2.7123373002e-08
       268          1152        4.35047150e-03    2.6553170756e-08
       269          1168        4.21989441e-03    2.5756191462e-08
       270          1184        4.09713745e-03    2.5006942451e-08
       271          1200        4.03411865e-03    2.4622306228e-08
       272          1216        3.92486572e-03    2.3955479264e-08
       273          1232        3.81771088e-03    2.3301457986e-08
       274          1248        3.75308990e-03    2.2907042876e-08
       275          1264        3.68019104e-03    2.2462103517e-08
       276          1280        3.57490540e-03    2.1819490939e-08
       277          1296        3.50536346e-03    2.1395040676e-08
       278          1312        3.40167999e-03    2.0762206986e-08
       279          1328        3.31859589e-03    2.0255101845e-08
       280          1344        3.26835632e-03    1.9948463887e-08
       281          1360        3.19396973e-03    1.9494444132e-08
       282          1376        3.14533234e-03    1.9197585062e-08
       283          1392        3.07476044e-03    1.8766848370e-08
       284          1408        3.01132202e-03    1.8379651010e-08
       285          1424        2.93605804e-03    1.7920276150e-08
       286          1440        2.88883209e-03    1.7632031814e-08
       287          1456        2.81890869e-03    1.7205253244e-08
       288          1472        2.78186798e-03    1.6979174689e-08
       289          1488        2.72640228e-03    1.6640638933e-08
       290          1504        2.68630981e-03    1.6395933926e-08
       291          1520        2.62477875e-03    1.6020378098e-08
       292          1536        2.58178711e-03    1.5757977963e-08
       293          1552        2.51171112e-03    1.5330268070e-08
       294          1568        2.46059418e-03    1.5018275007e-08
       295          1584        2.40497589e-03    1.4678807929e-08
       296          1600        2.40604401e-03    1.4685327188e-08
       297          1616        2.33570099e-03    1.4255987480e-08
       298          1632        2.31101990e-03    1.4105346054e-08
       299          1648        2.25082397e-03    1.3737939298e-08
       300          1664        2.23793030e-03    1.3659242540e-08
       301          1680        2.18677521e-03    1.3347016648e-08
       302          1696        2.14290619e-03    1.3079261407e-08
       303          1712        2.11456299e-03    1.2906268240e-08
       304          1728        2.07405090e-03    1.2659002095e-08
       305          1744        2.04574585e-03    1.2486241757e-08
       306          1760        2.01816559e-03    1.2317905203e-08
       307          1776        1.97151184e-03    1.2033153325e-08
       308          1792        1.94629669e-03    1.1879252270e-08
       309          1808        1.91623688e-03    1.1695781722e-08
       310          1824        1.88137054e-03    1.1482974515e-08
       311          1840        1.83490753e-03    1.1199386790e-08
       312          1856        1.82273865e-03    1.1125113815e-08
       313          1872        1.79618835e-03    1.0963063687e-08
       314          1888        1.77604675e-03    1.0840129107e-08
       315          1904        1.75079346e-03    1.0685995221e-08
       316          1920        1.72206879e-03    1.0510673747e-08
       317          1936        1.69322968e-03    1.0334653780e-08
       318          1952        1.65893555e-03    1.0125339031e-08
       319          1968        1.63604736e-03    9.9856406451e-09
       320          1984        1.59576416e-03    9.7397714854e-09
       321          2016        3.14998627e-03    9.6129951999e-09
       322          2048        3.08029175e-03    9.4003044069e-09
       323          2080        3.00804138e-03    9.1798137873e-09
       324          2112        2.92259216e-03    8.9190434664e-09
       325          2144        2.84797668e-03    8.6913350970e-09
       326          2176        2.76809692e-03    8.4475614131e-09
       327          2208        2.67841339e-03    8.1738689914e-09
       328          2240        2.62397766e-03    8.0077443272e-09
       329          2272        2.55508423e-03    7.7974982560e-09
       330          2304        2.49874115e-03    7.6255528256e-09
       331          2336        2.42771149e-03    7.4087874964e-09
       332          2368        2.36461639e-03    7.2162365541e-09
       333          2400        2.30411530e-03    7.0316018537e-09
       334          2432        2.24422455e-03    6.8488297984e-09
       335          2464        2.21359253e-03    6.7553482950e-09
       336          2496        2.15103149e-03    6.5644271672e-09
       337          2528        2.08812714e-03    6.3724583014e-09
       338          2560        2.05215454e-03    6.2626786530e-09
       339          2592        1.99630737e-03    6.0922466219e-09
       340          2624        1.94877625e-03    5.9471931308e-09
       341          2656        1.92646027e-03    5.8790901676e-09
       342          2688        1.87824249e-03    5.7319412008e-09
       343          2720        1.83242798e-03    5.5921263993e-09
       344          2752        1.79710388e-03    5.4843258113e-09
       345          2784        1.75666809e-03    5.3609255701e-09
       346          2816        1.72363281e-03    5.2601099014e-09
       347          2848        1.69487000e-03    5.1723327487e-09
       348          2880        1.65866852e-03    5.0618546084e-09
       349          2912        1.62181854e-03    4.9493974075e-09
       350          2944        1.60572052e-03    4.9002701416e-09
       351          2976        1.55704498e-03    4.7517241911e-09
       352          3008        1.53400421e-03    4.6814093366e-09
       353          3040        1.50150299e-03    4.5822234824e-09
       354          3072        1.49192810e-03    4.5530032367e-09
       355          3104        1.45088196e-03    4.4277403504e-09
       356          3136        1.42421722e-03    4.3463660405e-09
       357          3168        1.41109467e-03    4.3063191697e-09
       358          3200        1.37306213e-03    4.1902530938e-09
       359          3232        1.35963440e-03    4.1492749005e-09
       360          3264        1.32328033e-03    4.0383310989e-09
       361          3296        1.30020142e-03    3.9678998292e-09
       362          3328        1.28677368e-03    3.9269216359e-09
       363          3360        1.25106812e-03    3.8179568946e-09
       364          3392        1.23641968e-03    3.7732534110e-09
       365          3424        1.22486114e-03    3.7379795685e-09
       366          3456        1.19396210e-03    3.6436831579e-09
       367          3488        1.17061615e-03    3.5724369809e-09
       368          3520        1.15390778e-03    3.5214470699e-09
       369          3552        1.13712311e-03    3.4702243284e-09
       370          3584        1.10927582e-03    3.3852411434e-09
       371          3616        1.09615326e-03    3.3451942726e-09
       372          3648        1.09039307e-03    3.3276155591e-09
       373          3680        1.05991364e-03    3.2345997170e-09
       374          3712        1.06021881e-03    3.2355310395e-09
       375          3744        1.03733063e-03    3.1656818464e-09
       376          3776        1.02573395e-03    3.1302915886e-09
       377          3808        9.98954773e-04    3.0485680327e-09
       378          3840        9.90142822e-04    3.0216760934e-09
       379          3872        9.67063904e-04    2.9512448236e-09
       380          3904        9.59892273e-04    2.9293587431e-09
       381          3936        9.36126709e-04    2.8568319976e-09
       382          3968        9.30099487e-04    2.8384383768e-09
       383          4000        9.19990540e-04    2.8075883164e-09
       384          4032        9.11102295e-04    2.7804635465e-09
       385          4096        1.77898407e-03    2.7145142666e-09
       386          4160        1.70425415e-03    2.6004854589e-09
       387          4224        1.67037964e-03    2.5487970560e-09
       388          4288        1.65069580e-03    2.5187619030e-09
       389          4352        1.59973145e-03    2.4409964681e-09
       390          4416        1.54487610e-03    2.3572938517e-09
       391          4480        1.50638580e-03    2.2985623218e-09
       392          4544        1.46820068e-03    2.2402964532e-09
       393          4608        1.44184113e-03    2.2000749596e-09
       394          4672        1.41525269e-03    2.1595042200e-09
       395          4736        1.36337280e-03    2.0803418011e-09
       396          4800        1.34063721e-03    2.0456500351e-09
       397          4864        1.29241943e-03    1.9720755518e-09
       398          4928        1.26781464e-03    1.9345316105e-09
       399          4992        1.23069763e-03    1.8778955564e-09
       400          5056        1.20277405e-03    1.8352875486e-09
       401          5120        1.19033813e-03    1.8163118511e-09
       402          5184        1.17057800e-03    1.7861602828e-09
       403          5248        1.12800598e-03    1.7212005332e-09
       404          5312        1.12976074e-03    1.7238780856e-09
       405          5376        1.09107971e-03    1.6648555174e-09
       406          5440        1.06811523e-03    1.6298145055e-09
       407          5504        1.04850769e-03    1.5998957678e-09
       408          5568        1.01982117e-03    1.5561236068e-09
       409          5632        1.00418091e-03    1.5322584659e-09
       410          5696        9.83886719e-04    1.5012919903e-09
       411          5760        9.58213806e-04    1.4621182345e-09
       412          5824        9.46159363e-04    1.4437246136e-09
       413          5888        9.27009583e-04    1.4145043678e-09
       414          5952        9.01336670e-04    1.3753306121e-09
       415          6016        8.97331238e-04    1.3692188076e-09
       416          6080        8.67805481e-04    1.3241660781e-09
       417          6144        8.51631165e-04    1.2994860299e-09
       418          6208        8.39195251e-04    1.2805103324e-09
       419          6272        8.34693909e-04    1.2736418285e-09
       420          6336        8.06808472e-04    1.2310920283e-09
       421          6400        7.99255371e-04    1.2195669114e-09
       422          6464        7.88154602e-04    1.2026284821e-09
       423          6528        7.68470764e-04    1.1725933292e-09
       424          6592        7.52487183e-04    1.1482043192e-09
       425          6656        7.41462708e-04    1.1313823052e-09
       426          6720        7.30018616e-04    1.1139200069e-09
       427          6784        7.12013245e-04    1.0864459910e-09
       428          6848        7.19375610e-04    1.0976800695e-09
       429          6912        7.00302124e-04    1.0685762390e-09
       430          6976        6.80770874e-04    1.0387739167e-09
       431          7040        6.79283142e-04    1.0365038179e-09
       432          7104        6.67343140e-04    1.0182848200e-09
       433          7168        6.47811890e-04    9.8848249766e-10
       434          7232        6.33544922e-04    9.6671283244e-10
       435          7296        6.31179810e-04    9.6310395750e-10
       436          7360        6.25686646e-04    9.5472205431e-10
       437          7424        6.20117188e-04    9.4622373580e-10
       438          7488        5.99899292e-04    9.1537367554e-10
       439          7552        5.99403381e-04    9.1461697593e-10
       440          7616        5.71403503e-04    8.7189255282e-10
       441          7680        5.80711365e-04    8.8609522208e-10
       442          7744        5.70373535e-04    8.7032094599e-10
       443          7808        5.61065674e-04    8.5611827671e-10
       444          7872        5.54046631e-04    8.4540806710e-10
       445          7936        5.40924072e-04    8.2538463176e-10
       446          8000        5.34591675e-04    8.1572216004e-10
       447          8064        5.24177551e-04    7.9983146861e-10
       448          8128        5.26008606e-04    8.0262543634e-10
       449          8256        1.02622986e-03    7.8295124694e-10
       450          8384        9.95407104e-04    7.5943535194e-10
       451          8512        9.69390869e-04    7.3958653956e-10
       452          8640        9.50164795e-04    7.2491820901e-10
       453          8768        9.25254822e-04    7.0591340773e-10
       454          8896        8.97407532e-04    6.8466761150e-10
       455          9024        8.75892639e-04    6.6825305111e-10
       456          9152        8.48426819e-04    6.4729829319e-10
       457          9280        8.35914612e-04    6.3775223680e-10
       458          9408        8.19435120e-04    6.2517938204e-10
       459          9536        7.95707703e-04    6.0707679950e-10
       460          9664        7.84873962e-04    5.9881131164e-10
       461          9792        7.63664246e-04    5.8262958192e-10
       462          9920        7.39059448e-04    5.6385761127e-10
       463         10048        7.13882446e-04    5.4464908317e-10
       464         10176        7.12165833e-04    5.4333941079e-10
       465         10304        6.87522888e-04    5.2453833632e-10
       466         10432        6.76345825e-04    5.1601091400e-10
       467         10560        6.65817261e-04    5.0797825679e-10
       468         10688        6.44149780e-04    4.9144728109e-10
       469         10816        6.43043518e-04    4.9060327001e-10
       470         10944        6.22825623e-04    4.7517823986e-10
       471         11072        6.08520508e-04    4.6426430345e-10
       472         11200        6.07719421e-04    4.6365312301e-10
       473         11328        5.85441589e-04    4.4665648602e-10
       474         11456        5.76553345e-04    4.3987529352e-10
       475         11584        5.63545227e-04    4.2995088734e-10
       476         11712        5.54656982e-04    4.2316969484e-10
       477         11840        5.37414551e-04    4.1001476348e-10
       478         11968        5.26046753e-04    4.0134182200e-10
       479         12096        5.22041321e-04    3.9828591980e-10
       480         12224        5.21583557e-04    3.9793667383e-10
       481         12352        5.07049561e-04    3.8684811443e-10
       482         12480        4.94995117e-04    3.7765130401e-10
       483         12608        4.94575500e-04    3.7733116187e-10
       484         12736        4.82406616e-04    3.6804703996e-10
       485         12864        4.69055176e-04    3.5786069929e-10
       486         12992        4.64019775e-04    3.5401899367e-10
       487         13120        4.55131531e-04    3.4723780118e-10
       488         13248        4.55207825e-04    3.4729600884e-10
       489         13376        4.38919067e-04    3.3486867324e-10
       490         13504        4.35714722e-04    3.3242395148e-10
       491         13632        4.30450439e-04    3.2840762287e-10
       492         13760        4.20646667e-04    3.2092793845e-10
       493         13888        4.11071777e-04    3.1362287700e-10
       494         14016        4.04357910e-04    3.0850060285e-10
       495         14144        4.06913757e-04    3.1045055948e-10
       496         14272        3.93295288e-04    3.0006049201e-10
       497         14400        3.91502380e-04    2.9869261197e-10
       498         14528        3.83796692e-04    2.9281363822e-10
       499         14656        3.69415283e-04    2.8184149415e-10
       500         14784        3.60221863e-04    2.7482747100e-10
       501         14912        3.67050171e-04    2.8003705666e-10
       502         15040        3.62129211e-04    2.7628266253e-10
       503         15168        3.53698730e-04    2.6985071600e-10
       504         15296        3.43246460e-04    2.6187626645e-10
       505         15424        3.38363647e-04    2.5815097615e-10
       506         15552        3.47785950e-04    2.6533962227e-10
       507         15680        3.34701538e-04    2.5535700842e-10
       508         15808        3.33900452e-04    2.5474582799e-10
       509         15936        3.29055786e-04    2.5104964152e-10
       510         16064        3.27148437e-04    2.4959445000e-10
       511         16192        3.14025879e-04    2.3958273232e-10
       512         16320        3.11775208e-04    2.3786560632e-10
       513         16576        6.21261597e-04    2.3699249141e-10
       514         16832        5.89942932e-04    2.2504536900e-10
       515         17088        5.81817627e-04    2.2194581106e-10
       516         17344        5.67512512e-04    2.1648884285e-10
       517         17600        5.50117493e-04    2.0985316951e-10
       518         17856        5.34057617e-04    2.0372681320e-10
       519         18112        5.21240234e-04    1.9883736968e-10
       520         18368        5.07240295e-04    1.9349681679e-10
       521         18624        5.02815247e-04    1.9180879463e-10
       522         18880        4.94117737e-04    1.8849095795e-10
       523         19136        4.77371216e-04    1.8210266717e-10
       524         19392        4.70848083e-04    1.7961428965e-10
       525         19648        4.53605652e-04    1.7303682398e-10
       526         19904        4.43038940e-04    1.6900594346e-10
       527         20160        4.39529419e-04    1.6766716726e-10
       528         20416        4.31709290e-04    1.6468402464e-10
       529         20672        4.23736572e-04    1.6164267436e-10
       530         20928        4.06265259e-04    1.5497789718e-10
       531         21184        4.02488708e-04    1.5353725758e-10
       532         21440        3.93562317e-04    1.5013210941e-10
       533         21696        3.82461548e-04    1.4589750208e-10
       534         21952        3.79562378e-04    1.4479155652e-10
       535         22208        3.68766785e-04    1.4067336452e-10
       536         22464        3.68843079e-04    1.4070246834e-10
       537         22720        3.49884033e-04    1.3347016647e-10
       538         22976        3.44429016e-04    1.3138924259e-10
       539         23232        3.45687866e-04    1.3186945580e-10
       540         23488        3.38287354e-04    1.2904638424e-10
       541         23744        3.28445435e-04    1.2529199011e-10
       542         24000        3.27682495e-04    1.2500095180e-10
       543         24256        3.19747925e-04    1.2197415345e-10
       544         24512        3.17077637e-04    1.2095551938e-10
       545         24768        3.10211182e-04    1.1833617463e-10
       546         25024        3.01551819e-04    1.1503288988e-10
       547         25280        2.93502808e-04    1.1196243576e-10
       548         25536        2.94418335e-04    1.1231168173e-10
       549         25792        2.85186768e-04    1.0879011824e-10
       550         26048        2.82897949e-04    1.0791700333e-10
       551         26304        2.71987915e-04    1.0375515558e-10
       552         26560        2.75802612e-04    1.0521034710e-10
       553         26816        2.66189575e-04    1.0154326447e-10
       554         27072        2.62222290e-04    1.0002986528e-10
       555         27328        2.56767273e-04    9.7948941401e-11
       556         27584        2.57034302e-04    9.8050804806e-11
       557         27840        2.50968933e-04    9.5737050288e-11
       558         28096        2.43492126e-04    9.2884874901e-11
       559         28352        2.39868164e-04    9.1502442957e-11
       560         28608        2.39181519e-04    9.1240508484e-11
       561         28864        2.36015320e-04    9.0032699515e-11
       562         29120        2.27241516e-04    8.6685759014e-11
       563         29376        2.29721069e-04    8.7631633504e-11
       564         29632        2.21710205e-04    8.4575731307e-11
       565         29888        2.20985413e-04    8.4299244917e-11
       566         30144        2.18238831e-04    8.3251507020e-11
       567         30400        2.17628479e-04    8.3018676378e-11
       568         30656        2.10456848e-04    8.0282916315e-11
       569         30912        2.07786560e-04    7.9264282248e-11
       570         31168        2.05307007e-04    7.8318407759e-11
       571         31424        2.01721191e-04    7.6950527727e-11
       572         31680        1.92604065e-04    7.3472619988e-11
       573         31936        1.92146301e-04    7.3297997004e-11
       574         32192        1.92070007e-04    7.3268893175e-11
       575         32448        1.88446045e-04    7.1886461228e-11
       576         32704        1.87911987e-04    7.1682734415e-11
       577         33216        3.67164612e-04    7.0031092036e-11
       578         33728        3.54843140e-04    6.7680957727e-11
       579         34240        3.48701477e-04    6.6509528551e-11
       580         34752        3.41911316e-04    6.5214408095e-11
       581         35264        3.30657959e-04    6.3068000599e-11
       582         35776        3.18336487e-04    6.0717866290e-11
       583         36288        3.09295654e-04    5.8993464335e-11
       584         36800        3.00865173e-04    5.7385477702e-11
       585         37312        2.96630859e-04    5.6577846408e-11
       586         37824        2.97355652e-04    5.6716089602e-11
       587         38336        2.80456543e-04    5.3492840379e-11
       588         38848        2.69775391e-04    5.1455572248e-11
       589         39360        2.68630981e-04    5.1237293519e-11
       590         39872        2.56156921e-04    4.8858055379e-11
       591         40384        2.58140564e-04    4.9236405175e-11
       592         40896        2.48146057e-04    4.7330104281e-11
       593         41408        2.42462158e-04    4.6245986596e-11
       594         41920        2.35214233e-04    4.4863554649e-11
       595         42432        2.34603882e-04    4.4747139328e-11
       596         42944        2.28195190e-04    4.3524778449e-11
       597         43456        2.25906372e-04    4.3088220992e-11
       598         43968        2.14614868e-04    4.0934537538e-11
       599         44480        2.13623047e-04    4.0745362640e-11
       600         44992        2.09045410e-04    3.9872247726e-11
       601         45504        2.05078125e-04    3.9115548134e-11
       602         46016        2.05001831e-04    3.9100996219e-11
       603         46528        1.99432373e-04    3.8038706407e-11
       604         47040        2.00233459e-04    3.8191501517e-11
       605         47552        1.94129944e-04    3.7027348299e-11
       606         48064        1.93557739e-04    3.6918208935e-11
       607         48576        1.86614990e-04    3.5593984649e-11
       608         49088        1.89476013e-04    3.6139681470e-11
       609         49600        1.87683105e-04    3.5797711462e-11
       610         50112        1.83753967e-04    3.5048287828e-11
       611         50624        1.81159973e-04    3.4553522710e-11
       612         51136        1.80473328e-04    3.4422555473e-11
       613         51648        1.76887512e-04    3.3738615458e-11
       614         52160        1.73873901e-04    3.3163814806e-11
       615         52672        1.72233582e-04    3.2850948628e-11
       616         53184        1.64451599e-04    3.1366653275e-11
       617         53696        1.70173645e-04    3.2458046917e-11
       618         54208        1.66664124e-04    3.1788658817e-11
       619         54720        1.66397095e-04    3.1737727113e-11
       620         55232        1.61323547e-04    3.0770024751e-11
       621         55744        1.63421631e-04    3.1170202419e-11
       622         56256        1.59759521e-04    3.0471710489e-11
       623         56768        1.60827637e-04    3.0675437302e-11
       624         57280        1.58462524e-04    3.0224327930e-11
       625         57792        1.59912109e-04    3.0500814319e-11
       626         58304        1.52740479e-04    2.9132934288e-11
       627         58816        1.54495239e-04    2.9467628337e-11
       628         59328        1.56135559e-04    2.9780494515e-11
       629         59840        1.51824951e-04    2.8958311305e-11
       630         60352        1.49192810e-04    2.8456270230e-11
       631         60864        1.52397156e-04    2.9067450669e-11
       632         61376        1.48887634e-04    2.8398062569e-11
       633         61888        1.49421692e-04    2.8499925975e-11
       634         62400        1.45492554e-04    2.7750502341e-11
       635         62912        1.48735046e-04    2.8368958738e-11
       636         63424        1.45301819e-04    2.7714122553e-11
       637         63936        1.46369934e-04    2.7917849366e-11
       638         64448        1.48124695e-04    2.8252543416e-11
       639         64960        1.46179199e-04    2.7881469578e-11
       640         65472        1.40914917e-04    2.6877387427e-11
       641         66496        2.84919739e-04    2.7172063710e-11
       642         67520        2.82821655e-04    2.6971974875e-11
       643         68544        2.82516479e-04    2.6942871046e-11
       644         69568        2.77938843e-04    2.6506313589e-11
       645         70592        2.77366638e-04    2.6451743906e-11
       646         71616        2.76336670e-04    2.6353518478e-11
       647         72640        2.79808044e-04    2.6684574550e-11
       648         73664        2.72827148e-04    2.6018824428e-11
       649         74688        2.73437500e-04    2.6077032089e-11
       650         75712        2.75917053e-04    2.6313500712e-11
       651         76736        2.67562866e-04    2.5516783353e-11
       652         77760        2.65007019e-04    2.5273038773e-11
       653         78784        2.72254944e-04    2.5964254747e-11
       654         79808        2.69203186e-04    2.5673216441e-11
       655         80832        2.66838074e-04    2.5447661756e-11
       656         81856        2.62641907e-04    2.5047484086e-11
       657         82880        2.67105103e-04    2.5473127607e-11
       658         83904        2.60848999e-04    2.4876499082e-11
       659         84928        2.63099670e-04    2.5091139832e-11
       660         85952        2.67562866e-04    2.5516783353e-11
       661         86976        2.68058777e-04    2.5564077078e-11
       662         88000        2.65121460e-04    2.5283952709e-11
       663         89024        2.71530151e-04    2.5895133149e-11
       664         90048        2.68936157e-04    2.5647750590e-11
       665         91072        2.62069702e-04    2.4992914405e-11
       666         92096        2.74963379e-04    2.6222551241e-11
       667         93120        2.64053345e-04    2.5182089303e-11
       668         94144        2.63900757e-04    2.5167537387e-11
       669         95168        2.61268616e-04    2.4916516850e-11
       670         96192        2.70881653e-04    2.5833287509e-11
       671         97216        2.66532898e-04    2.5418557925e-11
       672         98240        2.68249512e-04    2.5582266971e-11
       673         99264        2.62908936e-04    2.5072949938e-11
       674        100288        2.65617371e-04    2.5331246433e-11
       675        101312        2.64739990e-04    2.5247572921e-11
       676        102336        2.63481140e-04    2.5127519621e-11
       677        103360        2.66532898e-04    2.5418557925e-11
       678        104384        2.73170471e-04    2.6051566238e-11
       679        105408        2.65159607e-04    2.5287590689e-11
       680        106432        2.66990662e-04    2.5462213671e-11
       681        107456        2.67753601e-04    2.5534973247e-11
       682        108480        2.57301331e-04    2.4538167053e-11
       683        109504        2.66304016e-04    2.5396730052e-11
       684        110528        2.70233154e-04    2.5771441869e-11
       685        111552        2.60810852e-04    2.4872861103e-11
       686        112576        2.60047913e-04    2.4800101528e-11
       687        113600        2.58026123e-04    2.4607288651e-11
       688        114624        2.53868103e-04    2.4210748961e-11
       689        115648        2.61306763e-04    2.4920154829e-11
       690        116672        2.59704590e-04    2.4767359719e-11
       691        117696        2.56004333e-04    2.4414475774e-11
       692        118720        2.58636475e-04    2.4665496312e-11
       693        119744        2.51655579e-04    2.3999746190e-11
       694        120768        2.50091553e-04    2.3850589060e-11
       695        121792        2.53677368e-04    2.4192559067e-11
       696        122816        2.43415833e-04    2.3213942768e-11
       697        123840        2.49519348e-04    2.3796019377e-11
       698        124864        2.42347717e-04    2.3112079361e-11
       699        125888        2.42538452e-04    2.3130269255e-11
       700        126912        2.43072510e-04    2.3181200959e-11
       701        127936        2.35862732e-04    2.2493622964e-11
       702        128960        2.32353210e-04    2.2158928914e-11
       703        129984        2.33726501e-04    2.2289896151e-11
       704        131008        2.31857300e-04    2.2111635189e-11
       705        133056        4.53567505e-04    2.1627784008e-11
       706        135104        4.40826416e-04    2.1020241547e-11
       707        137152        4.27665710e-04    2.0392690204e-11
       708        139200        4.16412354e-04    1.9856088329e-11
       709        141248        4.03747559e-04    1.9252183848e-11
       710        143296        3.88183594e-04    1.8510036171e-11
       711        145344        3.77044678e-04    1.7978891265e-11
       712        147392        3.60794067e-04    1.7204001779e-11
       713        149440        3.44161987e-04    1.6410922399e-11
       714        151488        3.29475403e-04    1.5710611478e-11
       715        153536        3.07235718e-04    1.4650140657e-11
       716        155584        2.97927856e-04    1.4206307242e-11
       717        157632        2.78244019e-04    1.3267708709e-11
       718        159680        2.69355774e-04    1.2843884179e-11
       719        161728        2.47001648e-04    1.1777956387e-11
       720        163776        2.33955383e-04    1.1155862011e-11
       721        165824        2.15415955e-04    1.0271833161e-11
       722        167872        1.94702148e-04    9.2841219154e-12
       723        169920        1.83792114e-04    8.7638909461e-12
       724        171968        1.70059204e-04    8.1090547610e-12
       725        174016        1.54266357e-04    7.3559931479e-12
       726        176064        1.39236450e-04    6.6393113229e-12
       727        178112        1.23100281e-04    5.8698788052e-12
       728        180160        1.13105774e-04    5.3933035816e-12
       729        182208        1.02729797e-04    4.8985384638e-12
       730        184256        9.34219360e-05    4.4547050493e-12
       731        186304        8.05282593e-05    3.8398866310e-12
       732        188352        6.65664673e-05    3.1741365092e-12
       733        190400        6.08444214e-05    2.9012880987e-12
       734        192448        5.09262085e-05    2.4283508537e-12
       735        194496        4.32205200e-05    2.0609149943e-12
       736        196544        3.85284424e-05    1.8371792976e-12
       737        198592        3.47518921e-05    1.6570993466e-12
       738        200640        2.59017944e-05    1.2350938049e-12
       739        202688        2.14004517e-05    1.0204530553e-12
       740        204736        1.88827515e-05    9.0039975471e-13
       741        206784        1.39617920e-05    6.6575012167e-13
       742        208832        1.17874146e-05    5.6206772569e-13
       743        210880        9.26971436e-06    4.4201442507e-13
       744        212928        6.52313232e-06    3.1104718802e-13
       745        214976        6.29425049e-06    3.0013325160e-13
       746        217024        3.50952148e-06    1.6734702514e-13
       747        219072        2.93731689e-06    1.4006218409e-13
       748        221120        1.94549561e-06    9.2768459595e-14
       749        223168        1.52587891e-06    7.2759576155e-14
       750        225216        5.72204590e-07    2.7284841057e-14
       751        227264        4.57763672e-07    2.1827872848e-14
       752        229312        4.57763672e-07    2.1827872847e-14
       753        231360        1.90734863e-07    9.0949470200e-15
       754        233408        3.81469727e-08    1.8189894040e-15
       755        235456        1.14440918e-07    5.4569682120e-15
       756        237504        3.81469727e-08    1.8189894040e-15
       757        239552        3.81469727e-08    1.8189894040e-15
       758        241600        0.00000000e+00    0.0000000000e+00
       759        243648        0.00000000e+00    0.0000000000e+00
       760        245696        0.00000000e+00    0.0000000000e+00
       761        247744        3.81469727e-08    1.8189894040e-15
