         2             2        3.30982740e+03    3.2322533220e-01
         3             3        4.70541230e+02    4.5951292008e-02
         4             4        1.55779878e+02    1.5212878733e-02
         5             5        6.91981740e+01    6.7576341778e-03
         6             6        3.37018599e+01    3.2911972552e-03
         7             7        2.04294771e+01    1.9950661213e-03
         8             8        1.35952383e+01    1.3276599944e-03
         9             9        9.07990463e+00    8.8670943678e-04
        10            10        6.65703796e+00    6.5010136366e-04
        11            11        5.03619858e+00    4.9181626737e-04
        12            12        3.88638046e+00    3.7952934205e-04
        13            13        3.09877838e+00    3.0261507630e-04
        14            14        2.52664154e+00    2.4674233794e-04
        15            15        2.08518402e+00    2.0363125204e-04
        16            16        1.75541611e+00    1.7142735421e-04
        17            17        1.49372482e+00    1.4587156474e-04
        18            18        1.28686905e+00    1.2567080557e-04
        19            19        1.11849640e+00    1.0922816396e-04
        20            20        9.80503693e-01    9.5752313733e-05
        21            21        8.67198639e-01    8.4687367081e-05
        22            22        7.72535248e-01    7.5442895293e-05
        23            23        6.91935577e-01    6.7571833730e-05
        24            24        6.23126068e-01    6.0852155090e-05
        25            25        5.63983154e-01    5.5076479912e-05
        26            26        5.12694550e-01    5.0067827106e-05
        27            27        4.68542938e-01    4.5756146312e-05
        28            28        4.29763947e-01    4.1969135404e-05
        29            29        3.95529022e-01    3.8625881076e-05
        30            30        3.65339355e-01    3.5677671432e-05
        31            31        3.38003387e-01    3.3008143306e-05
        32            32        3.14047546e-01    3.0668705702e-05
        33            33        2.92786713e-01    2.8592452407e-05
        34            34        2.73649597e-01    2.6723593474e-05
        35            35        2.56283264e-01    2.5027662515e-05
        36            36        2.39934387e-01    2.3431092501e-05
        37            37        2.25766296e-01    2.2047489882e-05
        38            38        2.12435150e-01    2.0745620131e-05
        39            39        2.00621796e-01    1.9591972231e-05
        40            40        1.89554596e-01    1.8511191010e-05
        41            41        1.79453735e-01    1.7524778843e-05
        42            42        1.70043182e-01    1.6605779528e-05
        43            43        1.61621857e-01    1.5783384442e-05
        44            44        1.53571777e-01    1.4997243881e-05
        45            45        1.46254730e-01    1.4282688498e-05
        46            46        1.39664917e-01    1.3639152050e-05
        47            47        1.32973480e-01    1.2985691429e-05
        48            48        1.27022552e-01    1.2404546142e-05
        49            49        1.21524353e-01    1.1867612600e-05
        50            50        1.16433258e-01    1.1370435357e-05
        51            51        1.11247253e-01    1.0863989592e-05
        52            52        1.06980743e-01    1.0447338223e-05
        53            53        1.02675018e-01    1.0026857257e-05
        54            54        9.86483765e-02    9.6336305142e-06
        55            55        9.50178528e-02    9.2790871858e-06
        56            56        9.14834595e-02    8.9339315892e-06
        57            57        8.81576538e-02    8.6091458797e-06
        58            58        8.49484253e-02    8.2957446575e-06
        59            59        8.19412231e-02    8.0020725728e-06
        60            60        7.89033508e-02    7.7054053544e-06
        61            61        7.62811279e-02    7.4493288994e-06
        62            62        7.38639832e-02    7.2132796049e-06
        63            63        7.13203430e-02    6.9648772478e-06
        64            64        6.90003967e-02    6.7383199930e-06
        65            66        1.31256866e-01    6.4090266824e-06
        66            68        1.23629913e-01    6.0366168618e-06
        67            70        1.16576996e-01    5.6922361255e-06
        68            72        1.09872894e-01    5.3648874164e-06
        69            74        1.03746643e-01    5.0657540560e-06
        70            76        9.83709717e-02    4.8032701015e-06
        71            78        9.33219910e-02    4.5567378402e-06
        72            80        8.86553955e-02    4.3288767338e-06
        73            82        8.39939880e-02    4.1012689471e-06
        74            84        8.01960754e-02    3.9158239961e-06
        75            86        7.63212585e-02    3.7266239524e-06
        76            88        7.28953552e-02    3.5593435168e-06
        77            90        6.98364258e-02    3.4099817276e-06
        78            92        6.67022705e-02    3.2569468021e-06
        79            94        6.38401794e-02    3.1171962619e-06
        80            96        6.12080383e-02    2.9886737465e-06
        81            98        5.88708496e-02    2.8745532036e-06
        82           100        5.67330933e-02    2.7701705694e-06
        83           102        5.42596436e-02    2.6493966579e-06
        84           104        5.23915100e-02    2.5581791997e-06
        85           106        5.03833008e-02    2.4601221085e-06
        86           108        4.84739685e-02    2.3668929934e-06
        87           110        4.68948364e-02    2.2897869348e-06
        88           112        4.52224731e-02    2.2081285715e-06
        89           114        4.35626221e-02    2.1270811558e-06
        90           116        4.22259521e-02    2.0618140698e-06
        91           118        4.07809448e-02    1.9912570715e-06
        92           120        3.94978333e-02    1.9286051392e-06
        93           122        3.82119751e-02    1.8658190965e-06
        94           124        3.71531677e-02    1.8141195178e-06
        95           126        3.59086609e-02    1.7533525824e-06
        96           128        3.46290588e-02    1.6908720135e-06
        97           130        3.38174438e-02    1.6512423754e-06
        98           132        3.27705383e-02    1.6001239419e-06
        99           134        3.18708801e-02    1.5561953187e-06
       100           136        3.09315491e-02    1.5103295445e-06
       101           138        3.00141907e-02    1.4655366539e-06
       102           140        2.93252563e-02    1.4318972826e-06
       103           142        2.84048462e-02    1.3869553804e-06
       104           144        2.77272034e-02    1.3538673520e-06
       105           146        2.69406128e-02    1.3154596090e-06
       106           148        2.62564087e-02    1.2820512057e-06
       107           150        2.56805420e-02    1.2539327144e-06
       108           152        2.50473022e-02    1.2230128050e-06
       109           154        2.42680359e-02    1.1849626899e-06
       110           156        2.38803101e-02    1.1660307646e-06
       111           158        2.32363892e-02    1.1345893144e-06
       112           160        2.26890564e-02    1.1078640819e-06
       113           162        2.20828247e-02    1.0782629251e-06
       114           164        2.15307617e-02    1.0513067245e-06
       115           166        2.11268616e-02    1.0315850377e-06
       116           168        2.06248474e-02    1.0070726275e-06
       117           170        2.02044678e-02    9.8654627799e-07
       118           172        1.96687317e-02    9.6038728953e-07
       119           174        1.93225098e-02    9.4348192215e-07
       120           176        1.89913940e-02    9.2731416225e-07
       121           178        1.85375977e-02    9.0515613556e-07
       122           180        1.81033325e-02    8.8395178318e-07
       123           182        1.76826477e-02    8.6341053247e-07
       124           184        1.74101257e-02    8.5010379553e-07
       125           186        1.70729065e-02    8.3363801240e-07
       126           188        1.66246033e-02    8.1174820661e-07
       127           190        1.64302063e-02    8.0225616693e-07
       128           192        1.60366821e-02    7.8304111958e-07
       129           196        3.10678101e-02    7.5849145651e-07
       130           200        3.00497437e-02    7.3363631964e-07
       131           204        2.88464355e-02    7.0425868035e-07
       132           208        2.78251648e-02    6.7932531237e-07
       133           212        2.68826294e-02    6.5631419420e-07
       134           216        2.60337830e-02    6.3559040427e-07
       135           220        2.52011108e-02    6.1526149511e-07
       136           224        2.43370056e-02    5.9416517616e-07
       137           228        2.34217834e-02    5.7182088494e-07
       138           232        2.27566528e-02    5.5558234453e-07
       139           236        2.19073486e-02    5.3484737873e-07
       140           240        2.13998413e-02    5.2245706320e-07
       141           244        2.07092285e-02    5.0559639931e-07
       142           248        2.00914001e-02    4.9051269889e-07
       143           252        1.95161438e-02    4.7646835446e-07
       144           256        1.89131165e-02    4.6174600720e-07
       145           260        1.83226013e-02    4.4732913375e-07
       146           264        1.78369141e-02    4.3547153473e-07
       147           268        1.73893738e-02    4.2454525828e-07
       148           272        1.69200134e-02    4.1308626533e-07
       149           276        1.64947510e-02    4.0270388126e-07
       150           280        1.60481262e-02    3.9179995656e-07
       151           284        1.56613159e-02    3.8235634566e-07
       152           288        1.51353455e-02    3.6951527000e-07
       153           292        1.48460388e-02    3.6245211959e-07
       154           296        1.44477844e-02    3.5272911192e-07
       155           300        1.41810608e-02    3.4621730447e-07
       156           304        1.38006592e-02    3.3693015575e-07
       157           308        1.34924316e-02    3.2940506935e-07
       158           312        1.31979370e-02    3.2221525907e-07
       159           316        1.28594971e-02    3.1395256520e-07
       160           320        1.25798035e-02    3.0712410807e-07
       161           324        1.22792053e-02    2.9978528619e-07
       162           328        1.19836426e-02    2.9256939889e-07
       163           332        1.16062927e-02    2.8335675597e-07
       164           336        1.15609741e-02    2.8225034476e-07
       165           340        1.12564087e-02    2.7481466532e-07
       166           344        1.10466003e-02    2.6969239115e-07
       167           348        1.07977295e-02    2.6361644268e-07
       168           352        1.04721069e-02    2.5566667319e-07
       169           356        1.04138184e-02    2.5424361229e-07
       170           360        1.01773071e-02    2.4846941233e-07
       171           364        9.88082886e-03    2.4123117328e-07
       172           368        9.69116211e-03    2.3660063744e-07
       173           372        9.51751709e-03    2.3236125708e-07
       174           376        9.32891846e-03    2.2775679827e-07
       175           380        9.15313721e-03    2.2346526384e-07
       176           384        8.95782471e-03    2.1869689226e-07
       177           388        8.83163452e-03    2.1561607719e-07
       178           392        8.59619141e-03    2.0986795426e-07
       179           396        8.52035522e-03    2.0801648498e-07
       180           400        8.32992554e-03    2.0336732268e-07
       181           404        8.20007324e-03    2.0019710064e-07
       182           408        8.07357788e-03    1.9710883499e-07
       183           412        7.90008545e-03    1.9287317991e-07
       184           416        7.86697388e-03    1.9206479192e-07
       185           420        7.67944336e-03    1.8748641014e-07
       186           424        7.48672485e-03    1.8278136850e-07
       187           428        7.35382080e-03    1.7953664064e-07
       188           432        7.25524902e-03    1.7713010311e-07
       189           436        7.16201782e-03    1.7485395074e-07
       190           440        7.03155518e-03    1.7166882754e-07
       191           444        6.99935913e-03    1.7088279128e-07
       192           448        6.81671143e-03    1.6642361879e-07
       193           456        1.32183838e-02    1.6135722399e-07
       194           464        1.28681946e-02    1.5708245337e-07
       195           472        1.25160217e-02    1.5278346837e-07
       196           480        1.21037292e-02    1.4775060117e-07
       197           488        1.17898560e-02    1.4391914010e-07
       198           496        1.14576721e-02    1.3986416161e-07
       199           504        1.11117554e-02    1.3564154506e-07
       200           512        1.07931519e-02    1.3175234199e-07
       201           520        1.04580688e-02    1.2766197324e-07
       202           528        1.02085876e-02    1.2461654842e-07
       203           536        9.94155884e-03    1.2135691941e-07
       204           544        9.70489502e-03    1.1846795678e-07
       205           552        9.44702148e-03    1.1532008648e-07
       206           560        9.18609619e-03    1.1213496328e-07
       207           568        9.02114868e-03    1.1012144387e-07
       208           576        8.76129150e-03    1.0694935918e-07
       209           584        8.51043701e-03    1.0388717055e-07
       210           592        8.33847046e-03    1.0178796947e-07
       211           600        8.14361572e-03    9.9409371614e-08
       212           608        7.98843384e-03    9.7515061500e-08
       213           616        7.76687622e-03    9.4810500740e-08
       214           624        7.59307861e-03    9.2688947916e-08
       215           632        7.39593506e-03    9.0282410383e-08
       216           640        7.26943970e-03    8.8738277555e-08
       217           648        7.09579468e-03    8.6618587375e-08
       218           656        6.97479248e-03    8.5141509771e-08
       219           664        6.81030273e-03    8.3133578301e-08
       220           672        6.64093018e-03    8.1066042185e-08
       221           680        6.49719238e-03    7.9311430454e-08
       222           688        6.33987427e-03    7.7391043306e-08
       223           696        6.25869751e-03    7.6400116086e-08
       224           704        6.08337402e-03    7.4259936810e-08
       225           712        5.99975586e-03    7.3239207267e-08
       226           720        5.92041016e-03    7.2270631791e-08
       227           728        5.74691772e-03    7.0152804256e-08
       228           736        5.66406250e-03    6.9141387940e-08
       229           744        5.56808472e-03    6.7969784140e-08
       230           752        5.45410156e-03    6.6578388214e-08
       231           760        5.33813477e-03    6.5162777901e-08
       232           768        5.22460937e-03    6.3776969910e-08
       233           776        5.14602661e-03    6.2817707657e-08
       234           784        5.06240845e-03    6.1796978116e-08
       235           792        4.95834351e-03    6.0526654124e-08
       236           800        4.88937378e-03    5.9684738517e-08
       237           808        4.80041504e-03    5.8598816395e-08
       238           816        4.72885132e-03    5.7725235820e-08
       239           824        4.65118408e-03    5.6777149439e-08
       240           832        4.50439453e-03    5.4985284806e-08
       241           840        4.48379517e-03    5.4733827710e-08
       242           848        4.43939209e-03    5.4191797972e-08
       243           856        4.32876587e-03    5.2841380238e-08
       244           864        4.31488037e-03    5.2671879530e-08
       245           872        4.17572021e-03    5.0973147154e-08
       246           880        4.18426514e-03    5.1077455281e-08
       247           888        4.06417847e-03    4.9611553549e-08
       248           896        3.98712158e-03    4.8670917749e-08
       249           904        3.97064209e-03    4.8469752074e-08
       250           912        3.86245728e-03    4.7149136662e-08
       251           920        3.81393433e-03    4.6556815505e-08
       252           928        3.77090454e-03    4.6031549574e-08
       253           936        3.68225098e-03    4.4949352742e-08
       254           944        3.63952637e-03    4.4427812100e-08
       255           952        3.58306885e-03    4.3738633394e-08
       256           960        3.53912354e-03    4.3202191591e-08
       257           976        6.95678711e-03    4.2460858822e-08
       258           992        6.71783447e-03    4.1002407670e-08
       259          1008        6.56204224e-03    4.0051527321e-08
       260          1024        6.33651733e-03    3.8675032556e-08
       261          1040        6.24511719e-03    3.8117170334e-08
       262          1056        6.00067139e-03    3.6625191569e-08
       263          1072        5.92819214e-03    3.6182813346e-08
       264          1088        5.74188232e-03    3.5045668483e-08
       265          1104        5.61965942e-03    3.4299679100e-08
       266          1120        5.40908813e-03    3.3014453948e-08
       267          1136        5.34317017e-03    3.2612122595e-08
       268          1152        5.20278931e-03    3.1755305826e-08
       269          1168        5.06317139e-03    3.0903145671e-08
       270          1184        4.96505737e-03    3.0304305256e-08
       271          1200        4.82910156e-03    2.9474496842e-08
       272          1216        4.72808838e-03    2.8857961297e-08
       273          1232        4.63928223e-03    2.8315931559e-08
       274          1248        4.51934814e-03    2.7583912015e-08
       275          1264        4.43695068e-03    2.7080997825e-08
       276          1280        4.36904907e-03    2.6666559279e-08
       277          1296        4.19097900e-03    2.5579705834e-08
       278          1312        4.12673950e-03    2.5187619031e-08
       279          1328        4.01596069e-03    2.4511478841e-08
       280          1344        3.92486572e-03    2.3955479264e-08
       281          1360        3.88412476e-03    2.3706816136e-08
       282          1376        3.82263184e-03    2.3331493139e-08
       283          1392        3.78128052e-03    2.3079104721e-08
       284          1408        3.66470337e-03    2.2367574274e-08
       285          1424        3.58474731e-03    2.1879561246e-08
       286          1440        3.55728149e-03    2.1711923182e-08
       287          1456        3.46511841e-03    2.1149404347e-08
       288          1472        3.36273193e-03    2.0524486899e-08
       289          1488        3.32946777e-03    2.0321458578e-08
       290          1504        3.24188232e-03    1.9786879420e-08
       291          1520        3.23394775e-03    1.9738450646e-08
       292          1536        3.12088013e-03    1.9048340619e-08
       293          1552        3.13537598e-03    1.9136816263e-08
       294          1568        3.03909302e-03    1.8549151719e-08
       295          1584        2.99514771e-03    1.8280930817e-08
       296          1600        2.94921875e-03    1.8000602722e-08
       297          1616        2.90100098e-03    1.7706304789e-08
       298          1632        2.83966064e-03    1.7331913114e-08
       299          1648        2.76977539e-03    1.6905367375e-08
       300          1664        2.76779175e-03    1.6893260181e-08
       301          1680        2.67562866e-03    1.6330741346e-08
       302          1696        2.64007568e-03    1.6113743186e-08
       303          1712        2.58834839e-03    1.5798024833e-08
       304          1728        2.56759644e-03    1.5671364963e-08
       305          1744        2.54104614e-03    1.5509314835e-08
       306          1760        2.49664307e-03    1.5238299966e-08
       307          1776        2.46200562e-03    1.5026889742e-08
       308          1792        2.45193481e-03    1.4965422452e-08
       309          1808        2.40661621e-03    1.4688819648e-08
       310          1824        2.34161377e-03    1.4292076230e-08
       311          1840        2.28927612e-03    1.3972632586e-08
       312          1856        2.27035522e-03    1.3857148587e-08
       313          1872        2.24929810e-03    1.3728626072e-08
       314          1888        2.20474243e-03    1.3456679880e-08
       315          1904        2.16384888e-03    1.3207085430e-08
       316          1920        2.17880249e-03    1.3298355042e-08
       317          1936        2.11914062e-03    1.2934207916e-08
       318          1952        2.07046509e-03    1.2637116015e-08
       319          1968        2.03125000e-03    1.2397766113e-08
       320          1984        2.03231812e-03    1.2404285371e-08
       321          2016        4.00222778e-03    1.2213829905e-08
       322          2048        3.84887695e-03    1.1745840311e-08
       323          2080        3.70498657e-03    1.1306721717e-08
       324          2112        3.68804932e-03    1.1255033314e-08
       325          2144        3.56689453e-03    1.0885298253e-08
       326          2176        3.46527100e-03    1.0575167835e-08
       327          2208        3.38180542e-03    1.0320451110e-08
       328          2240        3.30307007e-03    1.0080169886e-08
       329          2272        3.20068359e-03    9.7677111624e-09
       330          2304        3.15917969e-03    9.6410512925e-09
       331          2336        3.09204102e-03    9.4361603258e-09
       332          2368        3.04244995e-03    9.2848204076e-09
       333          2400        2.97515869e-03    9.0794637799e-09
       334          2432        2.84851074e-03    8.6929649115e-09
       335          2464        2.86621094e-03    8.7469816208e-09
       336          2496        2.73696899e-03    8.3525665105e-09
       337          2528        2.68112183e-03    8.1821344793e-09
       338          2560        2.66525269e-03    8.1337057054e-09
       339          2592        2.59063721e-03    7.9059973360e-09
       340          2624        2.56134033e-03    7.8165903688e-09
       341          2656        2.51434326e-03    7.6731666923e-09
       342          2688        2.43011475e-03    7.4161216617e-09
       343          2720        2.35946655e-03    7.2005204857e-09
       344          2752        2.32254028e-03    7.0878304541e-09
       345          2784        2.27844238e-03    6.9532543421e-09
       346          2816        2.22686768e-03    6.7958608270e-09
       347          2848        2.20199585e-03    6.7199580372e-09
       348          2880        2.16278076e-03    6.6002830864e-09
       349          2912        2.11563110e-03    6.4563937485e-09
       350          2944        2.09793091e-03    6.4023770391e-09
       351          2976        2.05429077e-03    6.2691979111e-09
       352          3008        2.02621460e-03    6.1835162342e-09
       353          3040        2.00225830e-03    6.1104074120e-09
       354          3072        1.96289063e-03    5.9902667999e-09
       355          3104        1.92779541e-03    5.8831647038e-09
       356          3136        1.88766479e-03    5.7606957853e-09
       357          3168        1.84631348e-03    5.6345015764e-09
       358          3200        1.80618286e-03    5.5120326579e-09
       359          3232        1.76467896e-03    5.3853727877e-09
       360          3264        1.76605225e-03    5.3895637393e-09
       361          3296        1.72225952e-03    5.2559189499e-09
       362          3328        1.68701172e-03    5.1483511925e-09
       363          3360        1.67327881e-03    5.1064416767e-09
       364          3392        1.64352417e-03    5.0156377256e-09
       365          3424        1.62063599e-03    4.9457885325e-09
       366          3456        1.62002563e-03    4.9439258874e-09
       367          3488        1.59103394e-03    4.8554502428e-09
       368          3520        1.56631470e-03    4.7800131143e-09
       369          3552        1.51367187e-03    4.6193599701e-09
       370          3584        1.49200439e-03    4.5532360673e-09
       371          3616        1.46759033e-03    4.4787302614e-09
       372          3648        1.47079468e-03    4.4885091484e-09
       373          3680        1.43646240e-03    4.3837353588e-09
       374          3712        1.43524170e-03    4.3800100684e-09
       375          3744        1.39602661e-03    4.2603351176e-09
       376          3776        1.37878418e-03    4.2077153922e-09
       377          3808        1.35864258e-03    4.1462481022e-09
       378          3840        1.34994507e-03    4.1197054088e-09
       379          3872        1.31057739e-03    3.9995647967e-09
       380          3904        1.30340576e-03    3.9776787162e-09
       381          3936        1.28112793e-03    3.9096921682e-09
       382          3968        1.30859375e-03    3.9935112000e-09
       383          4000        1.27182007e-03    3.8812868297e-09
       384          4032        1.22116089e-03    3.7266872823e-09
       385          4096        2.44720459e-03    3.7341378629e-09
       386          4160        2.36160278e-03    3.6035198719e-09
       387          4224        2.34985352e-03    3.5855919123e-09
       388          4288        2.24227905e-03    3.4214463085e-09
       389          4352        2.18490601e-03    3.3339019865e-09
       390          4416        2.13302612e-03    3.2547395676e-09
       391          4480        2.09548950e-03    3.1974632293e-09
       392          4544        2.03262329e-03    3.1015370042e-09
       393          4608        1.98333740e-03    3.0263327062e-09
       394          4672        1.91528320e-03    2.9224902391e-09
       395          4736        1.90948486e-03    2.9136426747e-09
       396          4800        1.85348511e-03    2.8281938285e-09
       397          4864        1.85165405e-03    2.8253998608e-09
       398          4928        1.76010132e-03    2.6857014746e-09
       399          4992        1.75949097e-03    2.6847701520e-09
       400          5056        1.70745850e-03    2.6053749025e-09
       401          5120        1.64749146e-03    2.5138724595e-09
       402          5184        1.63604736e-03    2.4964101613e-09
       403          5248        1.62109375e-03    2.4735927582e-09
       404          5312        1.55517578e-03    2.3730099201e-09
       405          5376        1.52450562e-03    2.3262109608e-09
       406          5440        1.50527954e-03    2.2968742996e-09
       407          5504        1.50695801e-03    2.2994354367e-09
       408          5568        1.47583008e-03    2.2519379855e-09
       409          5632        1.41143799e-03    2.1536834538e-09
       410          5696        1.39572144e-03    2.1297018975e-09
       411          5760        1.37557983e-03    2.0989682525e-09
       412          5824        1.35375977e-03    2.0656734705e-09
       413          5888        1.31820679e-03    2.0114239306e-09
       414          5952        1.30493164e-03    1.9911676645e-09
       415          6016        1.29058838e-03    1.9692815840e-09
       416          6080        1.25228882e-03    1.9108410926e-09
       417          6144        1.24618530e-03    1.9015278667e-09
       418          6208        1.21597290e-03    1.8554273992e-09
       419          6272        1.20330811e-03    1.8361024559e-09
       420          6336        1.16714478e-03    1.7809215934e-09
       421          6400        1.15005493e-03    1.7548445612e-09
       422          6464        1.12442017e-03    1.7157290131e-09
       423          6528        1.09924316e-03    1.6773119569e-09
       424          6592        1.09664917e-03    1.6733538359e-09
       425          6656        1.07040405e-03    1.6333069652e-09
       426          6720        1.03866577e-03    1.5848781913e-09
       427          6784        1.06536865e-03    1.6256235541e-09
       428          6848        1.03195190e-03    1.5746336430e-09
       429          6912        1.01181030e-03    1.5438999981e-09
       430          6976        9.88769531e-04    1.5087425709e-09
       431          7040        9.85260010e-04    1.5033874660e-09
       432          7104        9.77478027e-04    1.4915131032e-09
       433          7168        9.40551758e-04    1.4351680875e-09
       434          7232        9.38262939e-04    1.4316756278e-09
       435          7296        9.52148437e-04    1.4528632164e-09
       436          7360        9.27276611e-04    1.4149118215e-09
       437          7424        8.98895264e-04    1.3716053218e-09
       438          7488        8.92486572e-04    1.3618264347e-09
       439          7552        8.94165039e-04    1.3643875718e-09
       440          7616        8.44116211e-04    1.2880191207e-09
       441          7680        8.68072510e-04    1.3245735317e-09
       442          7744        8.34045410e-04    1.2726522982e-09
       443          7808        8.19244385e-04    1.2500677258e-09
       444          7872        8.05664062e-04    1.2293457985e-09
       445          7936        7.96508789e-04    1.2153759598e-09
       446          8000        7.84606934e-04    1.1972151696e-09
       447          8064        7.67211914e-04    1.1706724763e-09
       448          8128        7.68737793e-04    1.1730007828e-09
       449          8256        1.53305054e-03    1.1696247384e-09
       450          8384        1.46972656e-03    1.1213123798e-09
       451          8512        1.41738892e-03    1.0813819244e-09
       452          8640        1.37344360e-03    1.0478543118e-09
       453          8768        1.38183594e-03    1.0542571545e-09
       454          8896        1.31454468e-03    1.0029179975e-09
       455          9024        1.27182007e-03    9.7032170744e-10
       456          9152        1.24221802e-03    9.4773713498e-10
       457          9280        1.22009277e-03    9.3085691333e-10
       458          9408        1.21337891e-03    9.2573463918e-10
       459          9536        1.15966797e-03    8.8475644586e-10
       460          9664        1.15859985e-03    8.8394153864e-10
       461          9792        1.11251831e-03    8.4878411145e-10
       462          9920        1.07803345e-03    8.2247424872e-10
       463         10048        1.07223511e-03    8.1805046648e-10
       464         10176        1.06552124e-03    8.1292819231e-10
       465         10304        1.03668213e-03    7.9092569649e-10
       466         10432        1.00219727e-03    7.6461583376e-10
       467         10560        9.86328125e-04    7.5250864029e-10
       468         10688        9.49554443e-04    7.2445254773e-10
       469         10816        9.33990478e-04    7.1257818490e-10
       470         10944        9.04998779e-04    6.9045927375e-10
       471         11072        9.12170410e-04    6.9593079388e-10
       472         11200        9.03778076e-04    6.8952795118e-10
       473         11328        8.62274170e-04    6.5786298364e-10
       474         11456        8.34655762e-04    6.3679181039e-10
       475         11584        8.40454102e-04    6.4121559262e-10
       476         11712        8.27026367e-04    6.3097104430e-10
       477         11840        8.05511475e-04    6.1455648392e-10
       478         11968        7.92694092e-04    6.0477759689e-10
       479         12096        7.82012939e-04    5.9662852437e-10
       480         12224        7.66906738e-04    5.8510340750e-10
       481         12352        7.43865967e-04    5.6752469391e-10
       482         12480        7.60040283e-04    5.7986471803e-10
       483         12608        7.29522705e-04    5.5658165365e-10
       484         12736        7.14874268e-04    5.4540578276e-10
       485         12864        7.03735352e-04    5.3690746427e-10
       486         12992        6.92749023e-04    5.2852556109e-10
       487         13120        7.01904297e-04    5.3551048040e-10
       488         13248        6.76269531e-04    5.1595270634e-10
       489         13376        6.79016113e-04    5.1804818213e-10
       490         13504        6.60247803e-04    5.0372909755e-10
       491         13632        6.60095215e-04    5.0361268223e-10
       492         13760        6.43920898e-04    4.9127265811e-10
       493         13888        6.48193359e-04    4.9453228712e-10
       494         14016        6.26525879e-04    4.7800131142e-10
       495         14144        6.29119873e-04    4.7998037189e-10
       496         14272        6.21643066e-04    4.7427602113e-10
       497         14400        6.28967285e-04    4.7986395657e-10
       498         14528        5.97381592e-04    4.5576598495e-10
       499         14656        6.10809326e-04    4.6601053328e-10
       500         14784        5.93566895e-04    4.5285560191e-10
       501         14912        5.99822998e-04    4.5762863011e-10
       502         15040        5.89904785e-04    4.5006163418e-10
       503         15168        5.92346191e-04    4.5192427933e-10
       504         15296        5.68695068e-04    4.3387990445e-10
       505         15424        5.64575195e-04    4.3073669076e-10
       506         15552        5.78765869e-04    4.4156331569e-10
       507         15680        5.64270020e-04    4.3050386011e-10
       508         15808        5.58319092e-04    4.2596366256e-10
       509         15936        5.52520752e-04    4.2153988034e-10
       510         16064        5.46569824e-04    4.1699968278e-10
       511         16192        5.63201904e-04    4.2968895286e-10
       512         16320        5.43975830e-04    4.1502062231e-10
       513         16576        1.07498169e-03    4.1007297114e-10
       514         16832        1.06445312e-03    4.0605664254e-10
       515         17088        1.05651855e-03    4.0302984417e-10
       516         17344        1.06155396e-03    4.0495069698e-10
       517         17600        1.03652954e-03    3.9540464058e-10
       518         17856        1.05880737e-03    4.0390295908e-10
       519         18112        1.04934692e-03    4.0029408410e-10
       520         18368        1.04843140e-03    3.9994483814e-10
       521         18624        1.00677490e-03    3.8405414670e-10
       522         18880        1.01074219e-03    3.8556754589e-10
       523         19136        1.00296020e-03    3.8259895519e-10
       524         19392        1.00173950e-03    3.8213329390e-10
       525         19648        9.89837646e-04    3.7759309635e-10
       526         19904        1.01531982e-03    3.8731377572e-10
       527         20160        9.66949463e-04    3.6886194721e-10
       528         20416        9.62371826e-04    3.6711571738e-10
       529         20672        9.91516113e-04    3.7823338062e-10
       530         20928        9.97619629e-04    3.8056168705e-10
       531         21184        9.76715088e-04    3.7258723751e-10
       532         21440        9.83276367e-04    3.7509016693e-10
       533         21696        9.75189209e-04    3.7200516090e-10
       534         21952        9.53674316e-04    3.6379788071e-10
       535         22208        9.75646973e-04    3.7217978388e-10
       536         22464        9.76867676e-04    3.7264544517e-10
       537         22720        9.79461670e-04    3.7363497540e-10
       538         22976        9.76562500e-04    3.7252902985e-10
       539         23232        9.33990478e-04    3.5628909246e-10
       540         23488        9.63439941e-04    3.6752317101e-10
       541         23744        9.96398926e-04    3.8009602577e-10
       542         24000        1.00997925e-03    3.8527650759e-10
       543         24256        9.47418213e-04    3.6141136661e-10
       544         24512        9.68780518e-04    3.6956043914e-10
       545         24768        9.60693359e-04    3.6647543311e-10
       546         25024        9.48638916e-04    3.6187702790e-10
       547         25280        9.51995850e-04    3.6315759644e-10
       548         25536        9.61456299e-04    3.6676647141e-10
       549         25792        9.76104736e-04    3.7235440687e-10
       550         26048        9.63439941e-04    3.6752317101e-10
       551         26304        9.53826904e-04    3.6385608837e-10
       552         26560        9.51385498e-04    3.6292476580e-10
       553         26816        9.65881348e-04    3.6845449358e-10
       554         27072        9.74578857e-04    3.7177233026e-10
       555         27328        9.67864990e-04    3.6921119317e-10
       556         27584        9.60693359e-04    3.6647543311e-10
       557         27840        9.67407227e-04    3.6903657019e-10
       558         28096        9.52148437e-04    3.6321580410e-10
       559         28352        9.71069336e-04    3.7043355405e-10
       560         28608        9.93652344e-04    3.7904828787e-10
       561         28864        9.71527100e-04    3.7060817704e-10
       562         29120        9.72900391e-04    3.7113204598e-10
       563         29376        9.42535400e-04    3.5954872147e-10
       564         29632        9.65270996e-04    3.6822166294e-10
       565         29888        9.69543457e-04    3.6985147744e-10
       566         30144        9.46960449e-04    3.6123674363e-10
       567         30400        9.41314697e-04    3.5908306018e-10
       568         30656        9.53521728e-04    3.6373967305e-10
       569         30912        9.64050293e-04    3.6775600165e-10
       570         31168        9.47418213e-04    3.6141136661e-10
       571         31424        9.49096680e-04    3.6205165088e-10
       572         31680        9.47418213e-04    3.6141136661e-10
       573         31936        9.52758789e-04    3.6344863475e-10
       574         32192        9.27734375e-04    3.5390257835e-10
       575         32448        9.24530029e-04    3.5268021748e-10
       576         32704        9.41162109e-04    3.5902485251e-10
       577         33216        1.83776855e-03    3.5052653403e-10
       578         33728        1.82876587e-03    3.4880940803e-10
       579         34240        1.81396484e-03    3.4598633647e-10
       580         34752        1.79855347e-03    3.4304684960e-10
       581         35264        1.76574707e-03    3.3678952605e-10
       582         35776        1.71249390e-03    3.2663228922e-10
       583         36288        1.70501709e-03    3.2520620153e-10
       584         36800        1.65084839e-03    3.1487434172e-10
       585         37312        1.65252686e-03    3.1519448385e-10
       586         37824        1.58370972e-03    3.0206865631e-10
       587         38336        1.55136108e-03    2.9589864425e-10
       588         38848        1.49505615e-03    2.8515933082e-10
       589         39360        1.44149780e-03    2.7494388632e-10
       590         39872        1.42288208e-03    2.7139321901e-10
       591         40384        1.35498047e-03    2.5844201446e-10
       592         40896        1.30020142e-03    2.4799373932e-10
       593         41408        1.22863770e-03    2.3434404284e-10
       594         41920        1.21734619e-03    2.3219035938e-10
       595         42432        1.13098145e-03    2.1571759135e-10
       596         42944        1.08245850e-03    2.0646257326e-10
       597         43456        1.02294922e-03    1.9511207938e-10
       598         43968        9.55657959e-04    1.8227729015e-10
       599         44480        9.26666260e-04    1.7674756236e-10
       600         44992        8.67156982e-04    1.6539706848e-10
       601         45504        8.06274414e-04    1.5378464013e-10
       602         46016        7.56072998e-04    1.4420947991e-10
       603         46528        6.95495605e-04    1.3265525922e-10
       604         47040        6.45904541e-04    1.2319651432e-10
       605         47552        5.75714111e-04    1.0980875231e-10
       606         48064        5.30853271e-04    1.0125222616e-10
       607         48576        4.77905273e-04    9.1153196989e-11
       608         49088        4.22973633e-04    8.0675818024e-11
       609         49600        3.81927490e-04    7.2846887632e-11
       610         50112        3.45916748e-04    6.5978383646e-11
       611         50624        3.14178467e-04    5.9924786911e-11
       612         51136        2.58941650e-04    4.9389200285e-11
       613         51648        2.24456787e-04    4.2811734602e-11
       614         52160        1.98364258e-04    3.7834979594e-11
       615         52672        1.65863037e-04    3.1635863707e-11
       616         53184        1.51977539e-04    2.8987415135e-11
       617         53696        1.15814209e-04    2.2089807317e-11
       618         54208        8.86535645e-05    1.6909325495e-11
       619         54720        7.91931152e-05    1.5104888007e-11
       620         55232        6.07299805e-05    1.1583324521e-11
       621         55744        4.34875488e-05    8.2945916799e-12
       622         56256        3.54003906e-05    6.7520886656e-12
       623         56768        2.15148926e-05    4.1036400944e-12
       624         57280        1.67846680e-05    3.2014213503e-12
       625         57792        1.23596191e-05    2.3574102670e-12
       626         58304        7.62939453e-06    1.4551915229e-12
       627         58816        4.73022461e-06    9.0221874421e-13
       628         59328        1.98364258e-06    3.7834979597e-13
       629         59840        7.62939453e-07    1.4551915230e-13
       630         60352        4.57763672e-07    8.7311491380e-14
