         2             2        6.23685058e+02    3.1184252903e-01
         3             3        8.80382164e+01    4.4019108219e-02
         4             4        2.90172830e+01    1.4508641511e-02
         5             5        1.28412865e+01    6.4206432307e-03
         6             6        6.23522411e+00    3.1176120556e-03
         7             7        3.77055949e+00    1.8852797449e-03
         8             8        2.50386528e+00    1.2519326401e-03
         9             9        1.66847402e+00    8.3423700928e-04
        10            10        1.22131411e+00    6.1065705657e-04
        11            11        9.22554045e-01    4.6127702236e-04
        12            12        7.10545082e-01    3.5527254104e-04
        13            13        5.65885670e-01    2.8294283509e-04
        14            14        4.60844910e-01    2.3042245507e-04
        15            15        3.79717405e-01    1.8985870242e-04
        16            16        3.19409194e-01    1.5970459699e-04
        17            17        2.71314859e-01    1.3565742970e-04
        18            18        2.33328643e-01    1.1666432142e-04
        19            19        2.02635856e-01    1.0131792784e-04
        20            20        1.77547600e-01    8.8773800134e-05
        21            21        1.56835451e-01    7.8417725564e-05
        22            22        1.39430540e-01    6.9715269804e-05
        23            23        1.24765687e-01    6.2382843494e-05
        24            24        1.12294803e-01    5.6147401333e-05
        25            25        1.01565597e-01    5.0782798528e-05
        26            26        9.23348808e-02    4.6167440414e-05
        27            27        8.42419600e-02    4.2120980024e-05
        28            28        7.72020674e-02    3.8601033687e-05
        29            29        7.10154915e-02    3.5507745743e-05
        30            30        6.55380440e-02    3.2769021988e-05
        31            31        6.06537104e-02    3.0326855183e-05
        32            32        5.63025331e-02    2.8151266575e-05
        33            33        5.24026871e-02    2.6201343536e-05
        34            34        4.89032865e-02    2.4451643229e-05
        35            35        4.57336903e-02    2.2866845131e-05
        36            36        4.28634048e-02    2.1431702375e-05
        37            37        4.02657056e-02    2.0132852793e-05
        38            38        3.79007149e-02    1.8950357437e-05
        39            39        3.57485318e-02    1.7874265909e-05
        40            40        3.37520075e-02    1.6876003742e-05
        41            41        3.19333243e-02    1.5966662168e-05
        42            42        3.02421808e-02    1.5121090412e-05
        43            43        2.86981225e-02    1.4349061250e-05
        44            44        2.72661209e-02    1.3633060456e-05
        45            45        2.59441543e-02    1.2972077132e-05
        46            46        2.47071362e-02    1.2353568077e-05
        47            47        2.35779548e-02    1.1788977385e-05
        48            48        2.24925017e-02    1.1246250868e-05
        49            49        2.15067863e-02    1.0753393174e-05
        50            50        2.05993819e-02    1.0299690962e-05
        51            51        1.97075009e-02    9.8537504674e-06
        52            52        1.89023018e-02    9.4511508942e-06
        53            53        1.81430411e-02    9.0715205669e-06
        54            54        1.74263716e-02    8.7131857872e-06
        55            55        1.67352533e-02    8.3676266670e-06
        56            56        1.61162901e-02    8.0581450462e-06
        57            57        1.55191708e-02    7.7595853806e-06
        58            58        1.49443603e-02    7.4721801281e-06
        59            59        1.43991184e-02    7.1995592117e-06
        60            60        1.39061856e-02    6.9530928135e-06
        61            61        1.34259582e-02    6.7129790783e-06
        62            62        1.29659891e-02    6.4829945564e-06
        63            63        1.25296187e-02    6.2648093701e-06
        64            64        1.21202803e-02    6.0601401329e-06
        65            66        2.31046748e-02    5.7761687040e-06
        66            68        2.16696334e-02    5.4174083471e-06
        67            70        2.04072452e-02    5.1018112897e-06
        68            72        1.92257881e-02    4.8064470291e-06
        69            74        1.81473613e-02    4.5368403197e-06
        70            76        1.71671844e-02    4.2917960882e-06
        71            78        1.62596059e-02    4.0649014711e-06
        72            80        1.54192352e-02    3.8548088074e-06
        73            82        1.46564937e-02    3.6641234160e-06
        74            84        1.39449286e-02    3.4862321615e-06
        75            86        1.32847905e-02    3.3211976290e-06
        76            88        1.26721668e-02    3.1680417061e-06
        77            90        1.20955968e-02    3.0238991975e-06
        78            92        1.15656638e-02    2.8914159536e-06
        79            94        1.10735965e-02    2.7683991194e-06
        80            96        1.06114030e-02    2.6528507471e-06
        81            98        1.01794171e-02    2.5448542833e-06
        82           100        9.76118565e-03    2.4402964115e-06
        83           102        9.38590527e-03    2.3464763165e-06
        84           104        9.01827574e-03    2.2545689345e-06
        85           106        8.67937088e-03    2.1698427200e-06
        86           108        8.34575891e-03    2.0864397287e-06
        87           110        8.05594444e-03    2.0139861107e-06
        88           112        7.76387453e-03    1.9409686327e-06
        89           114        7.50046492e-03    1.8751162291e-06
        90           116        7.24020243e-03    1.8100506067e-06
        91           118        6.99492931e-03    1.7487323284e-06
        92           120        6.76279306e-03    1.6906982660e-06
        93           122        6.54614449e-03    1.6365361214e-06
        94           124        6.33506775e-03    1.5837669373e-06
        95           126        6.13182545e-03    1.5329563617e-06
        96           128        5.94536304e-03    1.4863407612e-06
        97           130        5.76567411e-03    1.4414185286e-06
        98           132        5.60264587e-03    1.4006614685e-06
        99           134        5.43161154e-03    1.3579028845e-06
       100           136        5.27470827e-03    1.3186770678e-06
       101           138        5.12677908e-03    1.2816947699e-06
       102           140        4.98725653e-03    1.2468141317e-06
       103           142        4.84693289e-03    1.2117332220e-06
       104           144        4.71642494e-03    1.1791062355e-06
       105           146        4.58905935e-03    1.1472648382e-06
       106           148        4.46551561e-03    1.1163789034e-06
       107           150        4.35363054e-03    1.0884076357e-06
       108           152        4.23349380e-03    1.0583734512e-06
       109           154        4.13197994e-03    1.0329949856e-06
       110           156        4.02717113e-03    1.0067927838e-06
       111           158        3.93103123e-03    9.8275780678e-07
       112           160        3.82893562e-03    9.5723390579e-07
       113           162        3.74440670e-03    9.3610167504e-07
       114           164        3.64888906e-03    9.1222226620e-07
       115           166        3.57064962e-03    8.9266240597e-07
       116           168        3.48471165e-03    8.7117791176e-07
       117           170        3.40955973e-03    8.5238993168e-07
       118           172        3.32703829e-03    8.3175957203e-07
       119           174        3.25477600e-03    8.1369400024e-07
       120           176        3.18393946e-03    7.9598486424e-07
       121           178        3.11612129e-03    7.7903032303e-07
       122           180        3.04402113e-03    7.6100528240e-07
       123           182        2.98208952e-03    7.4552237988e-07
       124           184        2.91946650e-03    7.2986662388e-07
       125           186        2.85698414e-03    7.1424603462e-07
       126           188        2.80214071e-03    7.0053517818e-07
       127           190        2.74332523e-03    6.8583130837e-07
       128           192        2.69253731e-03    6.7313432693e-07
       129           196        5.21751165e-03    6.5218895674e-07
       130           200        5.01970291e-03    6.2746286392e-07
       131           204        4.82655525e-03    6.0331940651e-07
       132           208        4.64814186e-03    5.8101773262e-07
       133           212        4.48282957e-03    5.6035369634e-07
       134           216        4.32454348e-03    5.4056793452e-07
       135           220        4.17167664e-03    5.2145957947e-07
       136           224        4.02477026e-03    5.0309628248e-07
       137           228        3.89615774e-03    4.8701971769e-07
       138           232        3.76054049e-03    4.7006756067e-07
       139           236        3.64363670e-03    4.5545458794e-07
       140           240        3.52936745e-03    4.4117093086e-07
       141           244        3.41632366e-03    4.2704045773e-07
       142           248        3.31707954e-03    4.1463494301e-07
       143           252        3.21302652e-03    4.0162831544e-07
       144           256        3.12075853e-03    3.9009481669e-07
       145           260        3.02851677e-03    3.7856459618e-07
       146           264        2.94259787e-03    3.6782473326e-07
       147           268        2.85761356e-03    3.5720169544e-07
       148           272        2.77307749e-03    3.4663468600e-07
       149           276        2.69987345e-03    3.3748418093e-07
       150           280        2.63240099e-03    3.2905012370e-07
       151           284        2.55824804e-03    3.1978100538e-07
       152           288        2.48411179e-03    3.1051397323e-07
       153           292        2.42457867e-03    3.0307233334e-07
       154           296        2.36228943e-03    2.9528617859e-07
       155           300        2.30358839e-03    2.8794854879e-07
       156           304        2.24676609e-03    2.8084576130e-07
       157           308        2.18989372e-03    2.7373671532e-07
       158           312        2.13673115e-03    2.6709139347e-07
       159           316        2.08578110e-03    2.6072263718e-07
       160           320        2.03409910e-03    2.5426238775e-07
       161           324        1.98978662e-03    2.4872332812e-07
       162           328        1.94443226e-03    2.4305403232e-07
       163           332        1.89821005e-03    2.3727625609e-07
       164           336        1.85820580e-03    2.3227572441e-07
       165           340        1.81810379e-03    2.2726297379e-07
       166           344        1.77216768e-03    2.2152096033e-07
       167           348        1.73403502e-03    2.1675437689e-07
       168           352        1.70014381e-03    2.1251797677e-07
       169           356        1.66447878e-03    2.0805984736e-07
       170           360        1.62916183e-03    2.0364522934e-07
       171           364        1.59690142e-03    1.9961267710e-07
       172           368        1.56264305e-03    1.9533038140e-07
       173           372        1.53327942e-03    1.9165992736e-07
       174           376        1.49982929e-03    1.8747866153e-07
       175           380        1.47080898e-03    1.8385112285e-07
       176           384        1.44400835e-03    1.8050104380e-07
       177           388        1.41205788e-03    1.7650723458e-07
       178           392        1.38648033e-03    1.7331004143e-07
       179           396        1.36141062e-03    1.7017632723e-07
       180           400        1.33523464e-03    1.6690433026e-07
       181           404        1.31065130e-03    1.6383141279e-07
       182           408        1.28781319e-03    1.6097664833e-07
       183           412        1.26369238e-03    1.5796154737e-07
       184           416        1.24260664e-03    1.5532582999e-07
       185           420        1.21942997e-03    1.5242874623e-07
       186           424        1.19631290e-03    1.4953911305e-07
       187           428        1.17441177e-03    1.4680147171e-07
       188           432        1.15411282e-03    1.4426410198e-07
       189           436        1.13090515e-03    1.4136314392e-07
       190           440        1.11447096e-03    1.3930886984e-07
       191           444        1.09867096e-03    1.3733386994e-07
       192           448        1.08024597e-03    1.3503074646e-07
       193           456        2.10276604e-03    1.3142287731e-07
       194           464        2.03807354e-03    1.2737959623e-07
       195           472        1.96949482e-03    1.2309342623e-07
       196           480        1.91153765e-03    1.1947110295e-07
       197           488        1.85280323e-03    1.1580020189e-07
       198           496        1.79387331e-03    1.1211708188e-07
       199           504        1.73934698e-03    1.0870918632e-07
       200           512        1.69186115e-03    1.0574132204e-07
       201           520        1.64375305e-03    1.0273456574e-07
       202           528        1.59331322e-03    9.9582076071e-08
       203           536        1.54844999e-03    9.6778124571e-08
       204           544        1.50868893e-03    9.4293057918e-08
       205           552        1.46495104e-03    9.1559439898e-08
       206           560        1.42829418e-03    8.9268386364e-08
       207           568        1.39220953e-03    8.7013095617e-08
       208           576        1.35376453e-03    8.4610283375e-08
       209           584        1.31994486e-03    8.2496553660e-08
       210           592        1.28336191e-03    8.0210119485e-08
       211           600        1.25321627e-03    7.8326016665e-08
       212           608        1.22550011e-03    7.6593756676e-08
       213           616        1.19360447e-03    7.4600279331e-08
       214           624        1.16485357e-03    7.2803348303e-08
       215           632        1.13744736e-03    7.1090459824e-08
       216           640        1.11272097e-03    6.9545060396e-08
       217           648        1.08527899e-03    6.7829936743e-08
       218           656        1.06045485e-03    6.6278427839e-08
       219           664        1.03655815e-03    6.4784884452e-08
       220           672        1.01377964e-03    6.3361227512e-08
       221           680        9.91609097e-04    6.1975568533e-08
       222           688        9.70897675e-04    6.0681104660e-08
       223           696        9.51311588e-04    5.9456974268e-08
       224           704        9.30142403e-04    5.8133900166e-08
       225           712        9.09326077e-04    5.6832879781e-08
       226           720        8.89456272e-04    5.5591017008e-08
       227           728        8.72936249e-04    5.4558515549e-08
       228           736        8.54256153e-04    5.3391009569e-08
       229           744        8.39302540e-04    5.2456408739e-08
       230           752        8.20548534e-04    5.1284283400e-08
       231           760        8.04975033e-04    5.0310939550e-08
       232           768        7.90336132e-04    4.9396008253e-08
       233           776        7.77170658e-04    4.8573166132e-08
       234           784        7.58411884e-04    4.7400742770e-08
       235           792        7.43005276e-04    4.6437829733e-08
       236           800        7.31289387e-04    4.5705586671e-08
       237           808        7.18171597e-04    4.4885724783e-08
       238           816        7.04751015e-04    4.4046938419e-08
       239           824        6.88931942e-04    4.3058246375e-08
       240           832        6.77969456e-04    4.2373090982e-08
       241           840        6.67045116e-04    4.1690319777e-08
       242           848        6.56349659e-04    4.1021853686e-08
       243           856        6.42285347e-04    4.0142834186e-08
       244           864        6.35042191e-04    3.9690136909e-08
       245           872        6.23071194e-04    3.8941949606e-08
       246           880        6.10876083e-04    3.8179755211e-08
       247           888        6.02421761e-04    3.7651360035e-08
       248           896        5.92303276e-04    3.7018954754e-08
       249           904        5.83567619e-04    3.6472976208e-08
       250           912        5.72443008e-04    3.5777688026e-08
       251           920        5.62310219e-04    3.5144388675e-08
       252           928        5.53946495e-04    3.4621655940e-08
       253           936        5.45847416e-04    3.4115463495e-08
       254           944        5.36191463e-04    3.3511966467e-08
       255           952        5.28523922e-04    3.3032745123e-08
       256           960        5.21054268e-04    3.2565891742e-08
       257           976        1.01483107e-03    3.1713470817e-08
       258           992        9.86580849e-04    3.0830651522e-08
       259          1008        9.56470966e-04    2.9889717698e-08
       260          1024        9.27495956e-04    2.8984248638e-08
       261          1040        9.04221535e-04    2.8256922960e-08
       262          1056        8.75499249e-04    2.7359351516e-08
       263          1072        8.51891041e-04    2.6621595025e-08
       264          1088        8.30917358e-04    2.5966167450e-08
       265          1104        8.07428360e-04    2.5232136250e-08
       266          1120        7.82468319e-04    2.4452134967e-08
       267          1136        7.65285492e-04    2.3915171623e-08
       268          1152        7.45251179e-04    2.3289099335e-08
       269          1168        7.25421906e-04    2.2669434548e-08
       270          1184        7.05680847e-04    2.2052526474e-08
       271          1200        6.93023205e-04    2.1656975150e-08
       272          1216        6.72614574e-04    2.1019205451e-08
       273          1232        6.56456947e-04    2.0514279604e-08
       274          1248        6.41121864e-04    2.0035058261e-08
       275          1264        6.25388622e-04    1.9543394446e-08
       276          1280        6.07304573e-04    1.8978267908e-08
       277          1296        5.97496033e-04    1.8671751022e-08
       278          1312        5.82211018e-04    1.8194094300e-08
       279          1328        5.69982529e-04    1.7811954022e-08
       280          1344        5.55937290e-04    1.7373040318e-08
       281          1360        5.43594360e-04    1.6987323761e-08
       282          1376        5.34179211e-04    1.6693100333e-08
       283          1392        5.21233082e-04    1.6288533807e-08
       284          1408        5.11138439e-04    1.5973076224e-08
       285          1424        5.00161648e-04    1.5630051494e-08
       286          1440        4.88440990e-04    1.5263780951e-08
       287          1456        4.78107929e-04    1.4940872789e-08
       288          1472        4.68847752e-04    1.4651492238e-08
       289          1488        4.58490849e-04    1.4327839017e-08
       290          1504        4.51340675e-04    1.4104396104e-08
       291          1520        4.42199707e-04    1.3818740845e-08
       292          1536        4.34534550e-04    1.3579204679e-08
       293          1552        4.26223278e-04    1.3319477439e-08
       294          1568        4.16629314e-04    1.3019666076e-08
       295          1584        4.10406590e-04    1.2825205922e-08
       296          1600        4.00602818e-04    1.2518838048e-08
       297          1616        3.94811630e-04    1.2337863446e-08
       298          1632        3.88116837e-04    1.2128651142e-08
       299          1648        3.78081799e-04    1.1815056205e-08
       300          1664        3.74519825e-04    1.1703744531e-08
       301          1680        3.67758274e-04    1.1492446066e-08
       302          1696        3.59327793e-04    1.1228993535e-08
       303          1712        3.53803635e-04    1.1056363583e-08
       304          1728        3.47197056e-04    1.0849907995e-08
       305          1744        3.41820717e-04    1.0681897401e-08
       306          1760        3.34486961e-04    1.0452717543e-08
       307          1776        3.28593254e-04    1.0268539190e-08
       308          1792        3.23307514e-04    1.0103359818e-08
       309          1808        3.19724083e-04    9.9913775922e-09
       310          1824        3.14443111e-04    9.8263472320e-09
       311          1840        3.07788849e-04    9.6184015274e-09
       312          1856        3.04651260e-04    9.5203518868e-09
       313          1872        2.98786163e-04    9.3370676041e-09
       314          1888        2.93574333e-04    9.1741979122e-09
       315          1904        2.89094448e-04    9.0342015028e-09
       316          1920        2.84032822e-04    8.8760256767e-09
       317          1936        2.80544758e-04    8.7670236826e-09
       318          1952        2.76715755e-04    8.6473673582e-09
       319          1968        2.72276402e-04    8.5086375475e-09
       320          1984        2.68521309e-04    8.3912909031e-09
       321          2016        5.24723530e-04    8.1988051534e-09
       322          2048        5.12056351e-04    8.0008804798e-09
       323          2080        4.95879650e-04    7.7481195330e-09
       324          2112        4.81693745e-04    7.5264647603e-09
       325          2144        4.66706753e-04    7.2922930121e-09
       326          2176        4.55238819e-04    7.1131065487e-09
       327          2208        4.43203449e-04    6.9250538945e-09
       328          2240        4.30488586e-04    6.7263841629e-09
       329          2272        4.18045521e-04    6.5319612622e-09
       330          2304        4.08306122e-04    6.3797831536e-09
       331          2336        3.96161079e-04    6.1900168657e-09
       332          2368        3.86373997e-04    6.0370936989e-09
       333          2400        3.76231670e-04    5.8786198497e-09
       334          2432        3.68316174e-04    5.7549402118e-09
       335          2464        3.59237194e-04    5.6130811572e-09
       336          2496        3.50570679e-04    5.4776668548e-09
       337          2528        3.42218876e-04    5.3471699357e-09
       338          2560        3.33313942e-04    5.2080303431e-09
       339          2592        3.26175690e-04    5.0964951515e-09
       340          2624        3.19812298e-04    4.9970671534e-09
       341          2656        3.09696198e-04    4.8390030861e-09
       342          2688        3.03556919e-04    4.7430768609e-09
       343          2720        2.98411846e-04    4.6626850962e-09
       344          2752        2.91104317e-04    4.5485049486e-09
       345          2784        2.85720825e-04    4.4643878937e-09
       346          2816        2.80001163e-04    4.3750181794e-09
       347          2848        2.72579193e-04    4.2590498924e-09
       348          2880        2.67691612e-04    4.1826814413e-09
       349          2912        2.60310173e-04    4.0673464537e-09
       350          2944        2.55920887e-04    3.9987638593e-09
       351          2976        2.50027180e-04    3.9066746831e-09
       352          3008        2.45676041e-04    3.8386881351e-09
       353          3040        2.40294933e-04    3.7546083331e-09
       354          3072        2.35908031e-04    3.6860629916e-09
       355          3104        2.30350494e-04    3.5992264747e-09
       356          3136        2.27615833e-04    3.5564973950e-09
       357          3168        2.23867893e-04    3.4979358315e-09
       358          3200        2.17103958e-04    3.3922493458e-09
       359          3232        2.14240551e-04    3.3475086093e-09
       360          3264        2.10738182e-04    3.2927840948e-09
       361          3296        2.06525326e-04    3.2269582152e-09
       362          3328        2.02798843e-04    3.1687319278e-09
       363          3360        1.99286938e-04    3.1138584017e-09
       364          3392        1.95302963e-04    3.0516088008e-09
       365          3424        1.90656185e-04    2.9790028930e-09
       366          3456        1.89294815e-04    2.9577314854e-09
       367          3488        1.85892582e-04    2.9045715928e-09
       368          3520        1.81586742e-04    2.8372928500e-09
       369          3552        1.79369450e-04    2.8026476502e-09
       370          3584        1.76112652e-04    2.7517601848e-09
       371          3616        1.73773766e-04    2.7152150869e-09
       372          3648        1.70657635e-04    2.6665255427e-09
       373          3680        1.67453289e-04    2.6164576411e-09
       374          3712        1.65359974e-04    2.5837495923e-09
       375          3744        1.62427425e-04    2.5379285217e-09
       376          3776        1.59983635e-04    2.4997442960e-09
       377          3808        1.57995224e-04    2.4686753750e-09
       378          3840        1.53808594e-04    2.4032592773e-09
       379          3872        1.52480602e-04    2.3825094103e-09
       380          3904        1.50339603e-04    2.3490563034e-09
       381          3936        1.46954060e-04    2.2961571813e-09
       382          3968        1.45437717e-04    2.2724643349e-09
       383          4000        1.43530369e-04    2.2426620125e-09
       384          4032        1.41794682e-04    2.2155418992e-09
       385          4096        2.76124477e-04    2.1572224796e-09
       386          4160        2.68061161e-04    2.0942278207e-09
       387          4224        2.59728432e-04    2.0291283726e-09
       388          4288        2.52454281e-04    1.9722990692e-09
       389          4352        2.46238708e-04    1.9237399101e-09
       390          4416        2.38578320e-04    1.8638931214e-09
       391          4480        2.31852531e-04    1.8113479019e-09
       392          4544        2.26402283e-04    1.7687678338e-09
       393          4608        2.19330788e-04    1.7135217786e-09
       394          4672        2.12898254e-04    1.6632676124e-09
       395          4736        2.08098888e-04    1.6257725656e-09
       396          4800        2.03497410e-04    1.5898235142e-09
       397          4864        1.99222565e-04    1.5564262867e-09
       398          4928        1.93805695e-04    1.5141069889e-09
       399          4992        1.88651085e-04    1.4738366008e-09
       400          5056        1.85124874e-04    1.4462880790e-09
       401          5120        1.80630684e-04    1.4111772179e-09
       402          5184        1.75287724e-04    1.3694353401e-09
       403          5248        1.72047615e-04    1.3441219926e-09
       404          5312        1.67634487e-04    1.3096444309e-09
       405          5376        1.64093971e-04    1.2819841504e-09
       406          5440        1.60405636e-04    1.2531690299e-09
       407          5504        1.56743526e-04    1.2245588005e-09
       408          5568        1.52516365e-04    1.1915341019e-09
       409          5632        1.51023865e-04    1.1798739433e-09
       410          5696        1.45943165e-04    1.1401809752e-09
       411          5760        1.43656731e-04    1.1223182082e-09
       412          5824        1.40433311e-04    1.0971352459e-09
       413          5888        1.36923790e-04    1.0697171092e-09
       414          5952        1.34449005e-04    1.0503828525e-09
       415          6016        1.31943226e-04    1.0308064521e-09
       416          6080        1.29413605e-04    1.0110437869e-09
       417          6144        1.28293037e-04    1.0022893548e-09
       418          6208        1.24063492e-04    9.6924602983e-10
       419          6272        1.22575760e-04    9.5762312415e-10
       420          6336        1.19018555e-04    9.2983245850e-10
       421          6400        1.17218494e-04    9.1576948762e-10
       422          6464        1.15275383e-04    9.0058892965e-10
       423          6528        1.12540722e-04    8.7922438979e-10
       424          6592        1.10950470e-04    8.6680054664e-10
       425          6656        1.08959675e-04    8.5124745965e-10
       426          6720        1.07009411e-04    8.3601102233e-10
       427          6784        1.05288029e-04    8.2256272435e-10
       428          6848        1.03170872e-04    8.0602243542e-10
       429          6912        1.00944042e-04    7.8862532973e-10
       430          6976        9.96160507e-05    7.7825039625e-10
       431          7040        9.84978676e-05    7.6951459050e-10
       432          7104        9.62758064e-05    7.5215473771e-10
       433          7168        9.46259499e-05    7.3926523328e-10
       434          7232        9.26136971e-05    7.2354450822e-10
       435          7296        9.15861130e-05    7.1551650763e-10
       436          7360        9.02104378e-05    7.0476904512e-10
       437          7424        8.78882408e-05    6.8662688137e-10
       438          7488        8.74996185e-05    6.8359076977e-10
       439          7552        8.58974457e-05    6.7107379437e-10
       440          7616        8.39662552e-05    6.5598636866e-10
       441          7680        8.32653046e-05    6.5051019192e-10
       442          7744        8.16297531e-05    6.3773244619e-10
       443          7808        8.03542137e-05    6.2776729464e-10
       444          7872        7.79819489e-05    6.0923397541e-10
       445          7936        7.73262978e-05    6.0411170125e-10
       446          8000        7.67302513e-05    5.9945508838e-10
       447          8064        7.54523277e-05    5.8947131038e-10
       448          8128        7.43913651e-05    5.8118253947e-10
       449          8256        1.45680904e-04    5.6906603277e-10
       450          8384        1.40514374e-04    5.4888427258e-10
       451          8512        1.36768818e-04    5.3425319493e-10
       452          8640        1.32570267e-04    5.1785260439e-10
       453          8768        1.30300522e-04    5.0898641348e-10
       454          8896        1.25269890e-04    4.8933550715e-10
       455          9024        1.23000145e-04    4.8046931624e-10
       456          9152        1.18548870e-04    4.6308152378e-10
       457          9280        1.15561485e-04    4.5141205191e-10
       458          9408        1.13027096e-04    4.4151209295e-10
       459          9536        1.10573769e-04    4.3192878365e-10
       460          9664        1.07264519e-04    4.1900202632e-10
       461          9792        1.05278492e-04    4.1124410927e-10
       462          9920        1.01892948e-04    3.9801932871e-10
       463         10048        9.90128517e-05    3.8676895202e-10
       464         10176        9.79733467e-05    3.8270838558e-10
       465         10304        9.40203667e-05    3.6726705730e-10
       466         10432        9.23323631e-05    3.6067329347e-10
       467         10560        9.06944275e-05    3.5427510739e-10
       468         10688        8.90803337e-05    3.4797005356e-10
       469         10816        8.57353210e-05    3.3490359784e-10
       470         10944        8.39114189e-05    3.2777898014e-10
       471         11072        8.22401047e-05    3.2125040889e-10
       472         11200        8.03780556e-05    3.1397677957e-10
       473         11328        7.93623924e-05    3.1000934541e-10
       474         11456        7.63702393e-05    2.9832124710e-10
       475         11584        7.57336617e-05    2.9583461583e-10
       476         11712        7.39097595e-05    2.8870999814e-10
       477         11840        7.20524788e-05    2.8145499528e-10
       478         11968        7.10654259e-05    2.7759931981e-10
       479         12096        6.95514679e-05    2.7168542147e-10
       480         12224        6.78873062e-05    2.6518478990e-10
       481         12352        6.70313835e-05    2.6184134185e-10
       482         12480        6.54149055e-05    2.5552697480e-10
       483         12608        6.46972656e-05    2.5272369385e-10
       484         12736        6.27112389e-05    2.4496577680e-10
       485         12864        6.18124008e-05    2.4145469070e-10
       486         12992        6.09207153e-05    2.3797154427e-10
       487         13120        5.92732430e-05    2.3153610528e-10
       488         13248        5.83720207e-05    2.2801570595e-10
       489         13376        5.75900078e-05    2.2496096791e-10
       490         13504        5.64932823e-05    2.2067688406e-10
       491         13632        5.59043884e-05    2.1837651730e-10
       492         13760        5.53417206e-05    2.1617859602e-10
       493         13888        5.37180901e-05    2.0983628929e-10
       494         14016        5.23424149e-05    2.0446255803e-10
       495         14144        5.14292717e-05    2.0089559257e-10
       496         14272        5.01203537e-05    1.9578263163e-10
       497         14400        5.03158569e-05    1.9654631614e-10
       498         14528        4.87613678e-05    1.9047409296e-10
       499         14656        4.85777855e-05    1.8975697458e-10
       500         14784        4.68659401e-05    1.8307007849e-10
       501         14912        4.61053848e-05    1.8009915948e-10
       502         15040        4.54449654e-05    1.7751939595e-10
       503         15168        4.47654724e-05    1.7486512661e-10
       504         15296        4.47559357e-05    1.7482787371e-10
       505         15424        4.32610512e-05    1.6898848117e-10
       506         15552        4.25195694e-05    1.6609206796e-10
       507         15680        4.25767899e-05    1.6631558538e-10
       508         15808        4.10795212e-05    1.6046687961e-10
       509         15936        4.11057472e-05    1.6056932509e-10
       510         16064        4.00996208e-05    1.5663914383e-10
       511         16192        3.98731232e-05    1.5575438738e-10
       512         16320        3.86404991e-05    1.5093944967e-10
       513         16576        7.60746002e-05    1.4858320355e-10
       514         16832        7.45081902e-05    1.4552380890e-10
       515         17088        7.12203979e-05    1.3910233975e-10
       516         17344        7.01022148e-05    1.3691838831e-10
       517         17600        6.80875778e-05    1.3298355043e-10
       518         17856        6.59346581e-05    1.2877862900e-10
       519         18112        6.50715828e-05    1.2709293514e-10
       520         18368        6.33931160e-05    1.2381467968e-10
       521         18624        6.16312027e-05    1.2037344277e-10
       522         18880        5.87511063e-05    1.1474825442e-10
       523         19136        5.72204590e-05    1.1175870896e-10
       524         19392        5.67531586e-05    1.1084601283e-10
       525         19648        5.53464890e-05    1.0809861124e-10
       526         19904        5.32555580e-05    1.0401476175e-10
       527         20160        5.20706177e-05    1.0170042515e-10
       528         20416        5.15079498e-05    1.0060146451e-10
       529         20672        4.92453575e-05    9.6182338894e-11
       530         20928        4.92238998e-05    9.6140429377e-11
       531         21184        4.84871864e-05    9.4701535999e-11
       532         21440        4.62889671e-05    9.0408138931e-11
       533         21696        4.49085236e-05    8.7711960078e-11
       534         21952        4.43291664e-05    8.6580403150e-11
       535         22208        4.31585312e-05    8.4294006229e-11
       536         22464        4.26769257e-05    8.3353370428e-11
       537         22720        4.18114662e-05    8.1663019956e-11
       538         22976        4.04095650e-05    7.8924931586e-11
       539         23232        3.95131111e-05    7.7174045146e-11
       540         23488        3.91387939e-05    7.6442956925e-11
       541         23744        3.81803513e-05    7.4570998550e-11
       542         24000        3.75080109e-05    7.3257833719e-11
       543         24256        3.69906425e-05    7.2247348726e-11
       544         24512        3.50594521e-05    6.8475492299e-11
       545         24768        3.46922874e-05    6.7758373916e-11
       546         25024        3.41868401e-05    6.6771171987e-11
       547         25280        3.39651108e-05    6.6338106990e-11
       548         25536        3.26251984e-05    6.3721090555e-11
       549         25792        3.22389603e-05    6.2966719270e-11
       550         26048        3.20029259e-05    6.2505714595e-11
       551         26304        3.10897827e-05    6.0722231865e-11
       552         26560        3.05938721e-05    5.9753656387e-11
       553         26816        3.00502777e-05    5.8691948653e-11
       554         27072        2.95138359e-05    5.7644210756e-11
       555         27328        2.91252136e-05    5.6885182858e-11
       556         27584        2.84337997e-05    5.5534765125e-11
       557         27840        2.83098221e-05    5.5292621255e-11
       558         28096        2.70938873e-05    5.2917748690e-11
       559         28352        2.78234482e-05    5.4342672229e-11
       560         28608        2.65097618e-05    5.1776878536e-11
       561         28864        2.59399414e-05    5.0663948059e-11
       562         29120        2.53772736e-05    4.9564987422e-11
       563         29376        2.57682800e-05    5.0328671932e-11
       564         29632        2.48336792e-05    4.8503279686e-11
       565         29888        2.45833397e-05    4.8014335335e-11
       566         30144        2.38442421e-05    4.6570785344e-11
       567         30400        2.34842300e-05    4.5867636800e-11
       568         30656        2.34389305e-05    4.5779161156e-11
       569         30912        2.28905678e-05    4.4708140195e-11
       570         31168        2.25782394e-05    4.4098123909e-11
       571         31424        2.22015381e-05    4.3362379075e-11
       572         31680        2.19845772e-05    4.2938627303e-11
       573         31936        2.14552879e-05    4.1904859245e-11
       574         32192        2.14838982e-05    4.1960738599e-11
       575         32448        2.07591057e-05    4.0545128286e-11
       576         32704        2.04896927e-05    4.0018931032e-11
       577         33216        4.03618813e-05    3.9415899664e-11
       578         33728        3.92603874e-05    3.8340222091e-11
       579         34240        3.78990173e-05    3.7010759116e-11
       580         34752        3.71623039e-05    3.6291312427e-11
       581         35264        3.53407860e-05    3.4512486309e-11
       582         35776        3.45945358e-05    3.3783726394e-11
       583         36288        3.42297554e-05    3.3427495510e-11
       584         36800        3.35383415e-05    3.2752286642e-11
       585         37312        3.17788124e-05    3.1033996493e-11
       586         37824        3.10230255e-05    3.0295923352e-11
       587         38336        3.09777260e-05    3.0251685530e-11
       588         38848        3.00621986e-05    2.9357615859e-11
       589         39360        2.95948982e-05    2.8901267797e-11
       590         39872        2.84481049e-05    2.7781352401e-11
       591         40384        2.80380249e-05    2.7380883694e-11
       592         40896        2.72202492e-05    2.6582274586e-11
       593         41408        2.61330605e-05    2.5520566851e-11
       594         41920        2.58898735e-05    2.5283079594e-11
       595         42432        2.47955322e-05    2.4214386940e-11
       596         42944        2.47883797e-05    2.4207402021e-11
       597         43456        2.42114067e-05    2.3643951863e-11
       598         43968        2.30145454e-05    2.2475142032e-11
       599         44480        2.29692459e-05    2.2430904210e-11
       600         44992        2.22659111e-05    2.1744053811e-11
       601         45504        2.21347809e-05    2.1615996957e-11
       602         46016        2.17795372e-05    2.1269079298e-11
       603         46528        2.08950043e-05    2.0405277610e-11
       604         47040        2.09808350e-05    2.0489096642e-11
       605         47552        2.05516815e-05    2.0070001484e-11
       606         48064        2.00247765e-05    1.9555445761e-11
       607         48576        1.95074081e-05    1.9050203264e-11
       608         49088        1.91140175e-05    1.8666032702e-11
       609         49600        1.90591812e-05    1.8612481653e-11
       610         50112        1.83701515e-05    1.7939601094e-11
       611         50624        1.83415413e-05    1.7911661416e-11
       612         51136        1.76644325e-05    1.7250422388e-11
       613         51648        1.71971321e-05    1.6794074327e-11
       614         52160        1.70111656e-05    1.6612466425e-11
       615         52672        1.68395042e-05    1.6444828361e-11
       616         53184        1.63435936e-05    1.5960540622e-11
       617         53696        1.64198875e-05    1.6035046429e-11
       618         54208        1.56116486e-05    1.5245750546e-11
       619         54720        1.55353546e-05    1.5171244741e-11
       620         55232        1.51562691e-05    1.4801044017e-11
       621         55744        1.50847435e-05    1.4731194824e-11
       622         56256        1.45745277e-05    1.4232937246e-11
       623         56768        1.45030022e-05    1.4163088053e-11
       624         57280        1.43814087e-05    1.4044344425e-11
       625         57792        1.39212608e-05    1.3594981283e-11
       626         58304        1.40523911e-05    1.3723038137e-11
       627         58816        1.35850906e-05    1.3266690075e-11
       628         59328        1.32942200e-05    1.2982636690e-11
       629         59840        1.32203102e-05    1.2910459190e-11
       630         60352        1.28555298e-05    1.2554228306e-11
       631         60864        1.28126144e-05    1.2512318790e-11
       632         61376        1.26194954e-05    1.2323725969e-11
       633         61888        1.23763084e-05    1.2086238712e-11
       634         62400        1.19090080e-05    1.1629890651e-11
       635         62912        1.19829178e-05    1.1702068150e-11
       636         63424        1.15895271e-05    1.1317897588e-11
       637         63936        1.16586685e-05    1.1385418475e-11
       638         64448        1.13296509e-05    1.1064112187e-11
       639         64960        1.12819672e-05    1.1017546058e-11
       640         65472        1.11818314e-05    1.0919757188e-11
       641         66496        2.13646889e-05    1.0431976989e-11
       642         67520        2.14457512e-05    1.0471558199e-11
       643         68544        2.02488899e-05    9.8871532829e-12
       644         69568        1.99818611e-05    9.7567681225e-12
       645         70592        1.94716454e-05    9.5076393335e-12
       646         71616        1.87969208e-05    9.1781839730e-12
       647         72640        1.81198120e-05    8.8475644590e-12
       648         73664        1.79624557e-05    8.7707303464e-12
       649         74688        1.73807144e-05    8.4866769612e-12
       650         75712        1.69157982e-05    8.2596670835e-12
       651         76736        1.62935257e-05    7.9558230937e-12
       652         77760        1.64008141e-05    8.0082099885e-12
       653         78784        1.54757500e-05    7.5565185398e-12
       654         79808        1.55234337e-05    7.5798016041e-12
       655         80832        1.48987770e-05    7.2747934610e-12
       656         81856        1.48344040e-05    7.2433613241e-12
       657         82880        1.42431259e-05    6.9546513259e-12
       658         83904        1.37352943e-05    6.7066866904e-12
       659         84928        1.36566162e-05    6.6682696342e-12
       660         85952        1.33728981e-05    6.5297354013e-12
       661         86976        1.31845474e-05    6.4377672970e-12
       662         88000        1.25479698e-05    6.1269383878e-12
       663         89024        1.25455856e-05    6.1257742345e-12
       664         90048        1.22761726e-05    5.9942249210e-12
       665         91072        1.17325783e-05    5.7287979871e-12
       666         92096        1.17230415e-05    5.7241413742e-12
       667         93120        1.16515160e-05    5.6892167777e-12
       668         94144        1.13487244e-05    5.5413693190e-12
       669         95168        1.11913681e-05    5.4645352066e-12
       670         96192        1.05476379e-05    5.1502138376e-12
       671         97216        1.02877617e-05    5.0233211368e-12
       672         98240        1.03211403e-05    5.0396192819e-12
       673         99264        1.02043152e-05    4.9825757742e-12
       674        100288        1.03712082e-05    5.0640664995e-12
       675        101312        9.91106033e-06    4.8393849283e-12
       676        102336        9.83476639e-06    4.8021320255e-12
       677        103360        9.32693481e-06    4.5541673899e-12
       678        104384        9.35077667e-06    4.5658089221e-12
       679        105408        8.99314880e-06    4.3911859393e-12
       680        106432        9.24110413e-06    4.5122578740e-12
       681        107456        9.04083252e-06    4.4144690037e-12
       682        108480        8.62121582e-06    4.2095780372e-12
       683        109504        8.57353210e-06    4.1862949729e-12
       684        110528        8.55207443e-06    4.1758175940e-12
       685        111552        8.35180283e-06    4.0780287236e-12
       686        112576        8.13245773e-06    3.9709266276e-12
       687        113600        8.09192657e-06    3.9511360228e-12
       688        114624        8.04185867e-06    3.9266888052e-12
       689        115648        7.83920288e-06    3.8277357817e-12
       690        116672        7.71999359e-06    3.7695281208e-12
       691        117696        7.50780106e-06    3.6659184843e-12
       692        118720        7.23838806e-06    3.5343691707e-12
       693        119744        7.39812851e-06    3.6123674363e-12
       694        120768        7.11679459e-06    3.4749973566e-12
       695        121792        7.17401505e-06    3.5029370337e-12
       696        122816        6.75678253e-06    3.2992102206e-12
       697        123840        6.90937042e-06    3.3737160266e-12
       698        124864        6.47306442e-06    3.1606759876e-12
       699        125888        6.59227371e-06    3.2188836486e-12
       700        126912        6.50167465e-06    3.1746458263e-12
       701        127936        6.38008118e-06    3.1152740122e-12
       702        128960        6.37769699e-06    3.1141098589e-12
       703        129984        6.12258911e-06    2.9895454646e-12
       704        131008        6.05583191e-06    2.9569491745e-12
       705        133056        1.21235847e-05    2.9598595575e-12
       706        135104        1.17635727e-05    2.8719659895e-12
       707        137152        1.12605095e-05    2.7491478250e-12
       708        139200        1.10793114e-05    2.7049100027e-12
       709        141248        1.07717514e-05    2.6298221201e-12
       710        143296        1.04737282e-05    2.5570625439e-12
       711        145344        1.03187561e-05    2.5192275643e-12
       712        147392        1.03306770e-05    2.5221379474e-12
       713        149440        1.02210045e-05    2.4953624234e-12
       714        151488        9.42707062e-06    2.3015309126e-12
       715        153536        9.35316086e-06    2.2834865376e-12
       716        155584        9.06229019e-06    2.2124731913e-12
       717        157632        8.87393951e-06    2.1664891391e-12
       718        159680        8.58783722e-06    2.0966399461e-12
       719        161728        8.57114792e-06    2.0925654098e-12
       720        163776        8.39710236e-06    2.0500738174e-12
       721        165824        8.25166702e-06    2.0145671442e-12
       722        167872        7.83681870e-06    1.9132858142e-12
       723        169920        7.78675079e-06    1.9010622054e-12
       724        171968        7.86066055e-06    1.9191065803e-12
       725        174016        7.40289688e-06    1.8073478713e-12
       726        176064        7.28368759e-06    1.7782440409e-12
       727        178112        7.13586807e-06    1.7421552912e-12
       728        180160        7.06911087e-06    1.7258571460e-12
       729        182208        6.90460205e-06    1.6856938600e-12
       730        184256        6.57558441e-06    1.6053672880e-12
       731        186304        6.49452209e-06    1.5855766833e-12
       732        188352        6.48021698e-06    1.5820842236e-12
       733        190400        6.05821609e-06    1.4790566638e-12
       734        192448        6.17742538e-06    1.5081604943e-12
       735        194496        6.07490540e-06    1.4831312000e-12
       736        196544        5.84602356e-06    1.4272518455e-12
       737        198592        5.84840775e-06    1.4278339222e-12
       738        200640        5.80549240e-06    1.4173565432e-12
       739        202688        5.83648682e-06    1.4249235391e-12
       740        204736        5.60998917e-06    1.3696262612e-12
       741        206784        5.37872314e-06    1.3131648302e-12
       742        208832        5.52654266e-06    1.3492535800e-12
       743        210880        5.51700592e-06    1.3469252735e-12
       744        212928        5.28812408e-06    1.2910459190e-12
       745        214976        5.12361526e-06    1.2508826330e-12
       746        217024        5.07831573e-06    1.2398231774e-12
       747        219072        4.93049622e-06    1.2037344276e-12
       748        221120        4.94241714e-06    1.2066448107e-12
       749        223168        4.55379486e-06    1.1117663233e-12
       750        225216        4.80651855e-06    1.1734664439e-12
       751        227264        4.88042831e-06    1.1915108188e-12
       752        229312        4.43220139e-06    1.0820804163e-12
       753        231360        4.63724136e-06    1.1321390047e-12
       754        233408        4.59671021e-06    1.1222437023e-12
       755        235456        4.34637070e-06    1.0611256584e-12
       756        237504        4.33206558e-06    1.0576331987e-12
       757        239552        4.31537628e-06    1.0535586624e-12
       758        241600        4.33683395e-06    1.0587973519e-12
       759        243648        4.18663025e-06    1.0221265256e-12
       760        245696        4.00304794e-06    9.7730662665e-13
       761        247744        4.02212143e-06    9.8196323948e-13
       762        249792        3.96251678e-06    9.6741132428e-13
       763        251840        4.05550003e-06    9.9011231201e-13
       764        253888        3.99589539e-06    9.7556039682e-13
       765        255936        3.61204147e-06    8.8184606277e-13
       766        257984        3.69310379e-06    9.0163666748e-13
       767        260032        3.60250473e-06    8.7951775633e-13
       768        262080        3.67641449e-06    8.9756213120e-13
       769        266176        7.10487366e-06    8.6729414757e-13
       770        270272        6.94751740e-06    8.4808561951e-13
       771        274368        6.64472580e-06    8.1112375480e-13
       772        278464        6.58512115e-06    8.0384779720e-13
       773        282560        6.31093979e-06    7.7037839218e-13
       774        286656        6.33478165e-06    7.7328877522e-13
       775        290752        6.06536865e-06    7.4040144680e-13
       776        294848        5.87463379e-06    7.1711838246e-13
       777        298944        5.64098358e-06    6.8859662859e-13
       778        303040        5.76257706e-06    7.0343958212e-13
       779        307136        5.38587570e-06    6.5745553002e-13
       780        311232        5.20706177e-06    6.3562765717e-13
       781        315328        5.17606735e-06    6.3184415922e-13
       782        319424        4.92334366e-06    6.0099409893e-13
       783        323520        4.83512878e-06    5.9022568167e-13
       784        327616        4.98056412e-06    6.0797901824e-13
       785        331712        4.83036041e-06    5.8964360506e-13
       786        335808        4.70399857e-06    5.7421857491e-13
       787        339904        4.56094742e-06    5.5675627664e-13
       788        344000        4.28438187e-06    5.2299583331e-13
       789        348096        4.31299210e-06    5.2648829296e-13
       790        352192        4.08411026e-06    4.9854861573e-13
       791        356288        4.11272049e-06    5.0204107538e-13
       792        360384        4.09126282e-06    4.9942173064e-13
       793        364480        4.05788422e-06    4.9534719438e-13
       794        368576        4.10079956e-06    5.0058588386e-13
       795        372672        3.82900238e-06    4.6740751714e-13
       796        376768        3.80992889e-06    4.6507921070e-13
       797        380864        3.64303589e-06    4.4470652938e-13
       798        384960        3.70979309e-06    4.5285560191e-13
       799        389056        3.59773636e-06    4.3917680159e-13
       800        393152        3.31878662e-06    4.0512531996e-13
       801        397248        3.53574753e-06    4.3160980567e-13
       802        401344        3.50713730e-06    4.2811734602e-13
       803        405440        3.23057175e-06    3.9435690269e-13
       804        409536        3.41415405e-06    4.1676685214e-13
       805        413632        3.17335129e-06    3.8737198339e-13
       806        417728        3.22103500e-06    3.9319274947e-13
       807        421824        3.00407410e-06    3.6670826376e-13
       808        425920        2.98261642e-06    3.6408891901e-13
       809        430016        2.94923782e-06    3.6001438275e-13
       810        434112        2.84910202e-06    3.4779077396e-13
       811        438208        3.03506851e-06    3.7049176172e-13
       812        442304        2.84671783e-06    3.4749973566e-13
       813        446400        2.63452530e-06    3.2159732655e-13
       814        450496        2.57730484e-06    3.1461240724e-13
       815        454592        2.55584717e-06    3.1199306251e-13
       816        458688        2.65598297e-06    3.2421667129e-13
       817        462784        2.67982483e-06    3.2712705434e-13
       818        466880        2.37464905e-06    2.8987415135e-13
       819        470976        2.48670578e-06    3.0355295167e-13
       820        475072        2.43186951e-06    2.9685907067e-13
       821        479168        2.33888626e-06    2.8550857679e-13
       822        483264        2.47716904e-06    3.0238879845e-13
       823        487360        2.25543976e-06    2.7532223612e-13
       824        491456        2.38656998e-06    2.9132934287e-13
       825        495552        2.20537186e-06    2.6921043173e-13
       826        499648        2.19583511e-06    2.6804627851e-13
       827        503744        2.15530396e-06    2.6309862734e-13
       828        507840        2.17914581e-06    2.6600901038e-13
       829        511936        2.10285187e-06    2.5669578463e-13
       830        516032        2.23159790e-06    2.7241185308e-13
       831        520128        2.04086304e-06    2.4912878871e-13
       832        524224        2.16722488e-06    2.6455381886e-13
       833        532416        3.85046005e-06    2.3501343094e-13
       834        540608        3.81708145e-06    2.3297616281e-13
       835        548800        3.77655029e-06    2.3050233722e-13
       836        556992        3.81231308e-06    2.3268512450e-13
       837        565184        3.58343124e-06    2.1871528589e-13
       838        573376        3.56674194e-06    2.1769665182e-13
       839        581568        3.29971313e-06    2.0139850676e-13
       840        589760        3.43322754e-06    2.0954757929e-13
       841        597952        3.32117081e-06    2.0270817913e-13
       842        606144        3.11851501e-06    1.9033905119e-13
       843        614336        2.97307968e-06    1.8146238290e-13
       844        622528        3.14235687e-06    1.9179424271e-13
       845        630720        2.83956528e-06    1.7331331037e-13
       846        638912        2.95639038e-06    1.8044374884e-13
       847        647104        2.96354294e-06    1.8088030629e-13
       848        655296        2.73704529e-06    1.6705598682e-13
       849        663488        2.87294388e-06    1.7535057851e-13
       850        671680        2.79188156e-06    1.7040292733e-13
       851        679872        2.74896622e-06    1.6778358259e-13
       852        688064        2.62737274e-06    1.6036210582e-13
       853        696256        2.60829926e-06    1.5919795260e-13
       854        704448        2.64406204e-06    1.6138073988e-13
       855        712640        2.57492065e-06    1.5716068447e-13
       856        720832        2.62260437e-06    1.6007106751e-13
       857        729024        2.47478485e-06    1.5104888007e-13
       858        737216        2.65836716e-06    1.6225385480e-13
       859        745408        2.39372253e-06    1.4610122890e-13
       860        753600        2.48193741e-06    1.5148543753e-13
       861        761792        2.43663788e-06    1.4872057364e-13
       862        769984        2.39133835e-06    1.4595570974e-13
       863        778176        2.30312347e-06    1.4057150111e-13
       864        786368        2.40087509e-06    1.4653778634e-13
       865        794560        2.38180161e-06    1.4537363313e-13
       866        802752        2.40564346e-06    1.4682882465e-13
       867        810944        2.44617462e-06    1.4930265024e-13
       868        819136        2.25067139e-06    1.3737007976e-13
       869        827328        2.35080719e-06    1.4348188416e-13
       870        835520        2.18153000e-06    1.3315002434e-13
       871        843712        2.36272812e-06    1.4420947991e-13
       872        851904        2.21967697e-06    1.3547833078e-13
       873        860096        2.13623047e-06    1.3038516045e-13
       874        868288        2.17676163e-06    1.3285898604e-13
       875        876480        2.23398209e-06    1.3635144570e-13
       876        884672        2.17199326e-06    1.3256794774e-13
       877        892864        2.17199326e-06    1.3256794773e-13
       878        901056        2.31027603e-06    1.4100805857e-13
       879        909248        2.19821930e-06    1.3416865841e-13
       880        917440        2.08377838e-06    1.2718373910e-13
       881        925632        2.13146210e-06    1.3009412215e-13
       882        933824        2.28404999e-06    1.3940734789e-13
       883        942016        2.19821930e-06    1.3416865841e-13
       884        950208        2.16245651e-06    1.3198587112e-13
       885        958400        2.22444534e-06    1.3576936909e-13
       886        966592        2.02894211e-06    1.2383679860e-13
       887        974784        2.05278397e-06    1.2529199012e-13
       888        982976        2.20298767e-06    1.3445969671e-13
       889        991168        2.07662582e-06    1.2674718164e-13
       890        999360        2.06708908e-06    1.2616510503e-13
       891       1007552        2.08377838e-06    1.2718373910e-13
       892       1015744        2.19345093e-06    1.3387762010e-13
       893       1023936        2.09569931e-06    1.2791133486e-13
       894       1032128        2.16960907e-06    1.3242242858e-13
       895       1040320        2.11477280e-06    1.2907548808e-13
       896       1048512        2.06470490e-06    1.2601958588e-13
       897       1064896        4.10556793e-06    1.2529199012e-13
       898       1081280        4.01735306e-06    1.2259988580e-13
       899       1097664        4.20093536e-06    1.2820237316e-13
       900       1114048        4.22954559e-06    1.2907548808e-13
       901       1130432        4.22239304e-06    1.2885720934e-13
       902       1146816        4.13179398e-06    1.2609234545e-13
       903       1163200        4.17470932e-06    1.2740201782e-13
       904       1179584        4.20093536e-06    1.2820237316e-13
       905       1195968        4.12702560e-06    1.2594682630e-13
       906       1212352        4.10795212e-06    1.2536474969e-13
       907       1228736        4.08887863e-06    1.2478267309e-13
       908       1245120        4.20808792e-06    1.2842065189e-13
       909       1261504        4.06026840e-06    1.2390955817e-13
       910       1277888        4.15802002e-06    1.2689270079e-13
       911       1294272        4.01973724e-06    1.2267264537e-13
       912       1310656        4.07934189e-06    1.2449163478e-13
       913       1327040        4.30583954e-06    1.3140379451e-13
       914       1343424        4.11033630e-06    1.2543750927e-13
       915       1359808        4.05073166e-06    1.2361851986e-13
       916       1376192        3.92198563e-06    1.1968950275e-13
       917       1392576        4.23431396e-06    1.2922100723e-13
       918       1408960        4.11033630e-06    1.2543750926e-13
       919       1425344        3.99112701e-06    1.2179953046e-13
       920       1441728        4.20570374e-06    1.2834789232e-13
       921       1458112        3.86476517e-06    1.1794327292e-13
       922       1474496        3.97682190e-06    1.2136297300e-13
       923       1490880        3.86238098e-06    1.1787051335e-13
       924       1507264        3.81946564e-06    1.1656084098e-13
       925       1523648        3.75747681e-06    1.1466909200e-13
       926       1540032        3.81469727e-06    1.1641532183e-13
       927       1556416        3.76939774e-06    1.1503288988e-13
       928       1572800        3.59773636e-06    1.0979420040e-13
       929       1589184        3.79800797e-06    1.1590600479e-13
       930       1605568        3.56674194e-06    1.0884832590e-13
       931       1621952        3.53574753e-06    1.0790245142e-13
       932       1638336        3.45230103e-06    1.0535586625e-13
       933       1654720        3.71932983e-06    1.1350493878e-13
       934       1671104        3.37123871e-06    1.0288204066e-13
       935       1687488        3.31163406e-06    1.0106305126e-13
       936       1703872        3.37839127e-06    1.0310031939e-13
       937       1720256        3.36170197e-06    1.0259100236e-13
       938       1736640        2.97307968e-06    9.0731191447e-14
       939       1753024        3.08752060e-06    9.4223651100e-14
       940       1769408        3.07321548e-06    9.3787093646e-14
       941       1785792        3.00645828e-06    9.1749825514e-14
       942       1802176        2.95877457e-06    9.0294633987e-14
       943       1818560        2.83002853e-06    8.6365616879e-14
       944       1834944        2.78234482e-06    8.4910425357e-14
       945       1851328        2.68220901e-06    8.1854523158e-14
       946       1867712        2.62022018e-06    7.9962774179e-14
       947       1884096        2.61306763e-06    7.9744495452e-14
       948       1900480        2.35557556e-06    7.1886461228e-14
       949       1916864        2.39610672e-06    7.3123374021e-14
       950       1933248        2.29358673e-06    6.9994712247e-14
       951       1949632        2.33173370e-06    7.1158865465e-14
       952       1966016        2.22682953e-06    6.7957444116e-14
       953       1982400        1.92880631e-06    5.8862497099e-14
       954       1998784        1.90496445e-06    5.8134901338e-14
       955       2015168        1.94311142e-06    5.9299054556e-14
       956       2031552        1.81198120e-06    5.5297277868e-14
       957       2047936        1.81436539e-06    5.5370037445e-14
       958       2064320        1.69515610e-06    5.1732058638e-14
       959       2080704        1.71422958e-06    5.2314135247e-14
       960       2097088        1.53779984e-06    4.6929926613e-14
       961       2129856        2.79426575e-06    4.2637111620e-14
       962       2162624        2.58445740e-06    3.9435690269e-14
       963       2195392        2.25305557e-06    3.4378899727e-14
       964       2228160        2.03371048e-06    3.1031959225e-14
       965       2260928        1.78575516e-06    2.7248461266e-14
       966       2293696        1.64270401e-06    2.5065673981e-14
       967       2326464        1.33991241e-06    2.0445440896e-14
       968       2359232        1.20639801e-06    1.8408172765e-14
       969       2392000        9.98973847e-07    1.5243131202e-14
       970       2424768        8.77380371e-07    1.3387762010e-14
       971       2457536        6.74724579e-07    1.0295480024e-14
       972       2490304        6.15119934e-07    9.3859853225e-15
       973       2523072        4.50611115e-07    6.8757799455e-15
       974       2555840        4.07695770e-07    6.2209437601e-15
       975       2588608        3.12328339e-07    4.7657522373e-15
       976       2621376        2.67028809e-07    4.0745362638e-15
       977       2654144        1.95503235e-07    2.9831426217e-15
       978       2686912        1.59740448e-07    2.4374458007e-15
       979       2719680        1.50203705e-07    2.2919266484e-15
       980       2752448        1.07288361e-07    1.6370904632e-15
       981       2785216        4.76837158e-08    7.2759576140e-16
       982       2817984        5.72204590e-08    8.7311491368e-16
       983       2850752        4.76837158e-08    7.2759576140e-16
       984       2883520        4.29153442e-08    6.5483618526e-16
       985       2916288        2.86102295e-08    4.3655745684e-16
       986       2949056        1.19209290e-08    1.8189894035e-16
       987       2981824        1.66893005e-08    2.5465851649e-16
       988       3014592        2.38418579e-09    3.6379788070e-17
       989       3047360        4.76837158e-09    7.2759576140e-17
       990       3080128        9.53674316e-09    1.4551915228e-16
