         2             2        3.14313829e+03    3.0694709855e-01
         3             3        4.42217062e+02    4.3185259998e-02
         4             4        1.45454598e+02    1.4204550564e-02
         5             5        6.42672693e+01    6.2761005163e-03
         6             6        3.11628613e+01    3.0432481766e-03
         7             7        1.88293781e+01    1.8388064503e-03
         8             8        1.24938800e+01    1.2201054692e-03
         9             9        8.31955078e+00    8.1245613098e-04
        10            10        6.07685425e+00    5.9344279766e-04
        11            11        4.59121216e+00    4.4836056232e-04
        12            12        3.53427612e+00    3.4514415264e-04
        13            13        2.81617981e+00    2.7501755953e-04
        14            14        2.28932373e+00    2.2356677056e-04
        15            15        1.88448914e+00    1.8403214217e-04
        16            16        1.58479370e+00    1.5476500988e-04
        17            17        1.34677124e+00    1.3152062893e-04
        18            18        1.15555786e+00    1.1284744739e-04
        19            19        1.00219360e+00    9.7870469093e-05
        20            20        8.79523926e-01    8.5891008377e-05
        21            21        7.76923218e-01    7.5871407985e-05
        22            22        6.90974731e-01    6.7478001117e-05
        23            23        6.17765503e-01    6.0328662395e-05
        24            24        5.55881348e-01    5.4285287857e-05
        25            25        5.01242065e-01    4.8949420452e-05
        26            26        4.55969849e-01    4.4528305531e-05
        27            27        4.16479492e-01    4.0671825409e-05
        28            28        3.81828613e-01    3.7287950516e-05
        29            29        3.50960693e-01    3.4273505211e-05
        30            30        3.23689575e-01    3.1610310078e-05
        31            31        2.99526978e-01    2.9250681401e-05
        32            32        2.77547607e-01    2.7104258537e-05
        33            33        2.58275146e-01    2.5222182274e-05
        34            34        2.40401001e-01    2.3476660252e-05
        35            35        2.24691772e-01    2.1942555904e-05
        36            36        2.10873413e-01    2.0593106747e-05
        37            37        1.98375854e-01    1.9372642040e-05
        38            38        1.86775513e-01    1.8239796162e-05
        39            39        1.75296631e-01    1.7118811608e-05
        40            40        1.66129761e-01    1.6223609447e-05
        41            41        1.57328491e-01    1.5364110469e-05
        42            42        1.48579712e-01    1.4509737492e-05
        43            43        1.41460571e-01    1.3814508915e-05
        44            44        1.34130859e-01    1.3098716736e-05
        45            45        1.27427368e-01    1.2444078923e-05
        46            46        1.21777344e-01    1.1892318725e-05
        47            47        1.16099854e-01    1.1337876320e-05
        48            48        1.11220093e-01    1.0861337185e-05
        49            49        1.05147095e-01    1.0268270970e-05
        50            50        1.00792847e-01    9.8430514336e-06
        51            51        9.66717529e-02    9.4406008721e-06
        52            52        9.26837158e-02    9.0511441231e-06
        53            53        8.91125488e-02    8.7023973465e-06
        54            54        8.57244873e-02    8.3715319634e-06
        55            55        8.19970703e-02    8.0075263977e-06
        56            56        7.88433838e-02    7.6995491982e-06
        57            57        7.61315918e-02    7.4347257614e-06
        58            58        7.30859375e-02    7.1372985840e-06
        59            59        7.06500244e-02    6.8994164467e-06
        60            60        6.76293945e-02    6.6044330597e-06
        61            61        6.58166504e-02    6.4274072647e-06
        62            62        6.33984375e-02    6.1912536621e-06
        63            63        6.15563965e-02    6.0113668442e-06
        64            64        5.94775391e-02    5.8083534241e-06
        65            66        1.12830200e-01    5.5092871189e-06
        66            68        1.05832520e-01    5.1676034927e-06
        67            70        9.95562744e-02    4.8611462116e-06
        68            72        9.38873291e-02    4.5843422412e-06
        69            74        8.84503174e-02    4.3188631535e-06
        70            76        8.37500000e-02    4.0893554687e-06
        71            78        7.89562988e-02    3.8552880288e-06
        72            80        7.48254395e-02    3.6535859108e-06
        73            82        7.18420410e-02    3.5079121590e-06
        74            84        6.81030273e-02    3.3253431320e-06
        75            86        6.45666504e-02    3.1526684761e-06
        76            88        6.18469238e-02    3.0198693276e-06
        77            90        5.87573242e-02    2.8690099716e-06
        78            92        5.64196777e-02    2.7548670769e-06
        79            94        5.35162354e-02    2.6130974292e-06
        80            96        5.15985107e-02    2.5194585323e-06
        81            98        4.94628906e-02    2.4151802063e-06
        82           100        4.71569824e-02    2.3025870324e-06
        83           102        4.52258301e-02    2.2082924843e-06
        84           104        4.35961914e-02    2.1287202835e-06
        85           106        4.20336914e-02    2.0524263382e-06
        86           108        4.04974365e-02    1.9774138927e-06
        87           110        3.90039063e-02    1.9044876099e-06
        88           112        3.74359131e-02    1.8279254436e-06
        89           114        3.63916016e-02    1.7769336701e-06
        90           116        3.50347900e-02    1.7106831074e-06
        91           118        3.37054443e-02    1.6457736492e-06
        92           120        3.26409912e-02    1.5937983989e-06
        93           122        3.15838623e-02    1.5421807766e-06
        94           124        3.06817627e-02    1.4981329441e-06
        95           126        2.97198486e-02    1.4511644840e-06
        96           128        2.87591553e-02    1.4042556286e-06
        97           130        2.77764893e-02    1.3562738895e-06
        98           132        2.70684814e-02    1.3217031956e-06
        99           134        2.61920166e-02    1.2789070606e-06
       100           136        2.54797363e-02    1.2441277504e-06
       101           138        2.47149658e-02    1.2067854405e-06
       102           140        2.38726807e-02    1.1656582355e-06
       103           142        2.33154297e-02    1.1384487152e-06
       104           144        2.26202393e-02    1.1045038700e-06
       105           146        2.22259521e-02    1.0852515698e-06
       106           148        2.14898682e-02    1.0493099689e-06
       107           150        2.08868408e-02    1.0198652745e-06
       108           152        2.03283691e-02    9.9259614945e-07
       109           154        1.99829102e-02    9.7572803495e-07
       110           156        1.94079590e-02    9.4765424727e-07
       111           158        1.89093018e-02    9.2330574989e-07
       112           160        1.85382080e-02    9.0518593788e-07
       113           162        1.80511475e-02    8.8140368461e-07
       114           164        1.75695801e-02    8.5788965225e-07
       115           166        1.71258545e-02    8.3622336387e-07
       116           168        1.66540527e-02    8.1318616867e-07
       117           170        1.62957764e-02    7.9569220543e-07
       118           172        1.59490967e-02    7.7876448631e-07
       119           174        1.56573486e-02    7.6451897621e-07
       120           176        1.51501465e-02    7.3975324631e-07
       121           178        1.49206543e-02    7.2854757309e-07
       122           180        1.43487549e-02    7.0062279701e-07
       123           182        1.42962646e-02    6.9805979729e-07
       124           184        1.39648437e-02    6.8187713623e-07
       125           186        1.36120605e-02    6.6465139389e-07
       126           188        1.34002686e-02    6.5430998802e-07
       127           190        1.33013916e-02    6.4948201180e-07
       128           192        1.28210449e-02    6.2602758408e-07
       129           196        2.50183105e-02    6.1079859734e-07
       130           200        2.38739014e-02    5.8285892009e-07
       131           204        2.31909180e-02    5.6618452072e-07
       132           208        2.22625732e-02    5.4351985454e-07
       133           212        2.14141846e-02    5.2280724049e-07
       134           216        2.06890869e-02    5.0510466099e-07
       135           220        2.01531982e-02    4.9202144146e-07
       136           224        1.90423584e-02    4.6490132809e-07
       137           228        1.85028076e-02    4.5172870159e-07
       138           232        1.80761719e-02    4.4131278991e-07
       139           236        1.73461914e-02    4.2349100112e-07
       140           240        1.68634033e-02    4.1170418262e-07
       141           244        1.62792969e-02    3.9744377136e-07
       142           248        1.56964111e-02    3.8321316242e-07
       143           252        1.51916504e-02    3.7088990212e-07
       144           256        1.46716309e-02    3.5819411278e-07
       145           260        1.43084717e-02    3.4932792187e-07
       146           264        1.39520264e-02    3.4062564373e-07
       147           268        1.35845947e-02    3.3165514470e-07
       148           272        1.32403564e-02    3.2325088978e-07
       149           276        1.29553223e-02    3.1629204750e-07
       150           280        1.23791504e-02    3.0222535133e-07
       151           284        1.20281982e-02    2.9365718365e-07
       152           288        1.17474365e-02    2.8680264951e-07
       153           292        1.14251709e-02    2.7893483639e-07
       154           296        1.10723877e-02    2.7032196522e-07
       155           300        1.08825684e-02    2.6568770409e-07
       156           304        1.06646729e-02    2.6036798954e-07
       157           308        1.04840088e-02    2.5595724583e-07
       158           312        1.00512695e-02    2.4539232254e-07
       159           316        9.75769043e-03    2.3822486400e-07
       160           320        9.64843750e-03    2.3555755616e-07
       161           324        9.31884766e-03    2.2751092910e-07
       162           328        9.00817871e-03    2.1992623806e-07
       163           332        8.96789551e-03    2.1894276142e-07
       164           336        8.71520996e-03    2.1277368068e-07
       165           340        8.59863281e-03    2.0992755890e-07
       166           344        8.35327148e-03    2.0393729210e-07
       167           348        8.03405762e-03    1.9614398479e-07
       168           352        8.00781250e-03    1.9550323487e-07
       169           356        7.80151367e-03    1.9046664238e-07
       170           360        7.57202148e-03    1.8486380577e-07
       171           364        7.49084473e-03    1.8288195133e-07
       172           368        7.31201172e-03    1.7851591110e-07
       173           372        7.16613770e-03    1.7495453358e-07
       174           376        6.93359375e-03    1.6927719116e-07
       175           380        6.90612793e-03    1.6860663891e-07
       176           384        6.63330078e-03    1.6194581985e-07
       177           388        6.59118652e-03    1.6091763974e-07
       178           392        6.43981934e-03    1.5722215176e-07
       179           396        6.42822266e-03    1.5693902969e-07
       180           400        6.18103027e-03    1.5090405941e-07
       181           404        6.09619141e-03    1.4883279801e-07
       182           408        6.04553223e-03    1.4759600163e-07
       183           412        5.95764160e-03    1.4545023441e-07
       184           416        5.79101562e-03    1.4138221741e-07
       185           420        5.59265137e-03    1.3653934002e-07
       186           424        5.48767090e-03    1.3397634029e-07
       187           428        5.51818848e-03    1.3472139835e-07
       188           432        5.34118652e-03    1.3040006161e-07
       189           436        5.29907227e-03    1.2937188149e-07
       190           440        5.20385742e-03    1.2704730034e-07
       191           444        5.10498047e-03    1.2463331223e-07
       192           448        5.06713867e-03    1.2370944023e-07
       193           456        9.75524902e-03    1.1908262968e-07
       194           464        9.34692383e-03    1.1409819126e-07
       195           472        9.11437988e-03    1.1125952006e-07
       196           480        8.83178711e-03    1.0780990124e-07
       197           488        8.55041504e-03    1.0437518359e-07
       198           496        8.27087402e-03    1.0096281767e-07
       199           504        8.02490234e-03    9.7960233687e-08
       200           512        7.74658203e-03    9.4562768937e-08
       201           520        7.58300781e-03    9.2566013338e-08
       202           528        7.27294922e-03    8.8781118392e-08
       203           536        7.06115723e-03    8.6195766925e-08
       204           544        6.94519043e-03    8.4780156613e-08
       205           552        6.77490234e-03    8.2701444626e-08
       206           560        6.51123047e-03    7.9482793809e-08
       207           568        6.45385742e-03    7.8782439233e-08
       208           576        6.16210937e-03    7.5221061707e-08
       209           584        6.12976074e-03    7.4826180935e-08
       210           592        5.93444824e-03    7.2441995144e-08
       211           600        5.78308105e-03    7.0594251156e-08
       212           608        5.61035156e-03    6.8485736846e-08
       213           616        5.51086426e-03    6.7271292210e-08
       214           624        5.28869629e-03    6.4559280872e-08
       215           632        5.17883301e-03    6.3218176365e-08
       216           640        5.08056641e-03    6.2018632889e-08
       217           648        4.94079590e-03    6.0312449932e-08
       218           656        4.77416992e-03    5.8278441430e-08
       219           664        4.72473145e-03    5.7674944402e-08
       220           672        4.55810547e-03    5.5640935899e-08
       221           680        4.52209473e-03    5.5201351644e-08
       222           688        4.40856934e-03    5.3815543652e-08
       223           696        4.25842285e-03    5.1982700825e-08
       224           704        4.24926758e-03    5.1870942116e-08
       225           712        4.16625977e-03    5.0857663155e-08
       226           720        3.89709473e-03    4.7571957111e-08
       227           728        3.98925781e-03    4.8696994781e-08
       228           736        3.77685547e-03    4.6104192733e-08
       229           744        3.78479004e-03    4.6201050281e-08
       230           752        3.69201660e-03    4.5068562030e-08
       231           760        3.66088867e-03    4.4688582419e-08
       232           768        3.53698730e-03    4.3176114558e-08
       233           776        3.49182129e-03    4.2624771594e-08
       234           784        3.43566895e-03    4.1939318179e-08
       235           792        3.37341309e-03    4.1179358958e-08
       236           800        3.29833984e-03    4.0262937544e-08
       237           808        3.14575195e-03    3.8400292396e-08
       238           816        3.14392090e-03    3.8377940654e-08
       239           824        3.14147949e-03    3.8348138331e-08
       240           832        3.03161621e-03    3.7007033824e-08
       241           840        2.97302246e-03    3.6291778087e-08
       242           848        2.92419434e-03    3.5695731640e-08
       243           856        2.83325195e-03    3.4585595131e-08
       244           864        2.84912109e-03    3.4779310227e-08
       245           872        2.83081055e-03    3.4555792809e-08
       246           880        2.76489258e-03    3.3751130105e-08
       247           888        2.67333984e-03    3.2633543016e-08
       248           896        2.61596680e-03    3.1933188440e-08
       249           904        2.62207031e-03    3.2007694246e-08
       250           912        2.55249023e-03    3.1158328058e-08
       251           920        2.50488281e-03    3.0577182771e-08
       252           928        2.47009277e-03    3.0152499677e-08
       253           936        2.36450195e-03    2.8863549234e-08
       254           944        2.32604980e-03    2.8394162656e-08
       255           952        2.31994629e-03    2.8319656850e-08
       256           960        2.30102539e-03    2.8088688852e-08
       257           976        4.48608398e-03    2.7380883695e-08
       258           992        4.43481445e-03    2.7067959310e-08
       259          1008        4.20166016e-03    2.5644898415e-08
       260          1024        4.08935547e-03    2.4959445000e-08
       261          1040        4.04541016e-03    2.4691224098e-08
       262          1056        3.87695313e-03    2.3663043976e-08
       263          1072        3.71948242e-03    2.2701919078e-08
       264          1088        3.71276855e-03    2.2660940885e-08
       265          1104        3.55468750e-03    2.1696090697e-08
       266          1120        3.46130371e-03    2.1126121281e-08
       267          1136        3.34228516e-03    2.0399689673e-08
       268          1152        3.21105957e-03    1.9598752258e-08
       269          1168        3.06457520e-03    1.8704682586e-08
       270          1184        3.08471680e-03    1.8827617166e-08
       271          1200        3.06274414e-03    1.8693506715e-08
       272          1216        2.95166016e-03    1.8015503881e-08
       273          1232        2.96569824e-03    1.8101185558e-08
       274          1248        2.77038574e-03    1.6909092662e-08
       275          1264        2.72644043e-03    1.6640871760e-08
       276          1280        2.71728516e-03    1.6584992406e-08
       277          1296        2.62084961e-03    1.5996396538e-08
       278          1312        2.51586914e-03    1.5355646607e-08
       279          1328        2.46459961e-03    1.5042722222e-08
       280          1344        2.35839844e-03    1.4394521710e-08
       281          1360        2.37060547e-03    1.4469027517e-08
       282          1376        2.31811523e-03    1.4148652551e-08
       283          1392        2.23693848e-03    1.3653188942e-08
       284          1408        2.19787598e-03    1.3414770363e-08
       285          1424        2.21191406e-03    1.3500452040e-08
       286          1440        2.16186523e-03    1.3194978235e-08
       287          1456        2.12036133e-03    1.2941658496e-08
       288          1472        2.06115723e-03    1.2580305337e-08
       289          1488        2.00500488e-03    1.2237578630e-08
       290          1504        1.96716309e-03    1.2006610632e-08
       291          1520        1.91589355e-03    1.1693686247e-08
       292          1536        1.85607910e-03    1.1328607798e-08
       293          1552        1.86828613e-03    1.1403113604e-08
       294          1568        1.83776855e-03    1.1216849089e-08
       295          1584        1.73645020e-03    1.0598450900e-08
       296          1600        1.72180176e-03    1.0509043933e-08
       297          1616        1.74743652e-03    1.0665506125e-08
       298          1632        1.67114258e-03    1.0199844838e-08
       299          1648        1.61376953e-03    9.8496675503e-09
       300          1664        1.60400391e-03    9.7900629056e-09
       301          1680        1.55456543e-03    9.4883143911e-09
       302          1696        1.55761719e-03    9.5069408423e-09
       303          1712        1.51855469e-03    9.2685222634e-09
       304          1728        1.49047852e-03    9.0971589094e-09
       305          1744        1.45812988e-03    8.8997185239e-09
       306          1760        1.45263672e-03    8.8661909110e-09
       307          1776        1.45019531e-03    8.8512897498e-09
       308          1792        1.44165039e-03    8.7991356857e-09
       309          1808        1.32995605e-03    8.1174075607e-09
       310          1824        1.34399414e-03    8.2030892379e-09
       311          1840        1.30432129e-03    7.9609453682e-09
       312          1856        1.31408691e-03    8.0205500131e-09
       313          1872        1.27868652e-03    7.8044831756e-09
       314          1888        1.28173828e-03    7.8231096272e-09
       315          1904        1.24450684e-03    7.5958669188e-09
       316          1920        1.24694824e-03    7.6107680800e-09
       317          1936        1.20483398e-03    7.3537230493e-09
       318          1952        1.18896484e-03    7.2568655016e-09
       319          1968        1.13830566e-03    6.9476664069e-09
       320          1984        1.15600586e-03    7.0556998254e-09
       321          2016        2.24487305e-03    6.8508088588e-09
       322          2048        2.19665527e-03    6.7036598921e-09
       323          2080        2.10632324e-03    6.4279884099e-09
       324          2112        2.11242676e-03    6.4466148615e-09
       325          2144        1.96594238e-03    5.9995800257e-09
       326          2176        1.97082520e-03    6.0144811868e-09
       327          2208        1.95983887e-03    5.9809535742e-09
       328          2240        1.90551758e-03    5.8151781559e-09
       329          2272        1.76513672e-03    5.3867697716e-09
       330          2304        1.73400879e-03    5.2917748690e-09
       331          2336        1.72973633e-03    5.2787363529e-09
       332          2368        1.66320801e-03    5.0757080316e-09
       333          2400        1.58081055e-03    4.8242509365e-09
       334          2432        1.58325195e-03    4.8317015171e-09
       335          2464        1.60217285e-03    4.8894435168e-09
       336          2496        1.50939941e-03    4.6063214540e-09
       337          2528        1.51428223e-03    4.6212226152e-09
       338          2560        1.42761230e-03    4.3567270040e-09
       339          2592        1.42761230e-03    4.3567270040e-09
       340          2624        1.44348145e-03    4.4051557779e-09
       341          2656        1.39709473e-03    4.2635947466e-09
       342          2688        1.28601074e-03    3.9245933294e-09
       343          2720        1.31835938e-03    4.0233135223e-09
       344          2752        1.28967285e-03    3.9357692003e-09
       345          2784        1.28417969e-03    3.9190053939e-09
       346          2816        1.23962402e-03    3.7830322981e-09
       347          2848        1.17797852e-03    3.5949051380e-09
       348          2880        1.19689941e-03    3.6526471376e-09
       349          2912        1.21765137e-03    3.7159770727e-09
       350          2944        1.12548828e-03    3.4347176552e-09
       351          2976        1.16943359e-03    3.5688281059e-09
       352          3008        1.11694336e-03    3.4086406232e-09
       353          3040        1.12426758e-03    3.4309923649e-09
       354          3072        1.06750488e-03    3.2577663661e-09
       355          3104        1.08520508e-03    3.3117830754e-09
       356          3136        1.07666016e-03    3.2857060433e-09
       357          3168        1.08276367e-03    3.3043324948e-09
       358          3200        1.02539062e-03    3.1292438507e-09
       359          3232        1.00524902e-03    3.0677765608e-09
       360          3264        1.02905273e-03    3.1404197217e-09
       361          3296        9.57641602e-04    2.9224902392e-09
       362          3328        9.60693359e-04    2.9318034650e-09
       363          3360        9.45434570e-04    2.8852373362e-09
       364          3392        9.88769531e-04    3.0174851418e-09
       365          3424        9.68017578e-04    2.9541552067e-09
       366          3456        9.66796875e-04    2.9504299164e-09
       367          3488        9.00268555e-04    2.7474015951e-09
       368          3520        8.72192383e-04    2.6617199182e-09
       369          3552        9.39941406e-04    2.8684735299e-09
       370          3584        9.01489258e-04    2.7511268854e-09
       371          3616        9.01489258e-04    2.7511268855e-09
       372          3648        9.36279297e-04    2.8572976589e-09
       373          3680        9.02099609e-04    2.7529895306e-09
       374          3712        8.78906250e-04    2.6822090149e-09
       375          3744        8.61206055e-04    2.6281923056e-09
       376          3776        9.00878906e-04    2.7492642403e-09
       377          3808        8.39843750e-04    2.5629997253e-09
       378          3840        8.48999023e-04    2.5909394026e-09
       379          3872        8.27026367e-04    2.5238841772e-09
       380          3904        8.81958008e-04    2.6915222407e-09
       381          3936        8.36791992e-04    2.5536864996e-09
       382          3968        8.39843750e-04    2.5629997253e-09
       383          4000        8.69140625e-04    2.6524066925e-09
       384          4032        8.20922852e-04    2.5052577257e-09
       385          4096        1.68457031e-03    2.5704503059e-09
       386          4160        1.69982910e-03    2.5937333704e-09
       387          4224        1.69677734e-03    2.5890767574e-09
       388          4288        1.75354004e-03    2.6756897569e-09
       389          4352        1.68090820e-03    2.5648623705e-09
       390          4416        1.75842285e-03    2.6831403375e-09
       391          4480        1.67480469e-03    2.5555491447e-09
       392          4544        1.66320801e-03    2.5378540158e-09
       393          4608        1.63635254e-03    2.4968758226e-09
       394          4672        1.71325684e-03    2.6142224669e-09
       395          4736        1.74438477e-03    2.6617199182e-09
       396          4800        1.78405762e-03    2.7222558856e-09
       397          4864        1.77001953e-03    2.7008354664e-09
       398          4928        1.79809570e-03    2.7436763048e-09
       399          4992        1.83776855e-03    2.8042122722e-09
       400          5056        1.79687500e-03    2.7418136596e-09
       401          5120        1.83288574e-03    2.7967616916e-09
       402          5184        1.93969727e-03    2.9597431421e-09
       403          5248        1.93481445e-03    2.9522925615e-09
       404          5312        1.93603516e-03    2.9541552067e-09
       405          5376        1.98364258e-03    3.0267983675e-09
       406          5440        1.97937012e-03    3.0202791095e-09
       407          5504        1.99462891e-03    3.0435621739e-09
       408          5568        2.08557129e-03    3.1823292374e-09
       409          5632        2.14904785e-03    3.2791867852e-09
       410          5696        2.14721680e-03    3.2763928175e-09
       411          5760        2.16308594e-03    3.3006072044e-09
       412          5824        2.26989746e-03    3.4635886550e-09
       413          5888        2.26562500e-03    3.4570693970e-09
       414          5952        2.26135254e-03    3.4505501390e-09
       415          6016        2.29614258e-03    3.5036355256e-09
       416          6080        2.39135742e-03    3.6489218474e-09
       417          6144        2.41271973e-03    3.6815181374e-09
       418          6208        2.48474121e-03    3.7914142013e-09
       419          6272        2.48901367e-03    3.7979334593e-09
       420          6336        2.57385254e-03    3.9273872972e-09
       421          6400        2.60131836e-03    3.9692968130e-09
       422          6464        2.66662598e-03    4.0689483284e-09
       423          6528        2.70324707e-03    4.1248276829e-09
       424          6592        2.81311035e-03    4.2924657464e-09
       425          6656        2.86376953e-03    4.3697655201e-09
       426          6720        2.88757324e-03    4.4060871005e-09
       427          6784        3.01513672e-03    4.6007335186e-09
       428          6848        3.09753418e-03    4.7264620661e-09
       429          6912        3.05236816e-03    4.6575441957e-09
       430          6976        3.25927734e-03    4.9732625484e-09
       431          7040        3.23364258e-03    4.9341470003e-09
       432          7104        3.30322266e-03    5.0403177738e-09
       433          7168        3.41369629e-03    5.2088871598e-09
       434          7232        3.60717773e-03    5.5041164160e-09
       435          7296        3.51867676e-03    5.3690746427e-09
       436          7360        3.69384766e-03    5.6363642216e-09
       437          7424        3.71032715e-03    5.6615099311e-09
       438          7488        3.80798340e-03    5.8105215431e-09
       439          7552        3.94836426e-03    6.0247257351e-09
       440          7616        4.04602051e-03    6.1737373472e-09
       441          7680        4.09729004e-03    6.2519684434e-09
       442          7744        4.25292969e-03    6.4894556999e-09
       443          7808        4.29382324e-03    6.5518543124e-09
       444          7872        4.30480957e-03    6.5686181187e-09
       445          7936        4.49340820e-03    6.8563967943e-09
       446          8000        4.59960937e-03    7.0184469223e-09
       447          8064        4.64477539e-03    7.0873647929e-09
       448          8128        4.71862793e-03    7.2000548244e-09
       449          8256        9.86999512e-03    7.5302086770e-09
       450          8384        1.03460693e-02    7.8934244811e-09
       451          8512        1.05725098e-02    8.0661848188e-09
       452          8640        1.10583496e-02    8.4368512034e-09
       453          8768        1.16174316e-02    8.8633969426e-09
       454          8896        1.18981934e-02    9.0776011347e-09
       455          9024        1.21929932e-02    9.3025155364e-09
       456          9152        1.26428223e-02    9.6457079050e-09
       457          9280        1.30804443e-02    9.9795870483e-09
       458          9408        1.33898926e-02    1.0215677321e-08
       459          9536        1.37005615e-02    1.0452698916e-08
       460          9664        1.40704346e-02    1.0734889656e-08
       461          9792        1.43225098e-02    1.0927207768e-08
       462          9920        1.45635986e-02    1.1111143977e-08
       463         10048        1.47283936e-02    1.1236872524e-08
       464         10176        1.46771240e-02    1.1197756976e-08
       465         10304        1.46582031e-02    1.1183321476e-08
       466         10432        1.46508789e-02    1.1177733540e-08
       467         10560        1.42687988e-02    1.0886229575e-08
       468         10688        1.40899658e-02    1.0749790818e-08
       469         10816        1.35174561e-02    1.0313000530e-08
       470         10944        1.32409668e-02    1.0102055967e-08
       471         11072        1.27490234e-02    9.7267329690e-09
       472         11200        1.19042969e-02    9.0822577476e-09
       473         11328        1.12762451e-02    8.6030922830e-09
       474         11456        1.03149414e-02    7.8696757555e-09
       475         11584        9.34875488e-03    7.1325339377e-09
       476         11712        8.37707520e-03    6.3912011683e-09
       477         11840        7.56225586e-03    5.7695433498e-09
       478         11968        6.71569824e-03    5.1236711443e-09
       479         12096        5.57373047e-03    4.2524188757e-09
       480         12224        4.83642578e-03    3.6899000407e-09
       481         12352        3.96850586e-03    3.0277296901e-09
       482         12480        3.11828613e-03    2.3790635169e-09
       483         12608        2.47314453e-03    1.8868595362e-09
       484         12736        1.90185547e-03    1.4510005713e-09
       485         12864        1.34582520e-03    1.0267831386e-09
       486         12992        1.02661133e-03    7.8324228527e-10
       487         13120        6.98852539e-04    5.3318217396e-10
       488         13248        4.63867187e-04    3.5390257835e-10
       489         13376        3.07617187e-04    2.3469328881e-10
       490         13504        1.48925781e-04    1.1362135410e-10
       491         13632        9.27734375e-05    7.0780515671e-11
       492         13760        5.49316406e-05    4.1909515857e-11
       493         13888        2.74658203e-05    2.0954757929e-11
       494         14016        1.46484375e-05    1.1175870895e-11
       495         14144        6.71386719e-06    5.1222741603e-12
       496         14272        2.44140625e-06    1.8626451492e-12
       497         14400        1.22070313e-06    9.3132257460e-13
       498         14528        6.10351563e-07    4.6566128730e-13
