         2             2        3.10928921e+02    3.1092892143e-01
         3             3        4.38592186e+01    4.3859218598e-02
         4             4        1.44497409e+01    1.4449740867e-02
         5             5        6.39307247e+00    6.3930724716e-03
         6             6        3.10354733e+00    3.1035473251e-03
         7             7        1.87573074e+00    1.8757307434e-03
         8             8        1.24565243e+00    1.2456524276e-03
         9             9        8.30059395e-01    8.3005939484e-04
        10            10        6.07461281e-01    6.0746128082e-04
        11            11        4.59063263e-01    4.5906326294e-04
        12            12        3.53185844e-01    3.5318584441e-04
        13            13        2.81371918e-01    2.8137191773e-04
        14            14        2.28954926e-01    2.2895492554e-04
        15            15        1.88783989e-01    1.8878398895e-04
        16            16        1.58667221e-01    1.5866722107e-04
        17            17        1.34755058e-01    1.3475505829e-04
        18            18        1.15932732e-01    1.1593273163e-04
        19            19        1.00595055e-01    1.0059505463e-04
        20            20        8.81798553e-02    8.8179855347e-05
        21            21        7.79337311e-02    7.7933731079e-05
        22            22        6.91849518e-02    6.9184951782e-05
        23            23        6.19994736e-02    6.1999473572e-05
        24            24        5.58274078e-02    5.5827407837e-05
        25            25        5.04528427e-02    5.0452842713e-05
        26            26        4.58115768e-02    4.5811576843e-05
        27            27        4.17882538e-02    4.1788253784e-05
        28            28        3.83449554e-02    3.8344955444e-05
        29            29        3.52844620e-02    3.5284461975e-05
        30            30        3.26110077e-02    3.2611007691e-05
        31            31        3.00869751e-02    3.0086975098e-05
        32            32        2.79029083e-02    2.7902908325e-05
        33            33        2.59259796e-02    2.5925979615e-05
        34            34        2.43124390e-02    2.4312438965e-05
        35            35        2.26824188e-02    2.2682418823e-05
        36            36        2.12773895e-02    2.1277389526e-05
        37            37        2.00004196e-02    2.0000419617e-05
        38            38        1.88410187e-02    1.8841018677e-05
        39            39        1.77251434e-02    1.7725143433e-05
        40            40        1.67679977e-02    1.6767997742e-05
        41            41        1.58084488e-02    1.5808448792e-05
        42            42        1.50043106e-02    1.5004310608e-05
        43            43        1.41854095e-02    1.4185409546e-05
        44            44        1.34838486e-02    1.3483848572e-05
        45            45        1.28373718e-02    1.2837371826e-05
        46            46        1.22417831e-02    1.2241783142e-05
        47            47        1.16655350e-02    1.1665534974e-05
        48            48        1.11330414e-02    1.1133041382e-05
        49            49        1.06823730e-02    1.0682373046e-05
        50            50        1.01544189e-02    1.0154418945e-05
        51            51        9.77333069e-03    9.7733306885e-06
        52            52        9.34535980e-03    9.3453598022e-06
        53            53        9.02294159e-03    9.0229415894e-06
        54            54        8.62026215e-03    8.6202621460e-06
        55            55        8.28628540e-03    8.2862854004e-06
        56            56        8.02085876e-03    8.0208587647e-06
        57            57        7.70637512e-03    7.7063751221e-06
        58            58        7.39570618e-03    7.3957061767e-06
        59            59        7.15126038e-03    7.1512603760e-06
        60            60        6.89182281e-03    6.8918228149e-06
        61            61        6.66271210e-03    6.6627120972e-06
        62            62        6.44130707e-03    6.4413070679e-06
        63            63        6.24011993e-03    6.2401199341e-06
        64            64        6.03065491e-03    6.0306549073e-06
        65            66        1.13955688e-02    5.6977844239e-06
        66            68        1.07378387e-02    5.3689193726e-06
        67            70        1.00898361e-02    5.0449180603e-06
        68            72        9.54490662e-03    4.7724533081e-06
        69            74        8.97750854e-03    4.4887542725e-06
        70            76        8.48979950e-03    4.2448997498e-06
        71            78        8.03546906e-03    4.0177345276e-06
        72            80        7.61577606e-03    3.8078880310e-06
        73            82        7.26078033e-03    3.6303901672e-06
        74            84        6.90563202e-03    3.4528160095e-06
        75            86        6.59816742e-03    3.2990837097e-06
        76            88        6.28261566e-03    3.1413078308e-06
        77            90        5.99605560e-03    2.9980278015e-06
        78            92        5.73410034e-03    2.8670501709e-06
        79            94        5.50083160e-03    2.7504158020e-06
        80            96        5.21568298e-03    2.6078414917e-06
        81            98        5.03166199e-03    2.5158309937e-06
        82           100        4.82746124e-03    2.4137306213e-06
        83           102        4.63165283e-03    2.3158264160e-06
        84           104        4.46537018e-03    2.2326850891e-06
        85           106        4.30149078e-03    2.1507453919e-06
        86           108        4.13528442e-03    2.0676422120e-06
        87           110        3.97148132e-03    1.9857406616e-06
        88           112        3.83964539e-03    1.9198226929e-06
        89           114        3.68350983e-03    1.8417549133e-06
        90           116        3.58135223e-03    1.7906761169e-06
        91           118        3.46637726e-03    1.7331886292e-06
        92           120        3.32485199e-03    1.6624259949e-06
        93           122        3.23211670e-03    1.6160583496e-06
        94           124        3.14388275e-03    1.5719413757e-06
        95           126        3.02646637e-03    1.5132331848e-06
        96           128        2.93678284e-03    1.4683914184e-06
        97           130        2.84721375e-03    1.4236068726e-06
        98           132        2.75699615e-03    1.3784980774e-06
        99           134        2.69199371e-03    1.3459968567e-06
       100           136        2.60345459e-03    1.3017272949e-06
       101           138        2.53242493e-03    1.2662124634e-06
       102           140        2.45800018e-03    1.2290000915e-06
       103           142        2.39547729e-03    1.1977386475e-06
       104           144        2.31781006e-03    1.1589050293e-06
       105           146        2.24536896e-03    1.1226844788e-06
       106           148        2.20268250e-03    1.1013412476e-06
       107           150        2.15774536e-03    1.0788726806e-06
       108           152        2.10071564e-03    1.0503578186e-06
       109           154        2.04097748e-03    1.0204887390e-06
       110           156        1.99550629e-03    9.9775314331e-07
       111           158        1.94694519e-03    9.7347259519e-07
       112           160        1.88690186e-03    9.4345092773e-07
       113           162        1.86111450e-03    9.3055725098e-07
       114           164        1.80591583e-03    9.0295791626e-07
       115           166        1.75308228e-03    8.7654113769e-07
       116           168        1.70997620e-03    8.5498809814e-07
       117           170        1.67118073e-03    8.3559036255e-07
       118           172        1.64272308e-03    8.2136154175e-07
       119           174        1.61315918e-03    8.0657958984e-07
       120           176        1.57817841e-03    7.8908920288e-07
       121           178        1.53507233e-03    7.6753616333e-07
       122           180        1.49757385e-03    7.4878692627e-07
       123           182        1.46209717e-03    7.3104858398e-07
       124           184        1.43623352e-03    7.1811676025e-07
       125           186        1.41094208e-03    7.0547103882e-07
       126           188        1.38183594e-03    6.9091796875e-07
       127           190        1.34197235e-03    6.7098617553e-07
       128           192        1.33239746e-03    6.6619873047e-07
       129           196        2.58396149e-03    6.4599037171e-07
       130           200        2.47585297e-03    6.1896324158e-07
       131           204        2.37979889e-03    5.9494972229e-07
       132           208        2.30049133e-03    5.7512283326e-07
       133           212        2.20001221e-03    5.5000305176e-07
       134           216        2.13134766e-03    5.3283691406e-07
       135           220        2.05505371e-03    5.1376342773e-07
       136           224        1.97299957e-03    4.9324989319e-07
       137           228        1.91917419e-03    4.7979354858e-07
       138           232        1.84776306e-03    4.6194076539e-07
       139           236        1.79862976e-03    4.4965744019e-07
       140           240        1.73057556e-03    4.3264389038e-07
       141           244        1.68689728e-03    4.2172431947e-07
       142           248        1.63658142e-03    4.0914535522e-07
       143           252        1.58111572e-03    3.9527893067e-07
       144           256        1.51721954e-03    3.7930488586e-07
       145           260        1.48868561e-03    3.7217140198e-07
       146           264        1.44050598e-03    3.6012649537e-07
       147           268        1.39636993e-03    3.4909248352e-07
       148           272        1.38004303e-03    3.4501075744e-07
       149           276        1.33457184e-03    3.3364295959e-07
       150           280        1.29478455e-03    3.2369613648e-07
       151           284        1.26285553e-03    3.1571388244e-07
       152           288        1.22703552e-03    3.0675888061e-07
       153           292        1.19457245e-03    2.9864311218e-07
       154           296        1.16191864e-03    2.9047966004e-07
       155           300        1.13204956e-03    2.8301239014e-07
       156           304        1.10080719e-03    2.7520179749e-07
       157           308        1.07410431e-03    2.6852607727e-07
       158           312        1.06777191e-03    2.6694297791e-07
       159           316        1.03523254e-03    2.5880813599e-07
       160           320        9.93995667e-04    2.4849891662e-07
       161           324        9.83200073e-04    2.4580001831e-07
       162           328        9.62791443e-04    2.4069786072e-07
       163           332        9.28001404e-04    2.3200035095e-07
       164           336        9.08279419e-04    2.2706985474e-07
       165           340        8.88366699e-04    2.2209167480e-07
       166           344        8.72612000e-04    2.1815299988e-07
       167           348        8.39462280e-04    2.0986557007e-07
       168           352        8.38012695e-04    2.0950317382e-07
       169           356        8.13179016e-04    2.0329475403e-07
       170           360        7.95059204e-04    1.9876480102e-07
       171           364        7.79914856e-04    1.9497871399e-07
       172           368        7.61222839e-04    1.9030570984e-07
       173           372        7.46955872e-04    1.8673896789e-07
       174           376        7.29141235e-04    1.8228530884e-07
       175           380        7.20672607e-04    1.8016815186e-07
       176           384        7.12585449e-04    1.7814636231e-07
       177           388        6.89849854e-04    1.7246246338e-07
       178           392        6.80122375e-04    1.7003059387e-07
       179           396        6.65359497e-04    1.6633987427e-07
       180           400        6.51664734e-04    1.6291618347e-07
       181           404        6.51588440e-04    1.6289710999e-07
       182           408        6.36253357e-04    1.5906333923e-07
       183           412        6.16950989e-04    1.5423774720e-07
       184           416        6.07261658e-04    1.5181541443e-07
       185           420        5.96160889e-04    1.4904022216e-07
       186           424        5.87882996e-04    1.4697074890e-07
       187           428        5.72586060e-04    1.4314651489e-07
       188           432        5.64384460e-04    1.4109611511e-07
       189           436        5.51185608e-04    1.3779640198e-07
       190           440        5.43746948e-04    1.3593673706e-07
       191           444        5.44967651e-04    1.3624191284e-07
       192           448        5.32150269e-04    1.3303756714e-07
       193           456        1.02935791e-03    1.2866973877e-07
       194           464        9.97009277e-04    1.2462615966e-07
       195           472        9.59205627e-04    1.1990070344e-07
       196           480        9.35287476e-04    1.1691093445e-07
       197           488        9.12704468e-04    1.1408805847e-07
       198           496        8.72764587e-04    1.0909557343e-07
       199           504        8.47930908e-04    1.0599136353e-07
       200           512        8.25271606e-04    1.0315895081e-07
       201           520        8.05740356e-04    1.0071754456e-07
       202           528        7.73315430e-04    9.6664428710e-08
       203           536        7.49702454e-04    9.3712806703e-08
       204           544        7.44552612e-04    9.3069076536e-08
       205           552        7.17277527e-04    8.9659690856e-08
       206           560        6.87217712e-04    8.5902214050e-08
       207           568        6.81915283e-04    8.5239410400e-08
       208           576        6.59332275e-04    8.2416534424e-08
       209           584        6.35833740e-04    7.9479217530e-08
       210           592        6.27746582e-04    7.8468322754e-08
       211           600        6.13136292e-04    7.6642036438e-08
       212           608        5.86318970e-04    7.3289871216e-08
       213           616        5.83496094e-04    7.2937011719e-08
       214           624        5.74150085e-04    7.1768760681e-08
       215           632        5.50308228e-04    6.8788528442e-08
       216           640        5.39169312e-04    6.7396163940e-08
       217           648        5.18608093e-04    6.4826011658e-08
       218           656        5.20057678e-04    6.5007209778e-08
       219           664        5.12313843e-04    6.4039230347e-08
       220           672        5.00831604e-04    6.2603950500e-08
       221           680        4.72526550e-04    5.9065818787e-08
       222           688        4.69894409e-04    5.8736801148e-08
       223           696        4.57992554e-04    5.7249069214e-08
       224           704        4.54254150e-04    5.6781768799e-08
       225           712        4.39796448e-04    5.4974555969e-08
       226           720        4.37240601e-04    5.4655075073e-08
       227           728        4.23316956e-04    5.2914619446e-08
       228           736        4.08096313e-04    5.1012039184e-08
       229           744        4.05464172e-04    5.0683021545e-08
       230           752        3.99627686e-04    4.9953460694e-08
       231           760        3.92341614e-04    4.9042701722e-08
       232           768        3.84521484e-04    4.8065185547e-08
       233           776        3.70979309e-04    4.6372413635e-08
       234           784        3.63731384e-04    4.5466423035e-08
       235           792        3.62129211e-04    4.5266151429e-08
       236           800        3.58505249e-04    4.4813156127e-08
       237           808        3.47099304e-04    4.3387413025e-08
       238           816        3.39584351e-04    4.2448043823e-08
       239           824        3.37562561e-04    4.2195320129e-08
       240           832        3.32450867e-04    4.1556358338e-08
       241           840        3.16085815e-04    3.9510726929e-08
       242           848        3.17192078e-04    3.9649009705e-08
       243           856        3.09524536e-04    3.8690567017e-08
       244           864        3.05557251e-04    3.8194656372e-08
       245           872        3.03039551e-04    3.7879943847e-08
       246           880        2.90794373e-04    3.6349296570e-08
       247           888        2.92778015e-04    3.6597251892e-08
       248           896        2.87208557e-04    3.5901069641e-08
       249           904        2.81562805e-04    3.5195350647e-08
       250           912        2.77900696e-04    3.4737586975e-08
       251           920        2.73742676e-04    3.4217834473e-08
       252           928        2.62374878e-04    3.2796859741e-08
       253           936        2.65846252e-04    3.3230781555e-08
       254           944        2.65922546e-04    3.3240318298e-08
       255           952        2.57911682e-04    3.2238960267e-08
       256           960        2.51350403e-04    3.1418800355e-08
       257           976        4.90722656e-04    3.0670166016e-08
       258           992        4.65469360e-04    2.9091835022e-08
       259          1008        4.61692810e-04    2.8855800628e-08
       260          1024        4.47349548e-04    2.7959346771e-08
       261          1040        4.30946350e-04    2.6934146881e-08
       262          1056        4.23583984e-04    2.6473999023e-08
       263          1072        4.06112671e-04    2.5382041931e-08
       264          1088        3.99818420e-04    2.4988651275e-08
       265          1104        3.87573242e-04    2.4223327637e-08
       266          1120        3.73916626e-04    2.3369789124e-08
       267          1136        3.63121033e-04    2.2695064545e-08
       268          1152        3.54804993e-04    2.2175312043e-08
       269          1168        3.53012085e-04    2.2063255310e-08
       270          1184        3.39088440e-04    2.1193027496e-08
       271          1200        3.35617065e-04    2.0976066589e-08
       272          1216        3.24897766e-04    2.0306110382e-08
       273          1232        3.18031311e-04    1.9876956939e-08
       274          1248        3.03840637e-04    1.8990039825e-08
       275          1264        2.97470093e-04    1.8591880798e-08
       276          1280        2.96058655e-04    1.8503665924e-08
       277          1296        2.83775330e-04    1.7735958099e-08
       278          1312        2.77404785e-04    1.7337799073e-08
       279          1328        2.73056030e-04    1.7066001892e-08
       280          1344        2.65808105e-04    1.6613006592e-08
       281          1360        2.63137817e-04    1.6446113586e-08
       282          1376        2.50167847e-04    1.5635490418e-08
       283          1392        2.45208740e-04    1.5325546265e-08
       284          1408        2.40898132e-04    1.5056133271e-08
       285          1424        2.40211487e-04    1.5013217926e-08
       286          1440        2.37464905e-04    1.4841556549e-08
       287          1456        2.25753784e-04    1.4109611511e-08
       288          1472        2.28424072e-04    1.4276504517e-08
       289          1488        2.15644836e-04    1.3477802277e-08
       290          1504        2.13699341e-04    1.3356208802e-08
       291          1520        2.08168030e-04    1.3010501862e-08
       292          1536        2.06680298e-04    1.2917518616e-08
       293          1552        2.05154419e-04    1.2822151184e-08
       294          1568        1.99394226e-04    1.2462139130e-08
       295          1584        1.93786621e-04    1.2111663818e-08
       296          1600        1.87263489e-04    1.1703968048e-08
       297          1616        1.88407898e-04    1.1775493622e-08
       298          1632        1.86042786e-04    1.1627674103e-08
       299          1648        1.77497864e-04    1.1093616486e-08
       300          1664        1.80435181e-04    1.1277198792e-08
       301          1680        1.73988342e-04    1.0874271394e-08
       302          1696        1.70707703e-04    1.0669231415e-08
       303          1712        1.66168213e-04    1.0385513306e-08
       304          1728        1.62391663e-04    1.0149478913e-08
       305          1744        1.60064697e-04    1.0004043579e-08
       306          1760        1.62658691e-04    1.0166168213e-08
       307          1776        1.53808594e-04    9.6130371095e-09
       308          1792        1.58767700e-04    9.9229812625e-09
       309          1808        1.47972107e-04    9.2482566834e-09
       310          1824        1.45988464e-04    9.1242790223e-09
       311          1840        1.45454407e-04    9.0909004212e-09
       312          1856        1.43280029e-04    8.9550018312e-09
       313          1872        1.41677856e-04    8.8548660279e-09
       314          1888        1.40304565e-04    8.7690353393e-09
       315          1904        1.38587952e-04    8.6617469788e-09
       316          1920        1.34925842e-04    8.4328651427e-09
       317          1936        1.34201050e-04    8.3875656128e-09
       318          1952        1.30844116e-04    8.1777572631e-09
       319          1968        1.28097534e-04    8.0060958862e-09
       320          1984        1.27525330e-04    7.9703330993e-09
       321          2016        2.47612000e-04    7.7378749847e-09
       322          2048        2.37236023e-04    7.4136257171e-09
       323          2080        2.38151550e-04    7.4422359467e-09
       324          2112        2.23541260e-04    6.9856643677e-09
       325          2144        2.22702026e-04    6.9594383240e-09
       326          2176        2.14462280e-04    6.7019462586e-09
       327          2208        2.03742981e-04    6.3669681549e-09
       328          2240        2.03552246e-04    6.3610076904e-09
       329          2272        1.99127197e-04    6.2227249146e-09
       330          2304        1.87225342e-04    5.8507919311e-09
       331          2336        1.84555054e-04    5.7673454284e-09
       332          2368        1.76773071e-04    5.5241584778e-09
       333          2400        1.73912048e-04    5.4347515106e-09
       334          2432        1.69219971e-04    5.2881240845e-09
       335          2464        1.66130066e-04    5.1915645599e-09
       336          2496        1.66358948e-04    5.1987171173e-09
       337          2528        1.54571533e-04    4.8303604126e-09
       338          2560        1.54151917e-04    4.8172473908e-09
       339          2592        1.50375366e-04    4.6992301941e-09
       340          2624        1.45111084e-04    4.5347213745e-09
       341          2656        1.41944885e-04    4.4357776642e-09
       342          2688        1.38092041e-04    4.3153762817e-09
       343          2720        1.39656067e-04    4.3642520904e-09
       344          2752        1.34124756e-04    4.1913986206e-09
       345          2784        1.33132935e-04    4.1604042053e-09
       346          2816        1.31759644e-04    4.1174888611e-09
       347          2848        1.27754211e-04    3.9923191070e-09
       348          2880        1.27105713e-04    3.9720535278e-09
       349          2912        1.18904114e-04    3.7157535553e-09
       350          2944        1.17988586e-04    3.6871433258e-09
       351          2976        1.15089417e-04    3.5965442658e-09
       352          3008        1.16157532e-04    3.6299228668e-09
       353          3040        1.12724304e-04    3.5226345062e-09
       354          3072        1.07688904e-04    3.3652782441e-09
       355          3104        1.07803345e-04    3.3688545227e-09
       356          3136        1.06582642e-04    3.3307075500e-09
       357          3168        1.03950500e-04    3.2484531403e-09
       358          3200        1.00898743e-04    3.1530857087e-09
       359          3232        9.88388062e-05    3.0887126923e-09
       360          3264        9.90676880e-05    3.0958652497e-09
       361          3296        9.71221924e-05    3.0350685120e-09
       362          3328        9.65881348e-05    3.0183792114e-09
       363          3360        8.86917114e-05    2.7716159821e-09
       364          3392        9.19342041e-05    2.8729438782e-09
       365          3424        9.12094116e-05    2.8502941132e-09
       366          3456        8.88442993e-05    2.7763843536e-09
       367          3488        8.60214233e-05    2.6881694794e-09
       368          3520        8.33892822e-05    2.6059150696e-09
       369          3552        8.33892822e-05    2.6059150695e-09
       370          3584        7.90023804e-05    2.4688243866e-09
       371          3616        8.11767578e-05    2.5367736816e-09
       372          3648        7.94219971e-05    2.4819374084e-09
       373          3680        7.86972046e-05    2.4592876434e-09
       374          3712        7.60650635e-05    2.3770332336e-09
       375          3744        7.38143921e-05    2.3066997528e-09
       376          3776        7.29751587e-05    2.2804737091e-09
       377          3808        7.04574585e-05    2.2017955780e-09
       378          3840        6.98852539e-05    2.1839141845e-09
       379          3872        6.81304932e-05    2.1290779114e-09
       380          3904        6.88552856e-05    2.1517276764e-09
       381          3936        6.76345825e-05    2.1135807038e-09
       382          3968        6.66427612e-05    2.0825862884e-09
       383          4000        6.56127930e-05    2.0503997803e-09
       384          4032        6.54602051e-05    2.0456314087e-09
       385          4096        1.26495361e-04    1.9764900207e-09
       386          4160        1.21192932e-04    1.8936395645e-09
       387          4224        1.19628906e-04    1.8692016601e-09
       388          4288        1.12876892e-04    1.7637014388e-09
       389          4352        1.09596252e-04    1.7124414444e-09
       390          4416        1.09596252e-04    1.7124414444e-09
       391          4480        1.05361938e-04    1.6462802887e-09
       392          4544        1.00936890e-04    1.5771389007e-09
       393          4608        9.93728638e-05    1.5527009964e-09
       394          4672        9.64355469e-05    1.5068054199e-09
       395          4736        9.15145874e-05    1.4299154282e-09
       396          4800        9.12475586e-05    1.4257431030e-09
       397          4864        8.94546509e-05    1.3977289200e-09
       398          4928        8.86154175e-05    1.3846158982e-09
       399          4992        8.42285156e-05    1.3160705567e-09
       400          5056        8.27789307e-05    1.2934207917e-09
       401          5120        7.92312622e-05    1.2379884720e-09
       402          5184        7.75146484e-05    1.2111663819e-09
       403          5248        7.78198242e-05    1.2159347535e-09
       404          5312        7.60269165e-05    1.1879205704e-09
       405          5376        7.16781616e-05    1.1199712753e-09
       406          5440        7.20214844e-05    1.1253356934e-09
       407          5504        6.95800781e-05    1.0871887208e-09
       408          5568        6.81686401e-05    1.0651350022e-09
       409          5632        6.57272339e-05    1.0269880295e-09
       410          5696        6.54220581e-05    1.0222196579e-09
       411          5760        6.31713867e-05    9.8705291751e-10
       412          5824        6.53839111e-05    1.0216236115e-09
       413          5888        6.12640381e-05    9.5725059513e-10
       414          5952        5.92803955e-05    9.2625617982e-10
       415          6016        5.71441650e-05    8.9287757874e-10
       416          6080        5.50842285e-05    8.6069107059e-10
       417          6144        5.55801392e-05    8.6843967439e-10
       418          6208        5.25283813e-05    8.2075595858e-10
       419          6272        5.60379028e-05    8.7559223177e-10
       420          6336        5.34057617e-05    8.3446502689e-10
       421          6400        5.13458252e-05    8.0227851870e-10
       422          6464        5.24520874e-05    8.1956386566e-10
       423          6528        4.95529175e-05    7.7426433565e-10
       424          6592        4.58526611e-05    7.1644783020e-10
       425          6656        4.82940674e-05    7.5459480287e-10
       426          6720        4.72640991e-05    7.3850154879e-10
       427          6784        4.82940674e-05    7.5459480287e-10
       428          6848        4.48226929e-05    7.0035457611e-10
       429          6912        4.23431396e-05    6.6161155702e-10
       430          6976        4.34494019e-05    6.7889690400e-10
       431          7040        4.31823730e-05    6.7472457887e-10
       432          7104        4.02832031e-05    6.2942504883e-10
       433          7168        4.08935547e-05    6.3896179201e-10
       434          7232        4.05502319e-05    6.3359737398e-10
       435          7296        3.75747681e-05    5.8710575104e-10
       436          7360        3.79943848e-05    5.9366226197e-10
       437          7424        3.93295288e-05    6.1452388764e-10
       438          7488        3.67355347e-05    5.7399272920e-10
       439          7552        3.78036499e-05    5.9068202973e-10
       440          7616        3.50189209e-05    5.4717063904e-10
       441          7680        3.58200073e-05    5.5968761445e-10
       442          7744        3.31497192e-05    5.1796436311e-10
       443          7808        3.24249268e-05    5.0663948060e-10
       444          7872        3.58963013e-05    5.6087970734e-10
       445          7936        3.38363647e-05    5.2869319916e-10
       446          8000        3.04794312e-05    4.7624111177e-10
       447          8064        3.23486328e-05    5.0544738771e-10
       448          8128        3.21578979e-05    5.0246715547e-10
       449          8256        6.46209717e-05    5.0485134125e-10
       450          8384        6.12258911e-05    4.7832727433e-10
       451          8512        5.78308105e-05    4.5180320740e-10
       452          8640        5.60760498e-05    4.3809413911e-10
       453          8768        5.63049316e-05    4.3988227845e-10
       454          8896        5.22613525e-05    4.0829181671e-10
       455          9024        5.19943237e-05    4.0620565415e-10
       456          9152        4.88662720e-05    3.8176774979e-10
       457          9280        4.95910645e-05    3.8743019104e-10
       458          9408        5.08880615e-05    3.9756298065e-10
       459          9536        4.78744507e-05    3.7401914597e-10
       460          9664        4.50515747e-05    3.5196542740e-10
       461          9792        4.34494019e-05    3.3944845200e-10
       462          9920        4.53567505e-05    3.5434961319e-10
       463         10048        4.28390503e-05    3.3468008042e-10
       464         10176        3.82995605e-05    2.9921531678e-10
       465         10304        3.96347046e-05    3.0964612961e-10
       466         10432        3.86047363e-05    3.0159950257e-10
       467         10560        3.78036499e-05    2.9534101487e-10
       468         10688        3.64685059e-05    2.8491020203e-10
       469         10816        3.63922119e-05    2.8431415558e-10
       470         10944        3.47518921e-05    2.7149915696e-10
       471         11072        3.36074829e-05    2.6255846024e-10
       472         11200        3.25775146e-05    2.5451183319e-10
       473         11328        3.29589844e-05    2.5749206543e-10
       474         11456        3.25012207e-05    2.5391578675e-10
       475         11584        3.20053101e-05    2.5004148483e-10
       476         11712        2.95639038e-05    2.3096799851e-10
       477         11840        2.95639038e-05    2.3096799851e-10
       478         11968        2.86483765e-05    2.2381544113e-10
       479         12096        2.84957886e-05    2.2262334824e-10
       480         12224        2.93731689e-05    2.2947788238e-10
       481         12352        2.64739990e-05    2.0682811737e-10
       482         12480        2.60162354e-05    2.0325183868e-10
       483         12608        2.47955322e-05    1.9371509552e-10
       484         12736        2.54058838e-05    1.9848346710e-10
       485         12864        2.44140625e-05    1.9073486328e-10
       486         12992        2.37274170e-05    1.8537044525e-10
       487         13120        2.33459473e-05    1.8239021301e-10
       488         13248        2.28881836e-05    1.7881393433e-10
       489         13376        2.17819214e-05    1.7017126083e-10
       490         13504        2.25067139e-05    1.7583370209e-10
       491         13632        2.31552124e-05    1.8090009689e-10
       492         13760        2.26211548e-05    1.7672777176e-10
       493         13888        2.05230713e-05    1.6033649444e-10
       494         14016        1.95693970e-05    1.5288591384e-10
       495         14144        2.08663940e-05    1.6301870346e-10
       496         14272        2.04849243e-05    1.6003847121e-10
       497         14400        2.01797485e-05    1.5765428543e-10
       498         14528        2.01416016e-05    1.5735626220e-10
       499         14656        1.76239014e-05    1.3768672943e-10
       500         14784        1.88064575e-05    1.4692544937e-10
       501         14912        1.77764893e-05    1.3887882233e-10
       502         15040        1.90353394e-05    1.4871358871e-10
       503         15168        1.78909302e-05    1.3977289200e-10
       504         15296        1.65176392e-05    1.2904405594e-10
       505         15424        1.73950195e-05    1.3589859008e-10
       506         15552        1.65939331e-05    1.2964010239e-10
       507         15680        1.59454346e-05    1.2457370758e-10
       508         15808        1.52587891e-05    1.1920928955e-10
       509         15936        1.55258179e-05    1.2129545212e-10
       510         16064        1.49536133e-05    1.1682510376e-10
       511         16192        1.59454346e-05    1.2457370758e-10
       512         16320        1.37710571e-05    1.0758638382e-10
       513         16576        2.94876099e-05    1.1518597603e-10
       514         16832        2.73513794e-05    1.0684132576e-10
       515         17088        2.71606445e-05    1.0609626771e-10
       516         17344        2.66647339e-05    1.0415911675e-10
       517         17600        2.48336792e-05    9.7006559375e-11
       518         17856        2.70080566e-05    1.0550022126e-10
       519         18112        2.46810913e-05    9.6410512931e-11
       520         18368        2.41851807e-05    9.4473361972e-11
       521         18624        2.40707397e-05    9.4026327136e-11
       522         18880        2.29263306e-05    8.9555978776e-11
       523         19136        2.29644775e-05    8.9704990390e-11
       524         19392        2.17437744e-05    8.4936618810e-11
       525         19648        2.10189819e-05    8.2105398183e-11
       526         19904        1.94549561e-05    7.5995922095e-11
       527         20160        1.94931030e-05    7.6144933710e-11
       528         20416        1.94168091e-05    7.5846910481e-11
       529         20672        1.93405151e-05    7.5548887258e-11
       530         20928        1.80816650e-05    7.0631504064e-11
       531         21184        1.76620483e-05    6.8992376332e-11
       532         21440        1.83105469e-05    7.1525573738e-11
       533         21696        1.69372559e-05    6.6161155706e-11
       534         21952        1.77001953e-05    6.9141387943e-11
       535         22208        1.68609619e-05    6.5863132482e-11
       536         22464        1.41143799e-05    5.5134296421e-11
       537         22720        1.57165527e-05    6.1392784125e-11
       538         22976        1.56402588e-05    6.1094760898e-11
       539         23232        1.30081177e-05    5.0812959675e-11
       540         23488        1.37329102e-05    5.3644180299e-11
       541         23744        1.35421753e-05    5.2899122240e-11
       542         24000        1.31988525e-05    5.1558017733e-11
       543         24256        1.25885010e-05    4.9173831944e-11
       544         24512        1.29318237e-05    5.0514936451e-11
       545         24768        1.36566162e-05    5.3346157076e-11
       546         25024        1.22070313e-05    4.7683715822e-11
       547         25280        1.35421753e-05    5.2899122241e-11
       548         25536        1.12152100e-05    4.3809413912e-11
       549         25792        1.09481812e-05    4.2766332628e-11
       550         26048        1.15203857e-05    4.5001506806e-11
       551         26304        1.09481812e-05    4.2766332627e-11
       552         26560        1.02615356e-05    4.0084123612e-11
       553         26816        1.01852417e-05    3.9786100388e-11
       554         27072        1.05667114e-05    4.1276216508e-11
       555         27328        1.09100342e-05    4.2617321016e-11
       556         27584        9.38415527e-06    3.6656856537e-11
       557         27840        1.05285645e-05    4.1127204896e-11
       558         28096        9.42230225e-06    3.6805868149e-11
       559         28352        9.04083252e-06    3.5315752029e-11
       560         28608        9.72747803e-06    3.7997961045e-11
       561         28864        8.92639160e-06    3.4868717194e-11
       562         29120        8.92639160e-06    3.4868717195e-11
       563         29376        8.88824463e-06    3.4719705582e-11
       564         29632        8.85009766e-06    3.4570693970e-11
       565         29888        7.82012939e-06    3.0547380447e-11
       566         30144        8.73565674e-06    3.4123659134e-11
       567         30400        8.31604004e-06    3.2484531402e-11
       568         30656        8.73565674e-06    3.4123659134e-11
       569         30912        7.17163086e-06    2.8014183044e-11
       570         31168        7.70568848e-06    3.0100345612e-11
       571         31424        7.89642334e-06    3.0845403671e-11
       572         31680        7.70568848e-06    3.0100345612e-11
       573         31936        6.44683838e-06    2.5182962417e-11
       574         32192        8.01086426e-06    3.1292438507e-11
       575         32448        7.47680664e-06    2.9206275939e-11
       576         32704        7.01904297e-06    2.7418136596e-11
       577         33216        1.54113770e-05    3.0100345611e-11
       578         33728        1.36184692e-05    2.6598572730e-11
       579         34240        1.39999390e-05    2.7343630790e-11
       580         34752        1.25503540e-05    2.4512410163e-11
       581         35264        1.20544434e-05    2.3543834686e-11
       582         35776        1.18637085e-05    2.3171305655e-11
       583         36288        1.17874146e-05    2.3022294044e-11
       584         36800        1.20162964e-05    2.3469328879e-11
       585         37312        1.07955933e-05    2.1085143088e-11
       586         37824        1.11389160e-05    2.1755695342e-11
       587         38336        9.84191895e-06    1.9222497939e-11
       588         38848        9.15527344e-06    1.7881393432e-11
       589         39360        1.01852417e-05    1.9893050193e-11
       590         39872        9.23156738e-06    1.8030405044e-11
       591         40384        9.04083252e-06    1.7657876014e-11
       592         40896        8.92639160e-06    1.7434358596e-11
       593         41408        1.01852417e-05    1.9893050192e-11
       594         41920        1.03759766e-05    2.0265579222e-11
       595         42432        8.73565674e-06    1.7061829566e-11
       596         42944        9.30786133e-06    1.8179416655e-11
       597         43456        9.19342041e-06    1.7955899238e-11
       598         43968        9.26971436e-06    1.8104910849e-11
       599         44480        9.04083252e-06    1.7657876014e-11
       600         44992        7.89642334e-06    1.5422701834e-11
       601         45504        8.04901123e-06    1.5720725058e-11
       602         46016        8.20159912e-06    1.6018748283e-11
       603         46528        7.74383545e-06    1.5124678611e-11
       604         47040        7.93457031e-06    1.5497207640e-11
       605         47552        7.89642334e-06    1.5422701834e-11
       606         48064        6.59942627e-06    1.2889504432e-11
       607         48576        6.63757324e-06    1.2964010237e-11
       608         49088        7.32421875e-06    1.4305114745e-11
       609         49600        6.86645508e-06    1.3411045073e-11
       610         50112        6.75201416e-06    1.3187527655e-11
       611         50624        6.86645508e-06    1.3411045073e-11
       612         51136        7.47680664e-06    1.4603137969e-11
       613         51648        8.04901123e-06    1.5720725058e-11
       614         52160        6.82830811e-06    1.3336539267e-11
       615         52672        6.79016113e-06    1.3262033461e-11
       616         53184        7.13348389e-06    1.3932585715e-11
       617         53696        6.82830811e-06    1.3336539267e-11
       618         54208        6.75201416e-06    1.3187527656e-11
       619         54720        6.67572022e-06    1.3038516044e-11
       620         55232        6.21795654e-06    1.2144446372e-11
       621         55744        6.56127930e-06    1.2814998626e-11
       622         56256        7.85827637e-06    1.5348196029e-11
       623         56768        6.29425049e-06    1.2293457984e-11
       624         57280        6.56127930e-06    1.2814998626e-11
       625         57792        7.01904297e-06    1.3709068297e-11
       626         58304        6.79016113e-06    1.3262033461e-11
       627         58816        7.17163086e-06    1.4007091521e-11
       628         59328        6.37054443e-06    1.2442469595e-11
       629         59840        7.17163086e-06    1.4007091521e-11
       630         60352        6.56127930e-06    1.2814998626e-11
       631         60864        6.71386719e-06    1.3113021850e-11
       632         61376        6.75201416e-06    1.3187527656e-11
       633         61888        6.67572022e-06    1.3038516043e-11
       634         62400        6.52313232e-06    1.2740492819e-11
       635         62912        7.24792481e-06    1.4156103133e-11
       636         63424        6.63757324e-06    1.2964010238e-11
       637         63936        6.90460205e-06    1.3485550879e-11
       638         64448        6.86645508e-06    1.3411045074e-11
       639         64960        6.63757324e-06    1.2964010238e-11
       640         65472        6.94274902e-06    1.3560056685e-11
       641         66496        1.47628784e-05    1.4416873455e-11
       642         67520        1.44577026e-05    1.4118850231e-11
       643         68544        1.38854980e-05    1.3560056686e-11
       644         69568        1.44577026e-05    1.4118850231e-11
       645         70592        1.60217285e-05    1.5646219253e-11
       646         71616        1.52969360e-05    1.4938414097e-11
       647         72640        1.59835815e-05    1.5608966350e-11
       648         73664        1.46484375e-05    1.4305114746e-11
       649         74688        1.79672241e-05    1.7546117306e-11
       650         75712        1.63269043e-05    1.5944242478e-11
       651         76736        1.72805786e-05    1.6875565052e-11
       652         77760        1.66702271e-05    1.6279518604e-11
       653         78784        1.76620483e-05    1.7248094082e-11
       654         79808        1.71279907e-05    1.6726553440e-11
       655         80832        1.87301636e-05    1.8291175365e-11
       656         81856        2.01034546e-05    1.9632279872e-11
       657         82880        1.97219849e-05    1.9259750843e-11
       658         83904        2.02178955e-05    1.9744038581e-11
       659         84928        2.24685669e-05    2.1941959858e-11
       660         85952        2.12097168e-05    2.0712614059e-11
       661         86976        2.22015381e-05    2.1681189537e-11
       662         88000        2.05993652e-05    2.0116567611e-11
       663         89024        2.33078003e-05    2.2761523723e-11
       664         90048        2.43377686e-05    2.3767352104e-11
       665         91072        2.47192383e-05    2.4139881134e-11
       666         92096        2.80380249e-05    2.7380883694e-11
       667         93120        2.43759155e-05    2.3804605007e-11
       668         94144        2.50244141e-05    2.4437904357e-11
       669         95168        2.75421143e-05    2.6896595955e-11
       670         96192        2.71987915e-05    2.6561319828e-11
       671         97216        3.00979614e-05    2.9392540455e-11
       672         98240        2.94876099e-05    2.8796494007e-11
       673         99264        3.00979614e-05    2.9392540455e-11
       674        100288        3.06320190e-05    2.9914081097e-11
       675        101312        3.26919556e-05    3.1925737858e-11
       676        102336        3.28445435e-05    3.2074749469e-11
       677        103360        3.33786011e-05    3.2596290112e-11
       678        104384        3.57055664e-05    3.4868717194e-11
       679        105408        3.64685059e-05    3.5613775253e-11
       680        106432        3.81851196e-05    3.7290155888e-11
       681        107456        3.86047363e-05    3.7699937820e-11
       682        108480        4.03213501e-05    3.9376318455e-11
       683        109504        4.00161743e-05    3.9078295230e-11
       684        110528        3.99017334e-05    3.8966536521e-11
       685        111552        4.25720215e-05    4.1574239730e-11
       686        112576        4.75692749e-05    4.6454370022e-11
       687        113600        4.50134277e-05    4.3958425522e-11
       688        114624        4.81414795e-05    4.7013163567e-11
       689        115648        4.64630127e-05    4.5374035835e-11
       690        116672        5.11169434e-05    4.9918890000e-11
       691        117696        5.13076782e-05    5.0105154515e-11
       692        118720        5.44738770e-05    5.3197145462e-11
       693        119744        5.40542603e-05    5.2787363530e-11
       694        120768        5.34820557e-05    5.2228569985e-11
       695        121792        5.46264648e-05    5.3346157074e-11
       696        122816        5.80978394e-05    5.6736171245e-11
       697        123840        5.84030151e-05    5.7034194469e-11
       698        124864        5.68771362e-05    5.5544078351e-11
       699        125888        5.95855713e-05    5.8189034462e-11
       700        126912        6.06536865e-05    5.9232115746e-11
       701        127936        5.94329834e-05    5.8040022850e-11
       702        128960        6.35910034e-05    6.2100589276e-11
       703        129984        6.46591187e-05    6.3143670559e-11
       704        131008        6.44302368e-05    6.2920153142e-11
       705        133056        1.29241943e-04    6.3106417656e-11
       706        135104        1.27258301e-04    6.2137842179e-11
       707        137152        1.24359131e-04    6.0722231865e-11
       708        139200        1.17492676e-04    5.7369470596e-11
       709        141248        1.12419128e-04    5.4892152548e-11
       710        143296        1.02653503e-04    5.0123780966e-11
       711        145344        9.00650024e-05    4.3977051973e-11
       712        147392        7.91549683e-05    3.8649886846e-11
       713        149440        6.60705566e-05    3.2261013986e-11
       714        151488        5.49697876e-05    2.6840716600e-11
       715        153536        4.41741943e-05    2.1569430827e-11
       716        155584        2.92587280e-05    1.4286488293e-11
       717        157632        2.02560425e-05    9.8906457418e-12
       718        159680        1.39999390e-05    6.8359076975e-12
       719        161728        8.23974609e-06    4.0233135223e-12
       720        163776        4.08172607e-06    1.9930303095e-12
       721        165824        2.36511230e-06    1.1548399924e-12
       722        167872        1.06811523e-06    5.2154064173e-13
       723        169920        3.81469727e-07    1.8626451490e-13
       724        171968        1.52587891e-07    7.4505805960e-14
       725        174016        1.14440918e-07    5.5879354470e-14
