         2             2        3.07899330e+03    3.0068293977e-01
         3             3        4.31371755e+02    4.2126147986e-02
         4             4        1.41522634e+02    1.3820569753e-02
         5             5        6.24113525e+01    6.0948586464e-03
         6             6        3.02078101e+01    2.9499814510e-03
         7             7        1.82268359e+01    1.7799644470e-03
         8             8        1.20896606e+01    1.1806309223e-03
         9             9        8.03188965e+00    7.8436422348e-04
        10            10        5.86275391e+00    5.7253456116e-04
        11            11        4.42991943e+00    4.3260931969e-04
        12            12        3.40781494e+00    3.3279442787e-04
        13            13        2.71213867e+00    2.6485729217e-04
        14            14        2.20306152e+00    2.1514272690e-04
        15            15        1.81292725e+00    1.7704367638e-04
        16            16        1.52340576e+00    1.4877009392e-04
        17            17        1.29132324e+00    1.2610578537e-04
        18            18        1.10967773e+00    1.0836696625e-04
        19            19        9.65034180e-01    9.4241619110e-05
        20            20        8.43242188e-01    8.2347869873e-05
        21            21        7.44851074e-01    7.2739362717e-05
        22            22        6.60983887e-01    6.4549207688e-05
        23            23        5.90981445e-01    5.7713031769e-05
        24            24        5.30639648e-01    5.1820278168e-05
        25            25        4.81596680e-01    4.7030925751e-05
        26            26        4.36809082e-01    4.2657136917e-05
        27            27        3.97980957e-01    3.8865327835e-05
        28            28        3.64152832e-01    3.5561800003e-05
        29            29        3.34895020e-01    3.2704591751e-05
        30            30        3.06455078e-01    2.9927253724e-05
        31            31        2.85153809e-01    2.7847051620e-05
        32            32        2.65339355e-01    2.5912046432e-05
        33            33        2.47705078e-01    2.4189949036e-05
        34            34        2.28928223e-01    2.2356271744e-05
        35            35        2.15136719e-01    2.1009445190e-05
        36            36        2.01127930e-01    1.9641399384e-05
        37            37        1.88647461e-01    1.8422603607e-05
        38            38        1.77714844e-01    1.7354965210e-05
        39            39        1.66667480e-01    1.6276121140e-05
        40            40        1.57548828e-01    1.5385627746e-05
        41            41        1.49018555e-01    1.4552593231e-05
        42            42        1.41943359e-01    1.3861656189e-05
        43            43        1.33876953e-01    1.3073921204e-05
        44            44        1.27602539e-01    1.2461185456e-05
        45            45        1.22436523e-01    1.1956691742e-05
        46            46        1.16618652e-01    1.1388540268e-05
        47            47        1.10319824e-01    1.0773420334e-05
        48            48        1.05576172e-01    1.0310173035e-05
        49            49        9.97558594e-02    9.7417831423e-06
        50            50        9.63867187e-02    9.4127655029e-06
        51            51        9.11865234e-02    8.9049339295e-06
        52            52        8.84375000e-02    8.6364746094e-06
        53            53        8.50903320e-02    8.3096027375e-06
        54            54        8.09692383e-02    7.9071521759e-06
        55            55        7.73120117e-02    7.5500011444e-06
        56            56        7.47827148e-02    7.3029994965e-06
        57            57        7.20068359e-02    7.0319175721e-06
        58            58        6.99584961e-02    6.8318843842e-06
        59            59        6.75317383e-02    6.5948963165e-06
        60            60        6.49731445e-02    6.3450336457e-06
        61            61        6.23168945e-02    6.0856342315e-06
        62            62        5.98974609e-02    5.8493614197e-06
        63            63        5.76074219e-02    5.6257247925e-06
        64            64        5.62939453e-02    5.4974555969e-06
        65            66        1.06342773e-01    5.1925182342e-06
        66            68        1.00104980e-01    4.8879384995e-06
        67            70        9.42211914e-02    4.6006441116e-06
        68            72        8.91967773e-02    4.3553113937e-06
        69            74        8.46044922e-02    4.1310787201e-06
        70            76        7.91259766e-02    3.8635730743e-06
        71            78        7.46020508e-02    3.6426782608e-06
        72            80        7.11914063e-02    3.4761428833e-06
        73            82        6.68579102e-02    3.2645463944e-06
        74            84        6.49047852e-02    3.1691789627e-06
        75            86        6.09301758e-02    2.9751062393e-06
        76            88        5.79174805e-02    2.8280019761e-06
        77            90        5.58764648e-02    2.7283430099e-06
        78            92        5.29956055e-02    2.5876760483e-06
        79            94        5.10620117e-02    2.4932622910e-06
        80            96        4.85571289e-02    2.3709535599e-06
        81            98        4.60034180e-02    2.2462606430e-06
        82           100        4.47949219e-02    2.1872520447e-06
        83           102        4.25219727e-02    2.0762681962e-06
        84           104        4.17700195e-02    2.0395517349e-06
        85           106        3.91967773e-02    1.9139051438e-06
        86           108        3.82055664e-02    1.8655061722e-06
        87           110        3.63281250e-02    1.7738342285e-06
        88           112        3.52856445e-02    1.7229318619e-06
        89           114        3.49414063e-02    1.7061233521e-06
        90           116        3.29028320e-02    1.6065835953e-06
        91           118        3.18627930e-02    1.5558004379e-06
        92           120        3.09057617e-02    1.5090703964e-06
        93           122        2.99511719e-02    1.4624595642e-06
        94           124        2.86376953e-02    1.3983249664e-06
        95           126        2.77880859e-02    1.3568401336e-06
        96           128        2.77416992e-02    1.3545751571e-06
        97           130        2.68872070e-02    1.3128519058e-06
        98           132        2.53027344e-02    1.2354850770e-06
        99           134        2.49096680e-02    1.2162923813e-06
       100           136        2.42114258e-02    1.1821985245e-06
       101           138        2.30761719e-02    1.1267662049e-06
       102           140        2.23559570e-02    1.0915994645e-06
       103           142        2.18701172e-02    1.0678768158e-06
       104           144        2.15087891e-02    1.0502338410e-06
       105           146        2.10815430e-02    1.0293722153e-06
       106           148        2.02563477e-02    9.8907947539e-07
       107           150        1.96020508e-02    9.5713138582e-07
       108           152        1.93750000e-02    9.4604492186e-07
       109           154        1.85327148e-02    9.0491771696e-07
       110           156        1.81054687e-02    8.8405609130e-07
       111           158        1.78833008e-02    8.7320804596e-07
       112           160        1.73657227e-02    8.4793567657e-07
       113           162        1.72192383e-02    8.4078311919e-07
       114           164        1.64013672e-02    8.0084800720e-07
       115           166        1.58935547e-02    7.7605247497e-07
       116           168        1.54418945e-02    7.5399875640e-07
       117           170        1.56591797e-02    7.6460838317e-07
       118           172        1.53369141e-02    7.4887275696e-07
       119           174        1.47021484e-02    7.1787834167e-07
       120           176        1.45483398e-02    7.1036815643e-07
       121           178        1.40380859e-02    6.8545341491e-07
       122           180        1.38891602e-02    6.7818164825e-07
       123           182        1.34399414e-02    6.5624713898e-07
       124           184        1.31982422e-02    6.4444541931e-07
       125           186        1.33374023e-02    6.5124034882e-07
       126           188        1.31103516e-02    6.4015388489e-07
       127           190        1.22070313e-02    5.9604644775e-07
       128           192        1.19726562e-02    5.8460235596e-07
       129           196        2.36279297e-02    5.7685375214e-07
       130           200        2.28051758e-02    5.5676698684e-07
       131           204        2.19140625e-02    5.3501129150e-07
       132           208        2.04492187e-02    4.9924850464e-07
       133           212        2.04711914e-02    4.9978494644e-07
       134           216        1.95190430e-02    4.7653913498e-07
       135           220        1.86962891e-02    4.5645236969e-07
       136           224        1.78784180e-02    4.3648481369e-07
       137           228        1.79858398e-02    4.3910741806e-07
       138           232        1.69287109e-02    4.1329860687e-07
       139           236        1.61596680e-02    3.9452314378e-07
       140           240        1.58276367e-02    3.8641691208e-07
       141           244        1.51513672e-02    3.6990642548e-07
       142           248        1.51586914e-02    3.7008523941e-07
       143           252        1.46850586e-02    3.5852193833e-07
       144           256        1.44970703e-02    3.5393238068e-07
       145           260        1.37500000e-02    3.3569335938e-07
       146           264        1.33618164e-02    3.2621622086e-07
       147           268        1.30273437e-02    3.1805038452e-07
       148           272        1.23266602e-02    3.0094385148e-07
       149           276        1.20043945e-02    2.9307603836e-07
       150           280        1.16796875e-02    2.8514862061e-07
       151           284        1.14306641e-02    2.7906894684e-07
       152           288        1.11401367e-02    2.7197599411e-07
       153           292        1.09399414e-02    2.6708841324e-07
       154           296        1.06713867e-02    2.6053190232e-07
       155           300        1.03686523e-02    2.5314092636e-07
       156           304        1.01147461e-02    2.4694204331e-07
       157           308        9.88281250e-03    2.4127960205e-07
       158           312        9.54345703e-03    2.3299455642e-07
       159           316        9.54589844e-03    2.3305416107e-07
       160           320        9.32861328e-03    2.2774934769e-07
       161           324        9.26025391e-03    2.2608041763e-07
       162           328        8.82080078e-03    2.1535158157e-07
       163           332        8.57177734e-03    2.0927190780e-07
       164           336        8.22265625e-03    2.0074844360e-07
       165           340        8.01513672e-03    1.9568204879e-07
       166           344        8.14208984e-03    1.9878149032e-07
       167           348        7.69531250e-03    1.8787384033e-07
       168           352        7.66601563e-03    1.8715858459e-07
       169           356        7.63427734e-03    1.8638372421e-07
       170           360        7.13134766e-03    1.7410516738e-07
       171           364        7.21923828e-03    1.7625093460e-07
       172           368        7.11425781e-03    1.7368793487e-07
       173           372        6.82861328e-03    1.6671419143e-07
       174           376        6.78955078e-03    1.6576051711e-07
       175           380        6.67236328e-03    1.6289949417e-07
       176           384        6.68212891e-03    1.6313791275e-07
       177           388        6.43554687e-03    1.5711784363e-07
       178           392        6.39404297e-03    1.5610456466e-07
       179           396        6.29394531e-03    1.5366077423e-07
       180           400        6.09619141e-03    1.4883279800e-07
       181           404        5.97167969e-03    1.4579296112e-07
       182           408        5.94238281e-03    1.4507770538e-07
       183           412        5.84716797e-03    1.4275312424e-07
       184           416        5.71777344e-03    1.3959407807e-07
       185           420        5.54199219e-03    1.3530254364e-07
       186           424        5.54931641e-03    1.3548135758e-07
       187           428        5.34423828e-03    1.3047456741e-07
       188           432        5.18798828e-03    1.2665987015e-07
       189           436        5.30517578e-03    1.2952089310e-07
       190           440        5.23925781e-03    1.2791156769e-07
       191           444        5.16357422e-03    1.2606382371e-07
       192           448        4.91210938e-03    1.1992454529e-07
       193           456        9.70458984e-03    1.1846423149e-07
       194           464        9.47265625e-03    1.1563301087e-07
       195           472        9.02099609e-03    1.1011958122e-07
       196           480        9.07958984e-03    1.1083483696e-07
       197           488        8.47167969e-03    1.0341405869e-07
       198           496        8.03466797e-03    9.8079442983e-08
       199           504        8.33740234e-03    1.0177493096e-07
       200           512        7.76367188e-03    9.4771385196e-08
       201           520        7.40966797e-03    9.0450048448e-08
       202           528        7.55615234e-03    9.2238187793e-08
       203           536        7.37792969e-03    9.0062618258e-08
       204           544        7.31933594e-03    8.9347362523e-08
       205           552        6.95312500e-03    8.4877014160e-08
       206           560        6.74560547e-03    8.2343816757e-08
       207           568        6.73828125e-03    8.2254409792e-08
       208           576        6.41113281e-03    7.8260898589e-08
       209           584        6.57470703e-03    8.0257654191e-08
       210           592        6.42333984e-03    7.8409910202e-08
       211           600        6.30371094e-03    7.6949596404e-08
       212           608        5.95947266e-03    7.2747468949e-08
       213           616        5.83496094e-03    7.1227550506e-08
       214           624        5.72265625e-03    6.9856643677e-08
       215           632        5.58593750e-03    6.8187713623e-08
       216           640        5.69091797e-03    6.9469213485e-08
       217           648        5.36865234e-03    6.5535306931e-08
       218           656        5.42724609e-03    6.6250562668e-08
       219           664        5.26123047e-03    6.4224004746e-08
       220           672        5.07080078e-03    6.1899423599e-08
       221           680        4.93164062e-03    6.0200691224e-08
       222           688        4.94384766e-03    6.0349702835e-08
       223           696        4.93652344e-03    6.0260295868e-08
       224           704        4.75585938e-03    5.8054924011e-08
       225           712        4.76562500e-03    5.8174133301e-08
       226           720        4.60937500e-03    5.6266784668e-08
       227           728        4.56542969e-03    5.5730342865e-08
       228           736        4.45068359e-03    5.4329633713e-08
       229           744        4.34570313e-03    5.3048133850e-08
       230           752        4.38964844e-03    5.3584575653e-08
       231           760        4.19677734e-03    5.1230192185e-08
       232           768        4.07714844e-03    4.9769878388e-08
       233           776        4.08691406e-03    4.9889087677e-08
       234           784        4.07226562e-03    4.9710273743e-08
       235           792        4.00878906e-03    4.8935413361e-08
       236           800        3.87207031e-03    4.7266483307e-08
       237           808        3.99902344e-03    4.8816204071e-08
       238           816        3.95019531e-03    4.8220157624e-08
       239           824        3.84277344e-03    4.6908855439e-08
       240           832        3.75732422e-03    4.5865774155e-08
       241           840        3.65478516e-03    4.4614076614e-08
       242           848        3.78662109e-03    4.6223402024e-08
       243           856        3.70849609e-03    4.5269727707e-08
       244           864        3.51562500e-03    4.2915344239e-08
       245           872        3.51806641e-03    4.2945146561e-08
       246           880        3.48388672e-03    4.2527914048e-08
       247           888        3.59130859e-03    4.3839216233e-08
       248           896        3.50830078e-03    4.2825937272e-08
       249           904        3.50097656e-03    4.2736530304e-08
       250           912        3.24951172e-03    3.9666891099e-08
       251           920        3.40332031e-03    4.1544437409e-08
       252           928        3.32275391e-03    4.0560960770e-08
       253           936        3.11767578e-03    3.8057565690e-08
       254           944        3.22265625e-03    3.9339065552e-08
       255           952        3.21533203e-03    3.9249658585e-08
       256           960        3.33007813e-03    4.0650367737e-08
       257           976        6.16699219e-03    3.7640333176e-08
       258           992        6.30126953e-03    3.8459897040e-08
       259          1008        6.28173828e-03    3.8340687752e-08
       260          1024        6.22802734e-03    3.8012862205e-08
       261          1040        6.03515625e-03    3.6835670471e-08
       262          1056        5.87890625e-03    3.5881996155e-08
       263          1072        6.03271484e-03    3.6820769310e-08
       264          1088        5.86914062e-03    3.5822391510e-08
       265          1104        5.89355469e-03    3.5971403123e-08
       266          1120        5.73974609e-03    3.5032629967e-08
       267          1136        5.99609375e-03    3.6597251892e-08
       268          1152        5.69824219e-03    3.4779310227e-08
       269          1168        5.83251953e-03    3.5598874093e-08
       270          1184        5.77636719e-03    3.5256147385e-08
       271          1200        5.69580078e-03    3.4764409065e-08
       272          1216        5.71777344e-03    3.4898519516e-08
       273          1232        5.91552734e-03    3.6105513573e-08
       274          1248        6.06933594e-03    3.7044286728e-08
       275          1264        5.90332031e-03    3.6031007767e-08
       276          1280        5.91064453e-03    3.6075711251e-08
       277          1296        5.81787109e-03    3.5509467125e-08
       278          1312        6.07910156e-03    3.7103891373e-08
       279          1328        6.25732422e-03    3.8191676140e-08
       280          1344        5.99365234e-03    3.6582350731e-08
       281          1360        6.26708984e-03    3.8251280785e-08
       282          1376        6.22070313e-03    3.7968158722e-08
       283          1392        6.24511719e-03    3.8117170334e-08
       284          1408        6.41113281e-03    3.9130449295e-08
       285          1424        6.46972656e-03    3.9488077164e-08
       286          1440        6.69921875e-03    4.0888786315e-08
       287          1456        6.72363281e-03    4.1037797928e-08
       288          1472        6.61376953e-03    4.0367245674e-08
       289          1488        6.75048828e-03    4.1201710700e-08
       290          1504        6.96533203e-03    4.2513012886e-08
       291          1520        6.76513672e-03    4.1291117668e-08
       292          1536        7.04589844e-03    4.3004751205e-08
       293          1552        7.16064453e-03    4.3705105781e-08
       294          1568        7.37792969e-03    4.5031309128e-08
       295          1584        7.41210937e-03    4.5239925384e-08
       296          1600        7.52929687e-03    4.5955181122e-08
       297          1616        7.67089844e-03    4.6819448471e-08
       298          1632        7.68554687e-03    4.6908855438e-08
       299          1648        7.98583984e-03    4.8741698265e-08
       300          1664        7.93945313e-03    4.8458576202e-08
       301          1680        8.15429687e-03    4.9769878388e-08
       302          1696        8.19091797e-03    4.9993395805e-08
       303          1712        8.46923828e-03    5.1692128182e-08
       304          1728        8.46191406e-03    5.1647424698e-08
       305          1744        8.63769531e-03    5.2720308304e-08
       306          1760        8.70849609e-03    5.3152441979e-08
       307          1776        9.06494141e-03    5.5328011513e-08
       308          1792        9.28222656e-03    5.6654214859e-08
       309          1808        9.34814453e-03    5.7056546211e-08
       310          1824        9.41650391e-03    5.7473778725e-08
       311          1840        9.70214844e-03    5.9217214585e-08
       312          1856        9.89990234e-03    6.0424208641e-08
       313          1872        1.00366211e-02    6.1258673668e-08
       314          1888        1.01513672e-02    6.1959028244e-08
       315          1904        1.03686523e-02    6.3285231590e-08
       316          1920        1.06884766e-02    6.5237283706e-08
       317          1936        1.05908203e-02    6.4641237259e-08
       318          1952        1.10278320e-02    6.7308545112e-08
       319          1968        1.10351563e-02    6.7353248596e-08
       320          1984        1.13305664e-02    6.9156289100e-08
       321          2016        2.33349609e-02    7.1212649345e-08
       322          2048        2.42700195e-02    7.4066221714e-08
       323          2080        2.47753906e-02    7.5608491898e-08
       324          2112        2.53173828e-02    7.7262520790e-08
       325          2144        2.66552734e-02    8.1345438958e-08
       326          2176        2.77368164e-02    8.4646046161e-08
       327          2208        2.87084961e-02    8.7611377239e-08
       328          2240        2.91333008e-02    8.8907778261e-08
       329          2272        3.05957031e-02    9.3370676041e-08
       330          2304        3.12109375e-02    9.5248222349e-08
       331          2336        3.23339844e-02    9.8675489426e-08
       332          2368        3.30761719e-02    1.0094046593e-07
       333          2400        3.38671875e-02    1.0335445404e-07
       334          2432        3.54150391e-02    1.0807812215e-07
       335          2464        3.56152344e-02    1.0868906975e-07
       336          2496        3.74511719e-02    1.1429190636e-07
       337          2528        3.81079102e-02    1.1629611254e-07
       338          2560        3.89746094e-02    1.1894106865e-07
       339          2592        3.97192383e-02    1.2121349573e-07
       340          2624        4.12548828e-02    1.2589991093e-07
       341          2656        4.10375977e-02    1.2523680926e-07
       342          2688        4.26660156e-02    1.3020634651e-07
       343          2720        4.33129883e-02    1.3218075037e-07
       344          2752        4.36523438e-02    1.3321638107e-07
       345          2784        4.39013672e-02    1.3397634029e-07
       346          2816        4.40747070e-02    1.3450533151e-07
       347          2848        4.55078125e-02    1.3887882232e-07
       348          2880        4.55615234e-02    1.3904273510e-07
       349          2912        4.56787109e-02    1.3940036297e-07
       350          2944        4.58374023e-02    1.3988465070e-07
       351          2976        4.59692383e-02    1.4028698206e-07
       352          3008        4.46777344e-02    1.3634562492e-07
       353          3040        4.46679687e-02    1.3631582260e-07
       354          3072        4.35620117e-02    1.3294070959e-07
       355          3104        4.26635742e-02    1.3019889593e-07
       356          3136        4.17456055e-02    1.2739747762e-07
       357          3168        4.09277344e-02    1.2490153312e-07
       358          3200        3.89453125e-02    1.1885166168e-07
       359          3232        3.75000000e-02    1.1444091797e-07
       360          3264        3.57812500e-02    1.0919570923e-07
       361          3296        3.41113281e-02    1.0409951211e-07
       362          3328        3.16967773e-02    9.6730887892e-08
       363          3360        2.91674805e-02    8.9012086391e-08
       364          3392        2.69750977e-02    8.2321465015e-08
       365          3424        2.39453125e-02    7.3075294494e-08
       366          3456        2.16821289e-02    6.6168606281e-08
       367          3488        1.86181641e-02    5.6818127633e-08
       368          3520        1.60375977e-02    4.8942863941e-08
       369          3552        1.39282227e-02    4.2505562304e-08
       370          3584        1.05957031e-02    3.2335519792e-08
       371          3616        8.96484375e-03    2.7358531953e-08
       372          3648        6.70166016e-03    2.0451843737e-08
       373          3680        5.04638672e-03    1.5400350092e-08
       374          3712        3.43750000e-03    1.0490417481e-08
       375          3744        2.23144531e-03    6.8098306658e-09
       376          3776        1.20605469e-03    3.6805868148e-09
       377          3808        6.20117188e-04    1.8924474715e-09
       378          3840        2.73437500e-04    8.3446502677e-10
       379          3872        1.46484375e-04    4.4703483578e-10
       380          3904        2.92968750e-05    8.9406967160e-11
       381          3936        0.00000000e+00    0.0000000000e+00
       382          3968        2.44140625e-06    7.4505805970e-12
