         1             1        1.53801776e+00    1.5380177641e-03
         2             2        3.10584567e+02    3.1058456745e-01
         3             3        4.38070375e+01    4.3807037523e-02
         4             4        1.44319654e+01    1.4431965429e-02
         5             5        6.38429395e+00    6.3842939496e-03
         6             6        3.09882964e+00    3.0988296390e-03
         7             7        1.87356117e+00    1.8735611653e-03
         8             8        1.24384151e+00    1.2438415098e-03
         9             9        8.28589664e-01    8.2858966351e-04
        10            10        6.06408141e-01    6.0640814066e-04
        11            11        4.58028998e-01    4.5802899837e-04
        12            12        3.52757206e-01    3.5275720596e-04
        13            13        2.80818183e-01    2.8081818342e-04
        14            14        2.28660896e-01    2.2866089582e-04
        15            15        1.88370552e-01    1.8837055207e-04
        16            16        1.58449261e-01    1.5844926119e-04
        17            17        1.34555078e-01    1.3455507755e-04
        18            18        1.15736580e-01    1.1573657990e-04
        19            19        1.00525889e-01    1.0052588940e-04
        20            20        8.80455875e-02    8.8045587540e-05
        21            21        7.77549887e-02    7.7754988670e-05
        22            22        6.91285992e-02    6.9128599166e-05
        23            23        6.18622017e-02    6.1862201691e-05
        24            24        5.56631494e-02    5.5663149357e-05
        25            25        5.03257036e-02    5.0325703621e-05
        26            26        4.57349491e-02    4.5734949112e-05
        27            27        4.17523742e-02    4.1752374172e-05
        28            28        3.82490396e-02    3.8249039650e-05
        29            29        3.51789522e-02    3.5178952217e-05
        30            30        3.24556351e-02    3.2455635071e-05
        31            31        3.00329304e-02    3.0032930374e-05
        32            32        2.78860807e-02    2.7886080742e-05
        33            33        2.59665966e-02    2.5966596604e-05
        34            34        2.42325902e-02    2.4232590199e-05
        35            35        2.26541972e-02    2.2654197216e-05
        36            36        2.12270999e-02    2.1227099896e-05
        37            37        1.99401593e-02    1.9940159321e-05
        38            38        1.87627769e-02    1.8762776852e-05
        39            39        1.76908946e-02    1.7690894604e-05
        40            40        1.67050052e-02    1.6705005169e-05
        41            41        1.58093333e-02    1.5809333324e-05
        42            42        1.49621987e-02    1.4962198734e-05
        43            43        1.42022443e-02    1.4202244282e-05
        44            44        1.35020137e-02    1.3502013684e-05
        45            45        1.28437042e-02    1.2843704223e-05
        46            46        1.22347569e-02    1.2234756946e-05
        47            47        1.16654778e-02    1.1665477753e-05
        48            48        1.11413956e-02    1.1141395569e-05
        49            49        1.06488681e-02    1.0648868084e-05
        50            50        1.01879621e-02    1.0187962055e-05
        51            51        9.75677252e-03    9.7567725181e-06
        52            52        9.35525417e-03    9.3552541733e-06
        53            53        8.97279501e-03    8.9727950096e-06
        54            54        8.61260653e-03    8.6126065254e-06
        55            55        8.28901291e-03    8.2890129089e-06
        56            56        7.96850204e-03    7.9685020447e-06
        57            57        7.66808271e-03    7.6680827141e-06
        58            58        7.39254475e-03    7.3925447463e-06
        59            59        7.12835073e-03    7.1283507347e-06
        60            60        6.87530994e-03    6.8753099442e-06
        61            61        6.63639545e-03    6.6363954544e-06
        62            62        6.41638279e-03    6.4163827896e-06
        63            63        6.19446516e-03    6.1944651603e-06
        64            64        5.99832058e-03    5.9983205795e-06
        65            66        1.14228511e-02    5.7114255429e-06
        66            68        1.07177353e-02    5.3588676453e-06
        67            70        1.00835514e-02    5.0417757034e-06
        68            72        9.49179649e-03    4.7458982468e-06
        69            74        8.97573709e-03    4.4878685475e-06
        70            76        8.47081184e-03    4.2354059219e-06
        71            78        8.03637028e-03    4.0181851387e-06
        72            80        7.62346745e-03    3.8117337227e-06
        73            82        7.24021196e-03    3.6201059818e-06
        74            84        6.88552856e-03    3.4427642822e-06
        75            86        6.56764030e-03    3.2838201523e-06
        76            88        6.25222921e-03    3.1261146069e-06
        77            90        5.98081112e-03    2.9904055595e-06
        78            92        5.70957184e-03    2.8547859192e-06
        79            94        5.46550274e-03    2.7327513694e-06
        80            96        5.23415089e-03    2.6170754433e-06
        81            98        5.02059221e-03    2.5102961064e-06
        82           100        4.81837749e-03    2.4091887474e-06
        83           102        4.62679863e-03    2.3133993149e-06
        84           104        4.45296049e-03    2.2264802456e-06
        85           106        4.28146601e-03    2.1407330036e-06
        86           108        4.12969112e-03    2.0648455620e-06
        87           110        3.97597075e-03    1.9879853726e-06
        88           112        3.82983923e-03    1.9149196148e-06
        89           114        3.70031595e-03    1.8501579762e-06
        90           116        3.57071400e-03    1.7853569984e-06
        91           118        3.45224142e-03    1.7261207104e-06
        92           120        3.33443880e-03    1.6672194004e-06
        93           122        3.22649240e-03    1.6132462025e-06
        94           124        3.12626600e-03    1.5631330013e-06
        95           126        3.02639723e-03    1.5131986141e-06
        96           128        2.93373585e-03    1.4668679237e-06
        97           130        2.84358025e-03    1.4217901230e-06
        98           132        2.75931358e-03    1.3796567917e-06
        99           134        2.67526627e-03    1.3376331329e-06
       100           136        2.59878397e-03    1.2993919849e-06
       101           138        2.52538919e-03    1.2626945973e-06
       102           140        2.45143890e-03    1.2257194519e-06
       103           142        2.38478661e-03    1.1923933029e-06
       104           144        2.32028723e-03    1.1601436138e-06
       105           146        2.25549221e-03    1.1277461052e-06
       106           148        2.20299482e-03    1.1014974118e-06
       107           150        2.14186430e-03    1.0709321499e-06
       108           152        2.08696127e-03    1.0434806347e-06
       109           154        2.03228235e-03    1.0161411762e-06
       110           156        1.98612452e-03    9.9306225778e-07
       111           158        1.93581581e-03    9.6790790557e-07
       112           160        1.88126802e-03    9.4063401222e-07
       113           162        1.84066534e-03    9.2033267021e-07
       114           164        1.79749966e-03    8.9874982834e-07
       115           166        1.75556183e-03    8.7778091431e-07
       116           168        1.71480656e-03    8.5740327835e-07
       117           170        1.67508364e-03    8.3754181862e-07
       118           172        1.64181948e-03    8.2090973854e-07
       119           174        1.60042286e-03    8.0021142960e-07
       120           176        1.56386852e-03    7.8193426132e-07
       121           178        1.53023243e-03    7.6511621475e-07
       122           180        1.49790764e-03    7.4895381928e-07
       123           182        1.46670341e-03    7.3335170746e-07
       124           184        1.43463373e-03    7.1731686592e-07
       125           186        1.40669346e-03    7.0334672928e-07
       126           188        1.37477875e-03    6.8738937378e-07
       127           190        1.34611368e-03    6.7305684090e-07
       128           192        1.32094145e-03    6.6047072411e-07
       129           196        2.56789446e-03    6.4197361470e-07
       130           200        2.46464729e-03    6.1616182327e-07
       131           204        2.37294435e-03    5.9323608875e-07
       132           208        2.28446007e-03    5.7111501694e-07
       133           212        2.20136881e-03    5.5034220220e-07
       134           216        2.12256670e-03    5.3064167499e-07
       135           220        2.05084562e-03    5.1271140575e-07
       136           224        1.97840214e-03    4.9460053445e-07
       137           228        1.91215038e-03    4.7803759575e-07
       138           232        1.85023069e-03    4.6255767346e-07
       139           236        1.79143667e-03    4.4785916805e-07
       140           240        1.73030615e-03    4.3257653713e-07
       141           244        1.67823792e-03    4.1955947876e-07
       142           248        1.62926197e-03    4.0731549263e-07
       143           252        1.57676697e-03    3.9419174195e-07
       144           256        1.52891636e-03    3.8222908973e-07
       145           260        1.48283243e-03    3.7070810795e-07
       146           264        1.44098997e-03    3.6024749279e-07
       147           268        1.40412569e-03    3.5103142261e-07
       148           272        1.36198282e-03    3.4049570560e-07
       149           276        1.32438898e-03    3.3109724521e-07
       150           280        1.29009962e-03    3.2252490520e-07
       151           284        1.25429869e-03    3.1357467174e-07
       152           288        1.22062445e-03    3.0515611172e-07
       153           292        1.18613958e-03    2.9653489590e-07
       154           296        1.15974903e-03    2.8993725776e-07
       155           300        1.12921476e-03    2.8230369091e-07
       156           304        1.10071421e-03    2.7517855168e-07
       157           308        1.07314110e-03    2.6828527450e-07
       158           312        1.04581833e-03    2.6145458221e-07
       159           316        1.01871967e-03    2.5467991829e-07
       160           320        9.98632908e-04    2.4965822696e-07
       161           324        9.74080563e-04    2.4352014064e-07
       162           328        9.52339172e-04    2.3808479309e-07
       163           332        9.30552483e-04    2.3263812065e-07
       164           336        9.09264088e-04    2.2731602192e-07
       165           340        8.87374878e-04    2.2184371948e-07
       166           344        8.69677067e-04    2.1741926670e-07
       167           348        8.49013329e-04    2.1225333214e-07
       168           352        8.31468105e-04    2.0786702633e-07
       169           356        8.15367699e-04    2.0384192467e-07
       170           360        7.98771381e-04    1.9969284535e-07
       171           364        7.82060623e-04    1.9551515579e-07
       172           368        7.64069557e-04    1.9101738930e-07
       173           372        7.50310421e-04    1.8757760524e-07
       174           376        7.33897686e-04    1.8347442150e-07
       175           380        7.19962120e-04    1.7999053002e-07
       176           384        7.05947876e-04    1.7648696899e-07
       177           388        6.88951015e-04    1.7223775387e-07
       178           392        6.79411888e-04    1.6985297203e-07
       179           396        6.65545464e-04    1.6638636589e-07
       180           400        6.53767586e-04    1.6344189644e-07
       181           404        6.38780594e-04    1.5969514847e-07
       182           408        6.27930164e-04    1.5698254108e-07
       183           412        6.17833138e-04    1.5445828438e-07
       184           416        6.04269505e-04    1.5106737614e-07
       185           420        5.94558716e-04    1.4863967896e-07
       186           424        5.86793423e-04    1.4669835567e-07
       187           428        5.72969913e-04    1.4324247838e-07
       188           432        5.65552711e-04    1.4138817787e-07
       189           436        5.56781292e-04    1.3919532299e-07
       190           440        5.45256138e-04    1.3631403446e-07
       191           444        5.36515713e-04    1.3412892819e-07
       192           448        5.26852608e-04    1.3171315193e-07
       193           456        1.02883816e-03    1.2860476971e-07
       194           464        9.95001793e-04    1.2437522411e-07
       195           472        9.60850716e-04    1.2010633946e-07
       196           480        9.31851864e-04    1.1648148298e-07
       197           488        9.03294086e-04    1.1291176080e-07
       198           496        8.75537395e-04    1.0944217443e-07
       199           504        8.49699974e-04    1.0621249675e-07
       200           512        8.23488235e-04    1.0293602943e-07
       201           520        8.03434849e-04    1.0042935610e-07
       202           528        7.77561665e-04    9.7195208072e-08
       203           536        7.57429600e-04    9.4678699970e-08
       204           544        7.35707283e-04    9.1963410377e-08
       205           552        7.15939999e-04    8.9492499828e-08
       206           560        6.99257851e-04    8.7407231331e-08
       207           568        6.76918030e-04    8.4614753723e-08
       208           576        6.60884380e-04    8.2610547543e-08
       209           584        6.40933514e-04    8.0116689205e-08
       210           592        6.26187325e-04    7.8273415565e-08
       211           600        6.14290237e-04    7.6786279679e-08
       212           608        5.95231056e-04    7.4403882026e-08
       213           616        5.80830574e-04    7.2603821755e-08
       214           624        5.68833351e-04    7.1104168892e-08
       215           632        5.53793907e-04    6.9224238396e-08
       216           640        5.41961193e-04    6.7745149135e-08
       217           648        5.27281761e-04    6.5910220146e-08
       218           656        5.15491962e-04    6.4436495304e-08
       219           664        5.04753590e-04    6.3094198704e-08
       220           672        4.93514538e-04    6.1689317226e-08
       221           680        4.80012894e-04    6.0001611710e-08
       222           688        4.73129749e-04    5.9141218661e-08
       223           696        4.60450649e-04    5.7556331158e-08
       224           704        4.50685024e-04    5.6335628032e-08
       225           712        4.43532467e-04    5.5441558362e-08
       226           720        4.32779789e-04    5.4097473622e-08
       227           728        4.24859524e-04    5.3107440472e-08
       228           736        4.14905548e-04    5.1863193512e-08
       229           744        4.08554077e-04    5.1069259643e-08
       230           752        3.99847031e-04    4.9980878830e-08
       231           760        3.89702320e-04    4.8712790012e-08
       232           768        3.81381512e-04    4.7672688961e-08
       233           776        3.74536514e-04    4.6817064285e-08
       234           784        3.68266106e-04    4.6033263206e-08
       235           792        3.61447334e-04    4.5180916786e-08
       236           800        3.53016853e-04    4.4127106666e-08
       237           808        3.47135067e-04    4.3391883373e-08
       238           816        3.42025757e-04    4.2753219605e-08
       239           824        3.36232185e-04    4.2029023171e-08
       240           832        3.30076218e-04    4.1259527207e-08
       241           840        3.22463512e-04    4.0307939052e-08
       242           848        3.18071842e-04    3.9758980274e-08
       243           856        3.12407017e-04    3.9050877094e-08
       244           864        3.08060646e-04    3.8507580757e-08
       245           872        3.01611423e-04    3.7701427937e-08
       246           880        2.96483040e-04    3.7060379982e-08
       247           888        2.90987492e-04    3.6373436451e-08
       248           896        2.86371708e-04    3.5796463490e-08
       249           904        2.80528069e-04    3.5066008568e-08
       250           912        2.77671814e-04    3.4708976745e-08
       251           920        2.70693302e-04    3.3836662769e-08
       252           928        2.67491341e-04    3.3436417580e-08
       253           936        2.62973309e-04    3.2871663570e-08
       254           944        2.59037018e-04    3.2379627228e-08
       255           952        2.55107880e-04    3.1888484955e-08
       256           960        2.51662731e-04    3.1457841397e-08
       257           976        4.90570068e-04    3.0660629273e-08
       258           992        4.75635529e-04    2.9727220535e-08
       259          1008        4.61571217e-04    2.8848201037e-08
       260          1024        4.46882248e-04    2.7930140495e-08
       261          1040        4.36315536e-04    2.7269721031e-08
       262          1056        4.23021317e-04    2.6438832283e-08
       263          1072        4.12006378e-04    2.5750398636e-08
       264          1088        3.99773121e-04    2.4985820055e-08
       265          1104        3.88331413e-04    2.4270713329e-08
       266          1120        3.78007889e-04    2.3625493049e-08
       267          1136        3.68123055e-04    2.3007690906e-08
       268          1152        3.59387398e-04    2.2461712361e-08
       269          1168        3.48834991e-04    2.1802186966e-08
       270          1184        3.40371132e-04    2.1273195743e-08
       271          1200        3.31187248e-04    2.0699203014e-08
       272          1216        3.24029922e-04    2.0251870155e-08
       273          1232        3.17397118e-04    1.9837319851e-08
       274          1248        3.07621956e-04    1.9226372242e-08
       275          1264        3.00359726e-04    1.8772482873e-08
       276          1280        2.94561386e-04    1.8410086632e-08
       277          1296        2.86841393e-04    1.7927587033e-08
       278          1312        2.80728340e-04    1.7545521259e-08
       279          1328        2.74822712e-04    1.7176419497e-08
       280          1344        2.67195702e-04    1.6699731350e-08
       281          1360        2.62682438e-04    1.6417652369e-08
       282          1376        2.57582664e-04    1.6098916531e-08
       283          1392        2.50484943e-04    1.5655308962e-08
       284          1408        2.44681835e-04    1.5292614698e-08
       285          1424        2.39686966e-04    1.4980435371e-08
       286          1440        2.35023499e-04    1.4688968658e-08
       287          1456        2.31459141e-04    1.4466196298e-08
       288          1472        2.25307941e-04    1.4081746340e-08
       289          1488        2.21023560e-04    1.3813972473e-08
       290          1504        2.16066837e-04    1.3504177332e-08
       291          1520        2.12233067e-04    1.3264566660e-08
       292          1536        2.08377838e-04    1.3023614883e-08
       293          1552        2.04546452e-04    1.2784153223e-08
       294          1568        1.99215412e-04    1.2450963259e-08
       295          1584        1.96211338e-04    1.2263208628e-08
       296          1600        1.92086697e-04    1.2005418539e-08
       297          1616        1.88162327e-04    1.1760145426e-08
       298          1632        1.85899735e-04    1.1618733406e-08
       299          1648        1.81596279e-04    1.1349767446e-08
       300          1664        1.77824497e-04    1.1114031076e-08
       301          1680        1.75900459e-04    1.0993778705e-08
       302          1696        1.71887875e-04    1.0742992163e-08
       303          1712        1.69112682e-04    1.0569542646e-08
       304          1728        1.65922642e-04    1.0370165110e-08
       305          1744        1.63331032e-04    1.0208189487e-08
       306          1760        1.60467625e-04    1.0029226541e-08
       307          1776        1.57890320e-04    9.8681449886e-09
       308          1792        1.54972076e-04    9.6857547763e-09
       309          1808        1.51128769e-04    9.4455480576e-09
       310          1824        1.49695873e-04    9.3559920788e-09
       311          1840        1.46746635e-04    9.1716647149e-09
       312          1856        1.45132542e-04    9.0707838535e-09
       313          1872        1.42495632e-04    8.9059770107e-09
       314          1888        1.40078068e-04    8.7548792362e-09
       315          1904        1.38130188e-04    8.6331367493e-09
       316          1920        1.36301517e-04    8.5188448430e-09
       317          1936        1.33748055e-04    8.3592534065e-09
       318          1952        1.31936073e-04    8.2460045815e-09
       319          1968        1.29106045e-04    8.0691277981e-09
       320          1984        1.28295422e-04    8.0184638500e-09
       321          2016        2.50566006e-04    7.8301876784e-09
       322          2048        2.42772102e-04    7.5866281987e-09
       323          2080        2.35190392e-04    7.3496997357e-09
       324          2112        2.28214264e-04    7.1316957474e-09
       325          2144        2.21946239e-04    6.9358199834e-09
       326          2176        2.15334892e-04    6.7292153836e-09
       327          2208        2.09891796e-04    6.5591186285e-09
       328          2240        2.04815865e-04    6.4004957676e-09
       329          2272        1.98271275e-04    6.1959773303e-09
       330          2304        1.93500519e-04    6.0468912125e-09
       331          2336        1.88348293e-04    5.8858841657e-09
       332          2368        1.83045864e-04    5.7201832533e-09
       333          2400        1.78997517e-04    5.5936723947e-09
       334          2432        1.74176693e-04    5.4430216551e-09
       335          2464        1.70254707e-04    5.3204596042e-09
       336          2496        1.64427757e-04    5.1383674145e-09
       337          2528        1.61492825e-04    5.0466507673e-09
       338          2560        1.57690048e-04    4.9278140068e-09
       339          2592        1.54728889e-04    4.8352777958e-09
       340          2624        1.50461197e-04    4.7019124031e-09
       341          2656        1.47855282e-04    4.6204775572e-09
       342          2688        1.44650936e-04    4.5203417540e-09
       343          2720        1.40497684e-04    4.3905526400e-09
       344          2752        1.37910843e-04    4.3097138405e-09
       345          2784        1.34828091e-04    4.2133778334e-09
       346          2816        1.31902695e-04    4.1219592094e-09
       347          2848        1.27539635e-04    3.9856135845e-09
       348          2880        1.25720501e-04    3.9287656545e-09
       349          2912        1.22952461e-04    3.8422644138e-09
       350          2944        1.20918751e-04    3.7787109613e-09
       351          2976        1.18222237e-04    3.6944448948e-09
       352          3008        1.16169453e-04    3.6302953959e-09
       353          3040        1.13327503e-04    3.5414844751e-09
       354          3072        1.11856461e-04    3.4955143929e-09
       355          3104        1.09186172e-04    3.4120678902e-09
       356          3136        1.06761456e-04    3.3362954855e-09
       357          3168        1.04777813e-04    3.2743066549e-09
       358          3200        1.02562904e-04    3.2050907612e-09
       359          3232        1.00812912e-04    3.1504034996e-09
       360          3264        9.82356071e-05    3.0698627233e-09
       361          3296        9.64450836e-05    3.0139088631e-09
       362          3328        9.46760178e-05    2.9586255550e-09
       363          3360        9.32216644e-05    2.9131770134e-09
       364          3392        9.12022591e-05    2.8500705957e-09
       365          3424        8.99720192e-05    2.8116255999e-09
       366          3456        8.87441635e-05    2.7732551097e-09
       367          3488        8.77141953e-05    2.7410686016e-09
       368          3520        8.54039192e-05    2.6688724757e-09
       369          3552        8.36443901e-05    2.6138871908e-09
       370          3584        8.22615623e-05    2.5706738233e-09
       371          3616        8.07237625e-05    2.5226175785e-09
       372          3648        7.99441338e-05    2.4982541799e-09
       373          3680        7.82990456e-05    2.4468451739e-09
       374          3712        7.69019127e-05    2.4031847716e-09
       375          3744        7.69877434e-05    2.4058669806e-09
       376          3776        7.49683380e-05    2.3427605629e-09
       377          3808        7.37595558e-05    2.3049861192e-09
       378          3840        7.22718239e-05    2.2584944964e-09
       379          3872        7.12847710e-05    2.2276490927e-09
       380          3904        6.94775581e-05    2.1711736917e-09
       381          3936        6.85620308e-05    2.1425634623e-09
       382          3968        6.77585602e-05    2.1174550057e-09
       383          4000        6.67953491e-05    2.0873546600e-09
       384          4032        6.63471222e-05    2.0733475685e-09
       385          4096        1.28438473e-04    2.0068511367e-09
       386          4160        1.24819279e-04    1.9503012299e-09
       387          4224        1.20482445e-04    1.8825381995e-09
       388          4288        1.17733479e-04    1.8395856023e-09
       389          4352        1.13911629e-04    1.7798691988e-09
       390          4416        1.10108852e-04    1.7204508185e-09
       391          4480        1.07116699e-04    1.6736984253e-09
       392          4544        1.05397701e-04    1.6468390822e-09
       393          4608        1.02705956e-04    1.6047805548e-09
       394          4672        1.00040436e-04    1.5631318092e-09
       395          4736        9.62233543e-05    1.5034899115e-09
       396          4800        9.46617126e-05    1.4790892601e-09
       397          4864        9.23490524e-05    1.4429539442e-09
       398          4928        8.94474983e-05    1.3976171613e-09
       399          4992        8.72302055e-05    1.3629719614e-09
       400          5056        8.50725174e-05    1.3292580843e-09
       401          5120        8.28480721e-05    1.2945011258e-09
       402          5184        8.13412666e-05    1.2709572911e-09
       403          5248        7.88474083e-05    1.2319907546e-09
       404          5312        7.67350197e-05    1.1989846826e-09
       405          5376        7.58695602e-05    1.1854618788e-09
       406          5440        7.26723671e-05    1.1355057359e-09
       407          5504        7.21049309e-05    1.1266395450e-09
       408          5568        7.02118874e-05    1.0970607400e-09
       409          5632        6.86025620e-05    1.0719150305e-09
       410          5696        6.76131248e-05    1.0564550758e-09
       411          5760        6.66689873e-05    1.0417029261e-09
       412          5824        6.44588470e-05    1.0071694851e-09
       413          5888        6.31785393e-05    9.8716467615e-10
       414          5952        6.21724129e-05    9.7144395109e-10
       415          6016        6.04152679e-05    9.4398856161e-10
       416          6080        5.93948364e-05    9.2804431914e-10
       417          6144        5.79667091e-05    9.0572983026e-10
       418          6208        5.69176674e-05    8.8933855295e-10
       419          6272        5.57589531e-05    8.7123364210e-10
       420          6336        5.41234016e-05    8.4567815065e-10
       421          6400        5.33080101e-05    8.3293765784e-10
       422          6464        5.27811050e-05    8.2470476628e-10
       423          6528        5.16724586e-05    8.0738216639e-10
       424          6592        5.05518913e-05    7.8987330200e-10
       425          6656        4.88519669e-05    7.6331198216e-10
       426          6720        4.90236282e-05    7.6599419118e-10
       427          6784        4.78768349e-05    7.4807554484e-10
       428          6848        4.69446182e-05    7.3350965977e-10
       429          6912        4.60171700e-05    7.1901828050e-10
       430          6976        4.50491905e-05    7.0389360189e-10
       431          7040        4.34470177e-05    6.7885965108e-10
       432          7104        4.35447693e-05    6.8038702010e-10
       433          7168        4.35090065e-05    6.7982822655e-10
       434          7232        4.22143936e-05    6.5959990023e-10
       435          7296        4.13084030e-05    6.4544379709e-10
       436          7360        4.07648087e-05    6.3695013522e-10
       437          7424        3.97658348e-05    6.2134116887e-10
       438          7488        3.89003754e-05    6.0781836509e-10
       439          7552        3.84974480e-05    6.0152262450e-10
       440          7616        3.73911858e-05    5.8423727752e-10
       441          7680        3.73744965e-05    5.8397650720e-10
       442          7744        3.71193886e-05    5.7999044658e-10
       443          7808        3.62133980e-05    5.6583434344e-10
       444          7872        3.54719162e-05    5.5424869063e-10
       445          7936        3.53384018e-05    5.5216252805e-10
       446          8000        3.43918800e-05    5.3737312557e-10
       447          8064        3.42392921e-05    5.3498893978e-10
       448          8128        3.33118439e-05    5.2049756051e-10
       449          8256        6.55198097e-05    5.1187351345e-10
       450          8384        6.35623932e-05    4.9658119678e-10
       451          8512        6.13093376e-05    4.7897920012e-10
       452          8640        5.91135025e-05    4.6182423830e-10
       453          8768        5.84745407e-05    4.5683234930e-10
       454          8896        5.63240051e-05    4.4003129006e-10
       455          9024        5.53226471e-05    4.3220818043e-10
       456          9152        5.33771515e-05    4.1700899601e-10
       457          9280        5.16700745e-05    4.0367245673e-10
       458          9408        4.98580933e-05    3.8951635360e-10
       459          9536        4.85706329e-05    3.7945806980e-10
       460          9664        4.72545624e-05    3.6917626857e-10
       461          9792        4.70376015e-05    3.6748126149e-10
       462          9920        4.55737114e-05    3.5604462028e-10
       463         10048        4.43196297e-05    3.4624710679e-10
       464         10176        4.29558754e-05    3.3559277654e-10
       465         10304        4.25124168e-05    3.3212825657e-10
       466         10432        4.08315659e-05    3.1899660826e-10
       467         10560        3.97896767e-05    3.1085684896e-10
       468         10688        3.89599800e-05    3.0437484384e-10
       469         10816        3.83329391e-05    2.9947608709e-10
       470         10944        3.76653671e-05    2.9426068068e-10
       471         11072        3.60941887e-05    2.8198584914e-10
       472         11200        3.55291367e-05    2.7757138013e-10
       473         11328        3.50308418e-05    2.7367845177e-10
       474         11456        3.39365005e-05    2.6512891053e-10
       475         11584        3.30901146e-05    2.5851652025e-10
       476         11712        3.23700905e-05    2.5289133190e-10
       477         11840        3.19957733e-05    2.4996697902e-10
       478         11968        3.12232971e-05    2.4393200874e-10
       479         12096        3.06224823e-05    2.3923814297e-10
       480         12224        2.95805931e-05    2.3109838367e-10
       481         12352        2.91609764e-05    2.2782012821e-10
       482         12480        2.85553932e-05    2.2308900954e-10
       483         12608        2.78639793e-05    2.1768733859e-10
       484         12736        2.75373459e-05    2.1513551474e-10
       485         12864        2.66885757e-05    2.0850449801e-10
       486         12992        2.62784958e-05    2.0530074836e-10
       487         13120        2.55727768e-05    1.9978731871e-10
       488         13248        2.61163712e-05    2.0403414966e-10
       489         13376        2.48003006e-05    1.9375234843e-10
       490         13504        2.42662430e-05    1.8958002329e-10
       491         13632        2.37584114e-05    1.8561258912e-10
       492         13760        2.33888626e-05    1.8272548914e-10
       493         13888        2.31504440e-05    1.8086284399e-10
       494         14016        2.24614143e-05    1.7547979951e-10
       495         14144        2.27618217e-05    1.7782673239e-10
       496         14272        2.19440460e-05    1.7143785953e-10
       497         14400        2.14743614e-05    1.6776844858e-10
       498         14528        2.12550163e-05    1.6605481505e-10
       499         14656        2.05826759e-05    1.6080215572e-10
       500         14784        1.98936462e-05    1.5541911124e-10
       501         14912        2.02822685e-05    1.5845522284e-10
       502         15040        1.97315216e-05    1.5415251254e-10
       503         15168        1.95097923e-05    1.5242025255e-10
       504         15296        1.87492371e-05    1.4647841452e-10
       505         15424        1.86085701e-05    1.4537945389e-10
       506         15552        1.83391571e-05    1.4327466487e-10
       507         15680        1.83105469e-05    1.4305114745e-10
       508         15808        1.77598000e-05    1.3874843715e-10
       509         15936        1.75595284e-05    1.3718381523e-10
       510         16064        1.75642967e-05    1.3722106813e-10
       511         16192        1.64103508e-05    1.2820586562e-10
       512         16320        1.67250633e-05    1.3066455721e-10
       513         16576        3.24535370e-05    1.2677162885e-10
       514         16832        3.10707092e-05    1.2136995793e-10
       515         17088        3.11517715e-05    1.2168660760e-10
       516         17344        2.99167633e-05    1.1686235667e-10
       517         17600        2.88558006e-05    1.1271797121e-10
       518         17856        2.79474258e-05    1.0916963220e-10
       519         18112        2.76470184e-05    1.0799616576e-10
       520         18368        2.61330605e-05    1.0208226741e-10
       521         18624        2.58183479e-05    1.0085292161e-10
       522         18880        2.48003006e-05    9.6876174213e-11
       523         19136        2.41303444e-05    9.4259157778e-11
       524         19392        2.36368179e-05    9.2331320049e-11
       525         19648        2.32052803e-05    9.0645626188e-11
       526         19904        2.29310989e-05    8.9574605227e-11
       527         20160        2.19225883e-05    8.5635110736e-11
       528         20416        2.16746330e-05    8.4666535259e-11
       529         20672        2.03895569e-05    7.9646706581e-11
       530         20928        2.01606750e-05    7.8752636909e-11
       531         21184        2.01249123e-05    7.8612938523e-11
       532         21440        1.94287300e-05    7.5893476606e-11
       533         21696        1.87087059e-05    7.3080882430e-11
       534         21952        1.86514854e-05    7.2857365012e-11
       535         22208        1.78360939e-05    6.9672241807e-11
       536         22464        1.77836418e-05    6.9467350841e-11
       537         22720        1.70779228e-05    6.6710636020e-11
       538         22976        1.69897079e-05    6.6366046667e-11
       539         23232        1.64270401e-05    6.4168125391e-11
       540         23488        1.61314011e-05    6.3013285398e-11
       541         23744        1.54924393e-05    6.0517340898e-11
       542         24000        1.55472755e-05    6.0731545091e-11
       543         24256        1.46174431e-05    5.7099387050e-11
       544         24512        1.47628784e-05    5.7667493820e-11
       545         24768        1.43694878e-05    5.6130811572e-11
       546         25024        1.38378143e-05    5.4053962231e-11
       547         25280        1.38068199e-05    5.3932890295e-11
       548         25536        1.34825706e-05    5.2666291595e-11
       549         25792        1.34539604e-05    5.2554532885e-11
       550         26048        1.29628181e-05    5.0636008382e-11
       551         26304        1.25765800e-05    4.9127265811e-11
       552         26560        1.21831894e-05    4.7590583563e-11
       553         26816        1.20234489e-05    4.6966597438e-11
       554         27072        1.22761726e-05    4.7953799367e-11
       555         27328        1.17421150e-05    4.5867636800e-11
       556         27584        1.13940239e-05    4.4507905841e-11
       557         27840        1.08885765e-05    4.2533501983e-11
       558         28096        1.13606453e-05    4.4377520680e-11
       559         28352        1.10006332e-05    4.2971223593e-11
       560         28608        1.08075142e-05    4.2216852307e-11
       561         28864        1.06430054e-05    4.1574239731e-11
       562         29120        1.03974342e-05    4.0614977479e-11
       563         29376        1.02400780e-05    4.0000304580e-11
       564         29632        9.77039337e-06    3.8165599108e-11
       565         29888        9.93251801e-06    3.8798898459e-11
       566         30144        9.67979431e-06    3.7811696529e-11
       567         30400        9.56773758e-06    3.7373974919e-11
       568         30656        9.16957855e-06    3.5818666220e-11
       569         30912        8.97645950e-06    3.5064294934e-11
       570         31168        8.96930695e-06    3.5036355257e-11
       571         31424        8.80241394e-06    3.4384429455e-11
       572         31680        8.81433487e-06    3.4430995583e-11
       573         31936        8.46147537e-06    3.3052638174e-11
       574         32192        8.50915909e-06    3.3238902688e-11
       575         32448        8.33511353e-06    3.2559037208e-11
       576         32704        8.12053680e-06    3.1720846891e-11
       577         33216        1.57928467e-05    3.0845403671e-11
       578         33728        1.55973434e-05    3.0463561416e-11
       579         34240        1.45792961e-05    2.8475187719e-11
       580         34752        1.42192841e-05    2.7772039175e-11
       581         35264        1.36470795e-05    2.6654452086e-11
       582         35776        1.34992599e-05    2.6365742088e-11
       583         36288        1.31154060e-05    2.5616027415e-11
       584         36800        1.30152702e-05    2.5420449674e-11
       585         37312        1.27053261e-05    2.4815090001e-11
       586         37824        1.21688843e-05    2.3767352104e-11
       587         38336        1.18303299e-05    2.3106113076e-11
       588         38848        1.15776062e-05    2.2612512112e-11
       589         39360        1.13892555e-05    2.2244639695e-11
       590         39872        1.04832649e-05    2.0475126803e-11
       591         40384        1.04928017e-05    2.0493753255e-11
       592         40896        1.02901459e-05    2.0097941161e-11
       593         41408        1.00588799e-05    1.9646249712e-11
       594         41920        9.83476639e-06    1.9208528102e-11
       595         42432        9.42468643e-06    1.8407590687e-11
       596         42944        9.28640366e-06    1.8137507141e-11
       597         43456        9.01222229e-06    1.7601996661e-11
       598         43968        8.95738602e-06    1.7494894565e-11
       599         44480        8.72135162e-06    1.7033889890e-11
       600         44992        8.33749771e-06    1.6284175217e-11
       601         45504        7.90834427e-06    1.5445984900e-11
       602         46016        8.14199448e-06    1.5902332962e-11
       603         46528        7.79151917e-06    1.5217810869e-11
       604         47040        7.47919083e-06    1.4607794583e-11
       605         47552        7.57455826e-06    1.4794059098e-11
       606         48064        7.34567642e-06    1.4347024262e-11
       607         48576        7.39574432e-06    1.4444813132e-11
       608         49088        7.01904297e-06    1.3709068298e-11
       609         49600        6.81638718e-06    1.3313256204e-11
       610         50112        6.62803650e-06    1.2945383787e-11
       611         50624        6.57320023e-06    1.2838281691e-11
       612         51136        6.27279282e-06    1.2251548469e-11
       613         51648        6.21557236e-06    1.2139789760e-11
       614         52160        6.25610352e-06    1.2218952179e-11
       615         52672        5.99622726e-06    1.1711381376e-11
       616         53184        5.96046448e-06    1.1641532183e-11
       617         53696        5.99622726e-06    1.1711381376e-11
       618         54208        5.66244125e-06    1.1059455574e-11
       619         54720        5.58853149e-06    1.0915100575e-11
       620         55232        5.44786453e-06    1.0640360415e-11
       621         55744        5.52177429e-06    1.0784715414e-11
       622         56256        5.19752502e-06    1.0151416064e-11
       623         56768        5.08308411e-06    9.9278986453e-12
       624         57280        5.00202179e-06    9.7695738080e-12
       625         57792        4.86612320e-06    9.5041468743e-12
       626         58304        5.05685806e-06    9.8766759037e-12
       627         58816        4.83274460e-06    9.4389542942e-12
       628         59328        4.78744507e-06    9.3504786494e-12
       629         59840        4.60863113e-06    9.0012326840e-12
       630         60352        4.67777252e-06    9.1362744573e-12
       631         60864        4.64439392e-06    9.0710818769e-12
       632         61376        4.46081162e-06    8.7125226857e-12
       633         61888        4.16755676e-06    8.1397593023e-12
       634         62400        4.30822372e-06    8.4144994617e-12
       635         62912        4.29630280e-06    8.3912163975e-12
       636         63424        4.08649445e-06    7.9814344646e-12
       637         63936        4.12940979e-06    8.0652534963e-12
       638         64448        3.89575958e-06    7.6089054347e-12
       639         64960        3.88145447e-06    7.5809657576e-12
       640         65472        3.86238098e-06    7.5437128544e-12
       641         66496        7.56978989e-06    7.3923729361e-12
       642         67520        7.42435455e-06    7.2503462436e-12
       643         68544        6.87360764e-06    6.7125074566e-12
       644         69568        6.62326813e-06    6.4680352807e-12
       645         70592        6.50405884e-06    6.3516199589e-12
       646         71616        6.43730164e-06    6.2864273787e-12
       647         72640        6.19173050e-06    6.0466118157e-12
       648         73664        5.78403473e-06    5.6484714150e-12
       649         74688        5.67197800e-06    5.5390410125e-12
       650         75712        5.62667847e-06    5.4948031902e-12
       651         76736        5.52892685e-06    5.3993426263e-12
       652         77760        5.42640686e-06    5.2992254495e-12
       653         78784        5.29050827e-06    5.1665119827e-12
       654         79808        5.38349152e-06    5.2573159337e-12
       655         80832        4.79459763e-06    4.6822242438e-12
       656         81856        4.80651855e-06    4.6938657760e-12
       657         82880        4.79221344e-06    4.6798959374e-12
       658         83904        4.64916229e-06    4.5401975513e-12
       659         84928        4.31537628e-06    4.2142346501e-12
       660         85952        4.54425812e-06    4.4377520680e-12
       661         86976        4.09364700e-06    3.9977021515e-12
       662         88000        4.04834747e-06    3.9534643292e-12
       663         89024        3.98159027e-06    3.8882717490e-12
       664         90048        4.08887863e-06    3.9930455386e-12
       665         91072        3.91006470e-06    3.8184225559e-12
       666         92096        3.78608704e-06    3.6973506212e-12
       667         93120        3.67879868e-06    3.5925768316e-12
       668         94144        3.61442566e-06    3.5297125578e-12
       669         95168        3.50475311e-06    3.4226104616e-12
       670         96192        3.52144241e-06    3.4389086068e-12
       671         97216        3.28779221e-06    3.2107345760e-12
       672         98240        3.19719315e-06    3.1222589315e-12
       673         99264        3.26395035e-06    3.1874515116e-12
       674        100288        3.07321548e-06    3.0011869968e-12
       675        101312        3.13043594e-06    3.0570663512e-12
       676        102336        3.01837921e-06    2.9476359488e-12
       677        103360        2.95877457e-06    2.8894282878e-12
       678        104384        2.80380249e-06    2.7380883695e-12
       679        105408        2.69889832e-06    2.6356428863e-12
       680        106432        2.73704529e-06    2.6728957892e-12
       681        107456        2.68936157e-06    2.6263296605e-12
       682        108480        2.70366669e-06    2.6402994992e-12
       683        109504        2.49624252e-06    2.4377368391e-12
       684        110528        2.57015228e-06    2.5099143387e-12
       685        111552        2.43663788e-06    2.3795291783e-12
       686        112576        2.51531601e-06    2.4563632906e-12
       687        113600        2.47240067e-06    2.4144537748e-12
       688        114624        2.38895416e-06    2.3329630495e-12
       689        115648        2.34365463e-06    2.2887252273e-12
       690        116672        2.24351883e-06    2.1909363569e-12
       691        117696        2.31266022e-06    2.2584572435e-12
       692        118720        2.15530396e-06    2.1047890187e-12
       693        119744        2.18391418e-06    2.1327286960e-12
       694        120768        2.06708908e-06    2.0186416805e-12
       695        121792        1.98841095e-06    1.9418075682e-12
       696        122816        2.05993652e-06    2.0116567613e-12
       697        123840        2.04801559e-06    2.0000152291e-12
       698        124864        1.97410584e-06    1.9278377295e-12
       699        125888        1.90734863e-06    1.8626451494e-12
       700        126912        1.93834305e-06    1.8929131330e-12
       701        127936        1.81436539e-06    1.7718411983e-12
       702        128960        1.83343887e-06    1.7904676498e-12
       703        129984        1.84059143e-06    1.7974525691e-12
       704        131008        1.82151794e-06    1.7788261176e-12
       705        133056        3.54766846e-06    1.7322599888e-12
       706        135104        3.24249268e-06    1.5832483768e-12
       707        137152        3.22818756e-06    1.5762634575e-12
       708        139200        3.06606293e-06    1.4971010386e-12
       709        141248        3.08513641e-06    1.5064142644e-12
       710        143296        2.90155411e-06    1.4167744666e-12
       711        145344        2.95639038e-06    1.4435499907e-12
       712        147392        2.81810760e-06    1.3760291040e-12
       713        149440        2.54869461e-06    1.2444797903e-12
       714        151488        2.50101089e-06    1.2211967259e-12
       715        153536        2.53438950e-06    1.2374948710e-12
       716        155584        2.48670578e-06    1.2142118066e-12
       717        157632        2.31504440e-06    1.1303927749e-12
       718        159680        2.35557556e-06    1.1501833796e-12
       719        161728        2.32934952e-06    1.1373776942e-12
       720        163776        2.22682953e-06    1.0873191058e-12
       721        165824        2.10762024e-06    1.0291114449e-12
       722        167872        2.06708908e-06    1.0093208402e-12
       723        169920        2.00271606e-06    9.7788870334e-13
       724        171968        1.88350678e-06    9.1968104238e-13
       725        174016        2.02894211e-06    9.9069438866e-13
       726        176064        2.05516815e-06    1.0035000741e-12
       727        178112        1.75476074e-06    8.5681676856e-13
       728        180160        1.79052353e-06    8.7427906685e-13
       729        182208        1.77860260e-06    8.6845830078e-13
       730        184256        1.69515610e-06    8.2771293812e-13
       731        186304        1.69992447e-06    8.3004124454e-13
       732        188352        1.69277191e-06    8.2654878491e-13
       733        190400        1.51634216e-06    7.4040144678e-13
       734        192448        1.64270401e-06    8.0210156733e-13
       735        194496        1.54495239e-06    7.5437128541e-13
       736        196544        1.47104263e-06    7.1828253562e-13
       737        198592        1.38044357e-06    6.7404471335e-13
       738        200640        1.36852264e-06    6.6822394727e-13
       739        202688        1.31368637e-06    6.4144842323e-13
       740        204736        1.38044357e-06    6.7404471335e-13
       741        206784        1.37567520e-06    6.7171640692e-13
       742        208832        1.28984451e-06    6.2980689107e-13
       743        210880        1.21831894e-06    5.9488229452e-13
       744        212928        1.13964081e-06    5.5646523833e-13
       745        214976        1.27315521e-06    6.2165781853e-13
       746        217024        1.12056732e-06    5.4715201257e-13
       747        219072        1.16348267e-06    5.6810677051e-13
       748        221120        1.17301941e-06    5.7276338335e-13
       749        223168        1.13487244e-06    5.5413693189e-13
       750        225216        1.09910965e-06    5.3667463362e-13
       751        227264        1.08480454e-06    5.2968971431e-13
       752        229312        1.05619431e-06    5.1571987568e-13
       753        231360        1.03712082e-06    5.0640664994e-13
       754        233408        9.77516174e-07    4.7730281948e-13
       755        235456        9.32216644e-07    4.5518390834e-13
       756        237504        9.48905945e-07    4.6333298088e-13
       757        239552        8.70227814e-07    4.2491592467e-13
       758        241600        9.48905945e-07    4.6333298086e-13
       759        243648        9.29832459e-07    4.5401975512e-13
       760        245696        9.41753388e-07    4.5984052121e-13
       761        247744        8.86917114e-07    4.3306499720e-13
       762        249792        9.29832459e-07    4.5401975513e-13
       763        251840        8.32080841e-07    4.0628947318e-13
       764        253888        9.15527344e-07    4.4703483581e-13
       765        255936        8.41617584e-07    4.1094608605e-13
       766        257984        8.48770142e-07    4.1443854570e-13
       767        260032        7.86781311e-07    3.8417056203e-13
       768        262080        7.15255737e-07    3.4924596549e-13
       769        266176        1.55925751e-06    3.8067810238e-13
       770        270272        1.57117844e-06    3.8358848542e-13
       771        274368        1.42335892e-06    3.4749973566e-13
       772        278464        1.32799149e-06    3.2421667129e-13
       773        282560        1.32799149e-06    3.2421667130e-13
       774        286656        1.28507614e-06    3.1373929233e-13
       775        290752        1.34229660e-06    3.2770913094e-13
       776        294848        1.25169754e-06    3.0559021981e-13
       777        298944        1.26600266e-06    3.0908267946e-13
       778        303040        1.06811523e-06    2.6077032090e-13
       779        307136        1.12771988e-06    2.7532223613e-13
       780        311232        1.15871429e-06    2.8288923205e-13
       781        315328        1.08718872e-06    2.6542693376e-13
       782        319424        1.03950501e-06    2.5378540159e-13
       783        323520        1.00851059e-06    2.4621840567e-13
       784        327616        8.60691071e-07    2.1012965590e-13
       785        331712        8.72612000e-07    2.1304003895e-13
       786        335808        9.10758972e-07    2.2235326469e-13
       787        339904        9.08374786e-07    2.2177118808e-13
       788        344000        8.94069672e-07    2.1827872843e-13
       789        348096        8.53538513e-07    2.0838342607e-13
       790        352192        9.05990601e-07    2.2118911147e-13
       791        356288        8.13007355e-07    1.9848812371e-13
       792        360384        7.89165497e-07    1.9266735762e-13
       793        364480        6.89029694e-07    1.6822014004e-13
       794        368576        7.29560852e-07    1.7811544239e-13
       795        372672        7.58171082e-07    1.8510036170e-13
       796        376768        7.29560852e-07    1.7811544239e-13
       797        380864        7.82012940e-07    1.9092112779e-13
       798        384960        6.60419464e-07    1.6123522072e-13
       799        389056        7.29560852e-07    1.7811544239e-13
       800        393152        6.84261322e-07    1.6705598682e-13
       801        397248        6.93798065e-07    1.6938429325e-13
       802        401344        5.84125519e-07    1.4260876923e-13
       803        405440        5.91278076e-07    1.4435499906e-13
       804        409536        5.93662262e-07    1.4493707567e-13
       805        413632        5.93662262e-07    1.4493707567e-13
       806        417728        5.55515289e-07    1.3562384992e-13
       807        421824        5.50746918e-07    1.3445969670e-13
       808        425920        5.12599945e-07    1.2514647096e-13
       809        430016        5.72204590e-07    1.3969838618e-13
       810        434112        5.76972961e-07    1.4086253940e-13
       811        438208        5.41210175e-07    1.3213139027e-13
       812        442304        5.38825989e-07    1.3154931365e-13
       813        446400        4.64916229e-07    1.1350493877e-13
       814        450496        5.38825989e-07    1.3154931365e-13
       815        454592        4.52995300e-07    1.1059455573e-13
       816        458688        4.88758087e-07    1.1932570486e-13
       817        462784        4.02927399e-07    9.8370946932e-14
       818        466880        4.62532043e-07    1.1292286216e-13
       819        470976        4.69684601e-07    1.1466909200e-13
       820        475072        4.33921814e-07    1.0593794285e-13
       821        479168        4.55379486e-07    1.1117663233e-13
       822        483264        4.41074371e-07    1.0768417268e-13
       823        487360        4.10079956e-07    1.0011717676e-13
       824        491456        3.91006470e-07    9.5460563886e-14
       825        495552        3.95774841e-07    9.6624717105e-14
       826        499648        4.07695770e-07    9.9535100152e-14
       827        503744        4.02927399e-07    9.8370946932e-14
       828        507840        4.31537628e-07    1.0535586624e-13
       829        511936        4.02927399e-07    9.8370946927e-14
       830        516032        3.17096710e-07    7.7416189004e-14
       831        520128        3.91006470e-07    9.5460563888e-14
       832        524224        3.40938568e-07    8.3236955097e-14
       833        532416        7.77244568e-07    9.4878487284e-14
       834        540608        7.34329224e-07    8.9639797802e-14
       835        548800        6.89029694e-07    8.4110070015e-14
       836        556992        6.96182251e-07    8.4983184929e-14
       837        565184        6.41345978e-07    7.8289303925e-14
       838        573376        6.43730164e-07    7.8580342229e-14
       839        581568        6.07967377e-07    7.4214767661e-14
       840        589760        6.41345978e-07    7.8289303923e-14
       841        597952        6.03199005e-07    7.3632691053e-14
       842        606144        5.50746918e-07    6.7229848353e-14
       843        614336        5.72204590e-07    6.9849193090e-14
       844        622528        6.10351563e-07    7.4505805968e-14
       845        630720        5.24520874e-07    6.4028427003e-14
       846        638912        5.72204590e-07    6.9849193093e-14
       847        647104        5.65052033e-07    6.8976078181e-14
       848        655296        5.36441803e-07    6.5483618523e-14
       849        663488        5.22136688e-07    6.3737388698e-14
       850        671680        5.43594360e-07    6.6356733437e-14
       851        679872        5.19752502e-07    6.3446350392e-14
       852        688064        5.00679016e-07    6.1118043955e-14
       853        696256        5.41210175e-07    6.6065695133e-14
       854        704448        5.31673431e-07    6.4901541916e-14
       855        712640        5.10215759e-07    6.2282197175e-14
       856        720832        4.69684601e-07    5.7334545997e-14
       857        729024        5.34057617e-07    6.5192580220e-14
       858        737216        4.83989716e-07    5.9080775824e-14
       859        745408        5.31673431e-07    6.4901541916e-14
       860        753600        4.69684601e-07    5.7334545998e-14
       861        761792        4.64916229e-07    5.6752469388e-14
       862        769984        4.98294830e-07    6.0827005651e-14
       863        778176        4.72068787e-07    5.7625584303e-14
       864        786368        5.31673431e-07    6.4901541916e-14
       865        794560        5.00679016e-07    6.1118043956e-14
       866        802752        5.53131104e-07    6.7520886658e-14
       867        810944        5.53131104e-07    6.7520886657e-14
       868        819136        5.17368317e-07    6.3155312089e-14
       869        827328        5.26905060e-07    6.4319465305e-14
       870        835520        4.91142273e-07    5.9953890738e-14
       871        843712        6.15119934e-07    7.5087882574e-14
       872        851904        5.22136688e-07    6.3737388695e-14
       873        860096        4.67300415e-07    5.7043507691e-14
       874        868288        5.93662262e-07    7.2468537836e-14
       875        876480        5.86509705e-07    7.1595422921e-14
       876        884672        5.34057617e-07    6.5192580221e-14
       877        892864        5.45978546e-07    6.6647771744e-14
       878        901056        5.48362732e-07    6.6938810048e-14
       879        909248        5.24520874e-07    6.4028427002e-14
       880        917440        6.29425049e-07    7.6834112403e-14
       881        925632        5.81741333e-07    7.1013346310e-14
       882        933824        5.98430634e-07    7.3050614442e-14
       883        942016        5.98430634e-07    7.3050614443e-14
       884        950208        6.53266907e-07    7.9744495447e-14
       885        958400        5.98430634e-07    7.3050614444e-14
       886        966592        5.88893890e-07    7.1886461225e-14
       887        974784        5.98430634e-07    7.3050614442e-14
       888        982976        5.48362732e-07    6.6938810048e-14
       889        991168        6.07967377e-07    7.4214767663e-14
       890        999360        6.15119934e-07    7.5087882575e-14
       891       1007552        6.50882721e-07    7.9453457144e-14
       892       1015744        6.67572022e-07    8.1490725272e-14
       893       1023936        6.46114349e-07    7.8871380535e-14
       894       1032128        6.46114349e-07    7.8871380533e-14
       895       1040320        7.05718994e-07    8.6147338147e-14
       896       1048512        6.50882721e-07    7.9453457142e-14
       897       1064896        1.39713287e-06    8.5274223240e-14
       898       1081280        1.32322311e-06    8.0763129520e-14
       899       1097664        1.45435333e-06    8.8766682895e-14
       900       1114048        1.47581100e-06    9.0076355259e-14
       901       1130432        1.59025192e-06    9.7061274573e-14
       902       1146816        1.63078308e-06    9.9535100161e-14
       903       1163200        1.68561935e-06    1.0288204067e-13
       904       1179584        1.85966492e-06    1.1350493878e-13
       905       1195968        1.74999237e-06    1.0681105778e-13
       906       1212352        1.93595886e-06    1.1816155166e-13
       907       1228736        1.96695328e-06    1.2005330064e-13
       908       1245120        2.05039978e-06    1.2514647097e-13
       909       1261504        2.04324722e-06    1.2470991351e-13
       910       1277888        2.40087509e-06    1.4653778635e-13
       911       1294272        2.26974487e-06    1.3853423298e-13
       912       1310656        2.21490860e-06    1.3518729247e-13
       913       1327040        2.43186951e-06    1.4842953533e-13
       914       1343424        2.54631042e-06    1.5541445464e-13
       915       1359808        2.46047974e-06    1.5017576516e-13
       916       1376192        2.74181366e-06    1.6734702513e-13
       917       1392576        2.84910202e-06    1.7389538698e-13
       918       1408960        2.76803970e-06    1.6894773580e-13
       919       1425344        3.18765640e-06    1.9455910661e-13
       920       1441728        3.17573547e-06    1.9383151084e-13
       921       1458112        3.29256058e-06    2.0096194931e-13
       922       1474496        3.37839127e-06    2.0620063879e-13
       923       1490880        3.53336334e-06    2.1565938369e-13
       924       1507264        3.58343124e-06    2.1871528589e-13
       925       1523648        3.89337540e-06    2.3763277568e-13
       926       1540032        3.77655029e-06    2.3050233722e-13
       927       1556416        4.04357910e-06    2.4680048228e-13
       928       1572800        4.11272049e-06    2.5102053769e-13
       929       1589184        4.16517258e-06    2.5422195904e-13
       930       1605568        4.12940979e-06    2.5203917176e-13
       931       1621952        4.47988510e-06    2.7343048714e-13
       932       1638336        4.61339951e-06    2.8157955967e-13
       933       1654720        4.83989716e-06    2.9540387915e-13
       934       1671104        4.66585159e-06    2.8478098103e-13
       935       1687488        4.85420227e-06    2.9627699405e-13
       936       1703872        4.92334366e-06    3.0049704947e-13
       937       1720256        4.84228134e-06    2.9554939829e-13
       938       1736640        4.92811203e-06    3.0078808777e-13
       939       1753024        5.01394272e-06    3.0602677725e-13
       940       1769408        4.81843948e-06    2.9409420677e-13
       941       1785792        4.80175018e-06    2.9307557270e-13
       942       1802176        4.65154648e-06    2.8390786611e-13
       943       1818560        4.73499298e-06    2.8900103644e-13
       944       1834944        4.57048416e-06    2.7896021493e-13
       945       1851328        4.17232513e-06    2.5465851650e-13
       946       1867712        3.95536423e-06    2.4141627365e-13
       947       1884096        3.75509262e-06    2.2919266485e-13
       948       1900480        3.34739685e-06    2.0430888981e-13
       949       1916864        3.25679779e-06    1.9877916202e-13
       950       1933248        2.99692154e-06    1.8291757443e-13
       951       1949632        2.43663788e-06    1.4872057364e-13
       952       1966016        2.07185745e-06    1.2645614334e-13
       953       1982400        1.84297562e-06    1.1248630471e-13
       954       1998784        1.48296356e-06    9.0512912720e-14
       955       2015168        1.17301941e-06    7.1595422926e-14
       956       2031552        1.02758408e-06    6.2718754635e-14
       957       2047936        7.17639923e-07    4.3801264838e-14
       958       2064320        5.17368317e-07    3.1577656047e-14
       959       2080704        3.88622284e-07    2.3719621824e-14
       960       2097088        2.38418579e-07    1.4551915230e-14
       961       2129856        2.50339508e-07    7.6397554949e-15
       962       2162624        1.00135803e-07    3.0559021979e-15
       963       2195392        2.62260437e-08    8.0035533754e-16
       964       2228160        4.76837158e-09    1.4551915228e-16
