         1             1        1.53920781e+00    1.5392078113e-03
         2             2        3.11475669e+02    3.1147566927e-01
         3             3        4.39542204e+01    4.3954220438e-02
         4             4        1.44842074e+01    1.4484207430e-02
         5             5        6.40933431e+00    6.4093343067e-03
         6             6        3.11143929e+00    3.1114392852e-03
         7             7        1.88152032e+00    1.8815203190e-03
         8             8        1.24934759e+00    1.2493475914e-03
         9             9        8.32245293e-01    8.3224529266e-04
        10            10        6.09278612e-01    6.0927861214e-04
        11            11        4.60223885e-01    4.6022388458e-04
        12            12        3.54469728e-01    3.5446972847e-04
        13            13        2.82168636e-01    2.8216863632e-04
        14            14        2.29835949e-01    2.2983594895e-04
        15            15        1.89326525e-01    1.8932652474e-04
        16            16        1.59247646e-01    1.5924764633e-04
        17            17        1.35246887e-01    1.3524688721e-04
        18            18        1.16288013e-01    1.1628801346e-04
        19            19        1.01054850e-01    1.0105484963e-04
        20            20        8.85285187e-02    8.8528518677e-05
        21            21        7.81538868e-02    7.8153886795e-05
        22            22        6.94902897e-02    6.9490289688e-05
        23            23        6.21938419e-02    6.2193841934e-05
        24            24        5.59350967e-02    5.5935096741e-05
        25            25        5.06028080e-02    5.0602807998e-05
        26            26        4.60129738e-02    4.6012973785e-05
        27            27        4.19870472e-02    4.1987047195e-05
        28            28        3.84749699e-02    3.8474969864e-05
        29            29        3.53941250e-02    3.5394124985e-05
        30            30        3.26376629e-02    3.2637662888e-05
        31            31        3.02162266e-02    3.0216226578e-05
        32            32        2.80348301e-02    2.8034830093e-05
        33            33        2.61049938e-02    2.6104993820e-05
        34            34        2.43977451e-02    2.4397745133e-05
        35            35        2.27870083e-02    2.2787008285e-05
        36            36        2.13371086e-02    2.1337108612e-05
        37            37        2.00552940e-02    2.0055294037e-05
        38            38        1.88751507e-02    1.8875150681e-05
        39            39        1.77846146e-02    1.7784614563e-05
        40            40        1.68026543e-02    1.6802654266e-05
        41            41        1.58887005e-02    1.5888700485e-05
        42            42        1.50527763e-02    1.5052776337e-05
        43            43        1.42959785e-02    1.4295978547e-05
        44            44        1.35678959e-02    1.3567895889e-05
        45            45        1.29280472e-02    1.2928047180e-05
        46            46        1.23060131e-02    1.2306013108e-05
        47            47        1.17349720e-02    1.1734972000e-05
        48            48        1.12162113e-02    1.1216211319e-05
        49            49        1.07159042e-02    1.0715904236e-05
        50            50        1.02552700e-02    1.0255270004e-05
        51            51        9.83252525e-03    9.8325252533e-06
        52            52        9.39344406e-03    9.3934440613e-06
        53            53        9.02562141e-03    9.0256214142e-06
        54            54        8.67431641e-03    8.6743164063e-06
        55            55        8.33025932e-03    8.3302593231e-06
        56            56        8.01123619e-03    8.0112361908e-06
        57            57        7.71790504e-03    7.7179050446e-06
        58            58        7.44322777e-03    7.4432277680e-06
        59            59        7.18783379e-03    7.1878337860e-06
        60            60        6.91273689e-03    6.9127368927e-06
        61            61        6.68023109e-03    6.6802310944e-06
        62            62        6.45946503e-03    6.4594650268e-06
        63            63        6.23565674e-03    6.2356567383e-06
        64            64        6.03382111e-03    6.0338211060e-06
        65            66        1.14858532e-02    5.7429265976e-06
        66            68        1.07742214e-02    5.3871107101e-06
        67            70        1.01592922e-02    5.0796461105e-06
        68            72        9.54003334e-03    4.7700166702e-06
        69            74        9.03077126e-03    4.5153856278e-06
        70            76        8.55256081e-03    4.2762804031e-06
        71            78        8.07102203e-03    4.0355110169e-06
        72            80        7.67322540e-03    3.8366127014e-06
        73            82        7.28496552e-03    3.6424827576e-06
        74            84        6.93590164e-03    3.4679508209e-06
        75            86        6.60527229e-03    3.3026361465e-06
        76            88        6.31615639e-03    3.1580781937e-06
        77            90        6.02167130e-03    3.0108356476e-06
        78            92        5.76191902e-03    2.8809595108e-06
        79            94        5.51874161e-03    2.7593708039e-06
        80            96        5.27648926e-03    2.6382446289e-06
        81            98        5.05595207e-03    2.5279760360e-06
        82           100        4.84333038e-03    2.4216651917e-06
        83           102        4.67465401e-03    2.3373270035e-06
        84           104        4.48749542e-03    2.2437477112e-06
        85           106        4.31198120e-03    2.1559906006e-06
        86           108        4.15550232e-03    2.0777511596e-06
        87           110        4.00818825e-03    2.0040941239e-06
        88           112        3.85869026e-03    1.9293451310e-06
        89           114        3.72392654e-03    1.8619632721e-06
        90           116        3.59643936e-03    1.7982196807e-06
        91           118        3.46419334e-03    1.7320966721e-06
        92           120        3.36295128e-03    1.6814756394e-06
        93           122        3.24579239e-03    1.6228961945e-06
        94           124        3.14721107e-03    1.5736055374e-06
        95           126        3.04039001e-03    1.5201950073e-06
        96           128        2.96745300e-03    1.4837265015e-06
        97           130        2.87009239e-03    1.4350461960e-06
        98           132        2.78823853e-03    1.3941192627e-06
        99           134        2.70179749e-03    1.3508987427e-06
       100           136        2.61742592e-03    1.3087129593e-06
       101           138        2.54172325e-03    1.2708616257e-06
       102           140        2.46840477e-03    1.2342023850e-06
       103           142        2.39896774e-03    1.1994838715e-06
       104           144        2.34585762e-03    1.1729288101e-06
       105           146        2.28528976e-03    1.1426448822e-06
       106           148        2.20954895e-03    1.1047744751e-06
       107           150        2.15499878e-03    1.0774993896e-06
       108           152        2.10344315e-03    1.0517215728e-06
       109           154        2.05486298e-03    1.0274314880e-06
       110           156        1.99723244e-03    9.9861621859e-07
       111           158        1.95031166e-03    9.7515583038e-07
       112           160        1.89867973e-03    9.4933986663e-07
       113           162        1.85853004e-03    9.2926502228e-07
       114           164        1.81076050e-03    9.0538024902e-07
       115           166        1.77018166e-03    8.8509082794e-07
       116           168        1.72798157e-03    8.6399078369e-07
       117           170        1.69556618e-03    8.4778308869e-07
       118           172        1.66133881e-03    8.3066940307e-07
       119           174        1.61749840e-03    8.0874919892e-07
       120           176        1.58390045e-03    7.9195022583e-07
       121           178        1.55192375e-03    7.7596187592e-07
       122           180        1.50934219e-03    7.5467109680e-07
       123           182        1.48218155e-03    7.4109077453e-07
       124           184        1.44527435e-03    7.2263717652e-07
       125           186        1.41460419e-03    7.0730209351e-07
       126           188        1.38948441e-03    6.9474220276e-07
       127           190        1.36097908e-03    6.8048954010e-07
       128           192        1.33699417e-03    6.6849708557e-07
       129           196        2.58992195e-03    6.4748048782e-07
       130           200        2.48540878e-03    6.2135219574e-07
       131           204        2.39131927e-03    5.9782981873e-07
       132           208        2.30755806e-03    5.7688951492e-07
       133           212        2.21797943e-03    5.5449485779e-07
       134           216        2.13975906e-03    5.3493976593e-07
       135           220        2.06986427e-03    5.1746606827e-07
       136           224        1.99890137e-03    4.9972534179e-07
       137           228        1.92930222e-03    4.8232555390e-07
       138           232        1.87079430e-03    4.6769857406e-07
       139           236        1.80292130e-03    4.5073032379e-07
       140           240        1.74804687e-03    4.3701171875e-07
       141           244        1.69273376e-03    4.2318344116e-07
       142           248        1.64202690e-03    4.1050672531e-07
       143           252        1.58975601e-03    3.9743900299e-07
       144           256        1.54118538e-03    3.8529634475e-07
       145           260        1.49845123e-03    3.7461280823e-07
       146           264        1.46198273e-03    3.6549568176e-07
       147           268        1.41140938e-03    3.5285234451e-07
       148           272        1.37943268e-03    3.4485816955e-07
       149           276        1.33885384e-03    3.3471345902e-07
       150           280        1.30557060e-03    3.2639265060e-07
       151           284        1.26742363e-03    3.1685590744e-07
       152           288        1.23325348e-03    3.0831336975e-07
       153           292        1.20847702e-03    3.0211925507e-07
       154           296        1.16864204e-03    2.9216051102e-07
       155           300        1.13614082e-03    2.8403520583e-07
       156           304        1.11526489e-03    2.7881622314e-07
       157           308        1.08753204e-03    2.7188301087e-07
       158           312        1.06155396e-03    2.6538848877e-07
       159           316        1.03095055e-03    2.5773763657e-07
       160           320        1.00789070e-03    2.5197267533e-07
       161           324        9.79404449e-04    2.4485111237e-07
       162           328        9.62371826e-04    2.4059295654e-07
       163           332        9.40141678e-04    2.3503541946e-07
       164           336        9.25960541e-04    2.3149013519e-07
       165           340        8.97674561e-04    2.2441864013e-07
       166           344        8.79735947e-04    2.1993398666e-07
       167           348        8.57601166e-04    2.1440029145e-07
       168           352        8.37392807e-04    2.0934820175e-07
       169           356        8.22248459e-04    2.0556211472e-07
       170           360        8.09917450e-04    2.0247936249e-07
       171           364        7.90691376e-04    1.9767284393e-07
       172           368        7.68184662e-04    1.9204616547e-07
       173           372        7.58018494e-04    1.8950462341e-07
       174           376        7.42807388e-04    1.8570184708e-07
       175           380        7.29017258e-04    1.8225431442e-07
       176           384        7.10849762e-04    1.7771244049e-07
       177           388        7.02390671e-04    1.7559766770e-07
       178           392        6.85520172e-04    1.7138004303e-07
       179           396        6.70700073e-04    1.6767501831e-07
       180           400        6.60324097e-04    1.6508102417e-07
       181           404        6.47497177e-04    1.6187429428e-07
       182           408        6.37760162e-04    1.5944004059e-07
       183           412        6.24608994e-04    1.5615224838e-07
       184           416        6.11715317e-04    1.5292882919e-07
       185           420        6.00461960e-04    1.5011548996e-07
       186           424        5.89342117e-04    1.4733552933e-07
       187           428        5.78851700e-04    1.4471292496e-07
       188           432        5.72719574e-04    1.4317989349e-07
       189           436        5.63278198e-04    1.4081954956e-07
       190           440        5.50374985e-04    1.3759374618e-07
       191           444        5.42564392e-04    1.3564109802e-07
       192           448        5.32426834e-04    1.3310670853e-07
       193           456        1.03443146e-03    1.2930393219e-07
       194           464        1.00421906e-03    1.2552738189e-07
       195           472        9.73615646e-04    1.2170195579e-07
       196           480        9.38701630e-04    1.1733770370e-07
       197           488        9.19418335e-04    1.1492729187e-07
       198           496        8.80203247e-04    1.1002540588e-07
       199           504        8.61968994e-04    1.0774612427e-07
       200           512        8.30812454e-04    1.0385155678e-07
       201           520        8.09888840e-04    1.0123610497e-07
       202           528        7.85121918e-04    9.8140239714e-08
       203           536        7.59315491e-04    9.4914436339e-08
       204           544        7.39097595e-04    9.2387199402e-08
       205           552        7.24744797e-04    9.0593099594e-08
       206           560        7.05490112e-04    8.8186264039e-08
       207           568        6.92119598e-04    8.6514949798e-08
       208           576        6.67524338e-04    8.3440542221e-08
       209           584        6.49070740e-04    8.1133842468e-08
       210           592        6.33678436e-04    7.9209804535e-08
       211           600        6.18896484e-04    7.7362060547e-08
       212           608        6.05649948e-04    7.5706243515e-08
       213           616        5.90190887e-04    7.3773860932e-08
       214           624        5.71498871e-04    7.1437358856e-08
       215           632        5.61389923e-04    7.0173740387e-08
       216           640        5.45606613e-04    6.8200826645e-08
       217           648        5.33971786e-04    6.6746473313e-08
       218           656        5.22003174e-04    6.5250396728e-08
       219           664        5.09777069e-04    6.3722133637e-08
       220           672        4.99029160e-04    6.2378644944e-08
       221           680        4.85687256e-04    6.0710906982e-08
       222           688        4.77256775e-04    5.9657096863e-08
       223           696        4.66079712e-04    5.8259963990e-08
       224           704        4.57172394e-04    5.7146549225e-08
       225           712        4.44040298e-04    5.5505037308e-08
       226           720        4.37679291e-04    5.4709911346e-08
       227           728        4.28876877e-04    5.3609609604e-08
       228           736        4.17480469e-04    5.2185058594e-08
       229           744        4.12082672e-04    5.1510334014e-08
       230           752        4.03690338e-04    5.0461292267e-08
       231           760        3.93905640e-04    4.9238204956e-08
       232           768        3.88584137e-04    4.8573017121e-08
       233           776        3.81069183e-04    4.7633647919e-08
       234           784        3.72810364e-04    4.6601295471e-08
       235           792        3.64599228e-04    4.5574903488e-08
       236           800        3.61175537e-04    4.5146942139e-08
       237           808        3.54433060e-04    4.4304132462e-08
       238           816        3.46775055e-04    4.3346881866e-08
       239           824        3.37715149e-04    4.2214393616e-08
       240           832        3.32679749e-04    4.1584968567e-08
       241           840        3.31029892e-04    4.1378736496e-08
       242           848        3.23162079e-04    4.0395259858e-08
       243           856        3.14674377e-04    3.9334297180e-08
       244           864        3.10516357e-04    3.8814544678e-08
       245           872        3.07226181e-04    3.8403272629e-08
       246           880        3.02667618e-04    3.7833452225e-08
       247           888        2.97317505e-04    3.7164688110e-08
       248           896        2.90060043e-04    3.6257505417e-08
       249           904        2.85758972e-04    3.5719871521e-08
       250           912        2.82592773e-04    3.5324096679e-08
       251           920        2.73132324e-04    3.4141540527e-08
       252           928        2.69641876e-04    3.3705234527e-08
       253           936        2.65712738e-04    3.3214092254e-08
       254           944        2.64587402e-04    3.3073425293e-08
       255           952        2.56814957e-04    3.2101869583e-08
       256           960        2.52819061e-04    3.1602382660e-08
       257           976        4.98094559e-04    3.1130909920e-08
       258           992        4.81948853e-04    3.0121803284e-08
       259          1008        4.72030640e-04    2.9501914978e-08
       260          1024        4.56180573e-04    2.8511285782e-08
       261          1040        4.40216064e-04    2.7513504028e-08
       262          1056        4.30812836e-04    2.6925802231e-08
       263          1072        4.18186188e-04    2.6136636734e-08
       264          1088        4.02994156e-04    2.5187134743e-08
       265          1104        3.95545959e-04    2.4721622467e-08
       266          1120        3.85551453e-04    2.4096965790e-08
       267          1136        3.73363495e-04    2.3335218430e-08
       268          1152        3.63359451e-04    2.2709965706e-08
       269          1168        3.55691910e-04    2.2230744362e-08
       270          1184        3.46584320e-04    2.1661520004e-08
       271          1200        3.35550308e-04    2.0971894264e-08
       272          1216        3.26299667e-04    2.0393729209e-08
       273          1232        3.20730209e-04    2.0045638084e-08
       274          1248        3.12223434e-04    1.9513964653e-08
       275          1264        3.05137634e-04    1.9071102142e-08
       276          1280        2.98519135e-04    1.8657445907e-08
       277          1296        2.92329788e-04    1.8270611763e-08
       278          1312        2.86674500e-04    1.7917156219e-08
       279          1328        2.76279449e-04    1.7267465592e-08
       280          1344        2.75096893e-04    1.7193555832e-08
       281          1360        2.64530182e-04    1.6533136368e-08
       282          1376        2.61106491e-04    1.6319155693e-08
       283          1392        2.58884430e-04    1.6180276871e-08
       284          1408        2.47554779e-04    1.5472173691e-08
       285          1424        2.44064331e-04    1.5254020691e-08
       286          1440        2.40097046e-04    1.5006065369e-08
       287          1456        2.35328674e-04    1.4708042146e-08
       288          1472        2.28757858e-04    1.4297366142e-08
       289          1488        2.25849152e-04    1.4115571975e-08
       290          1504        2.21347809e-04    1.3834238052e-08
       291          1520        2.12850571e-04    1.3303160667e-08
       292          1536        2.10294724e-04    1.3143420219e-08
       293          1552        2.08492279e-04    1.3030767441e-08
       294          1568        2.03809738e-04    1.2738108635e-08
       295          1584        1.97792053e-04    1.2362003327e-08
       296          1600        1.95770264e-04    1.2235641479e-08
       297          1616        1.87664032e-04    1.1729001999e-08
       298          1632        1.86471939e-04    1.1654496193e-08
       299          1648        1.83124542e-04    1.1445283890e-08
       300          1664        1.78918839e-04    1.1182427406e-08
       301          1680        1.79195404e-04    1.1199712753e-08
       302          1696        1.73778534e-04    1.0861158371e-08
       303          1712        1.71470642e-04    1.0716915131e-08
       304          1728        1.69792175e-04    1.0612010956e-08
       305          1744        1.66568756e-04    1.0410547256e-08
       306          1760        1.63602829e-04    1.0225176811e-08
       307          1776        1.60093308e-04    1.0005831719e-08
       308          1792        1.57632828e-04    9.8520517352e-09
       309          1808        1.55124664e-04    9.6952915195e-09
       310          1824        1.52187347e-04    9.5117092134e-09
       311          1840        1.50232315e-04    9.3895196916e-09
       312          1856        1.47542953e-04    9.2214345934e-09
       313          1872        1.44786835e-04    9.0491771698e-09
       314          1888        1.43308640e-04    8.9567899704e-09
       315          1904        1.42364502e-04    8.8977813721e-09
       316          1920        1.38902664e-04    8.6814165117e-09
       317          1936        1.35622025e-04    8.4763765335e-09
       318          1952        1.34239197e-04    8.3899497986e-09
       319          1968        1.34534836e-04    8.4084272385e-09
       320          1984        1.30901337e-04    8.1813335419e-09
       321          2016        2.55613327e-04    7.9879164696e-09
       322          2048        2.46963501e-04    7.7176094055e-09
       323          2080        2.41012573e-04    7.5316429138e-09
       324          2112        2.30407715e-04    7.2002410888e-09
       325          2144        2.25048065e-04    7.0327520370e-09
       326          2176        2.19049454e-04    6.8452954292e-09
       327          2208        2.12392807e-04    6.6372752190e-09
       328          2240        2.06289291e-04    6.4465403557e-09
       329          2272        2.01807022e-04    6.3064694405e-09
       330          2304        1.97181702e-04    6.1619281769e-09
       331          2336        1.94005966e-04    6.0626864433e-09
       332          2368        1.85279846e-04    5.7899951934e-09
       333          2400        1.83963776e-04    5.7488679886e-09
       334          2432        1.76525116e-04    5.5164098740e-09
       335          2464        1.74427032e-04    5.4508447647e-09
       336          2496        1.67665482e-04    5.2395462990e-09
       337          2528        1.65510178e-04    5.1721930504e-09
       338          2560        1.59082413e-04    4.9713253975e-09
       339          2592        1.54953003e-04    4.8422813415e-09
       340          2624        1.53388977e-04    4.7934055328e-09
       341          2656        1.49030685e-04    4.6572089195e-09
       342          2688        1.47676468e-04    4.6148896218e-09
       343          2720        1.42469406e-04    4.4521689415e-09
       344          2752        1.40581131e-04    4.3931603432e-09
       345          2784        1.36680603e-04    4.2712688446e-09
       346          2816        1.31988525e-04    4.1246414185e-09
       347          2848        1.32026672e-04    4.1258335114e-09
       348          2880        1.28469467e-04    4.0146708488e-09
       349          2912        1.24340057e-04    3.8856267929e-09
       350          2944        1.24044418e-04    3.8763880730e-09
       351          2976        1.19304657e-04    3.7282705308e-09
       352          3008        1.17435455e-04    3.6698579788e-09
       353          3040        1.14154816e-04    3.5673379898e-09
       354          3072        1.12457275e-04    3.5142898559e-09
       355          3104        1.10168457e-04    3.4427642822e-09
       356          3136        1.09853745e-04    3.4329295158e-09
       357          3168        1.07316971e-04    3.3536553383e-09
       358          3200        1.04513168e-04    3.2660365105e-09
       359          3232        1.02109909e-04    3.1909346580e-09
       360          3264        1.00183487e-04    3.1307339669e-09
       361          3296        9.99546051e-05    3.1235814095e-09
       362          3328        9.77897644e-05    3.0559301376e-09
       363          3360        9.53197479e-05    2.9787421227e-09
       364          3392        9.39464569e-05    2.9358267785e-09
       365          3424        9.26113129e-05    2.8941035271e-09
       366          3456        9.08565521e-05    2.8392672539e-09
       367          3488        8.95881653e-05    2.7996301651e-09
       368          3520        8.77189636e-05    2.7412176133e-09
       369          3552        8.51535797e-05    2.6610493660e-09
       370          3584        8.55922699e-05    2.6747584344e-09
       371          3616        8.07285309e-05    2.5227665902e-09
       372          3648        8.14056396e-05    2.5439262391e-09
       373          3680        7.99942017e-05    2.4998188019e-09
       374          3712        7.84015656e-05    2.4500489235e-09
       375          3744        7.80296326e-05    2.4384260178e-09
       376          3776        7.65323639e-05    2.3916363716e-09
       377          3808        7.56359100e-05    2.3636221886e-09
       378          3840        7.24411011e-05    2.2637844086e-09
       379          3872        7.27748871e-05    2.2742152214e-09
       380          3904        7.04288483e-05    2.2009015083e-09
       381          3936        7.05242157e-05    2.2038817406e-09
       382          3968        6.87408447e-05    2.1481513977e-09
       383          4000        6.80828094e-05    2.1275877952e-09
       384          4032        6.71768188e-05    2.0992755890e-09
       385          4096        1.31406784e-04    2.0532310009e-09
       386          4160        1.25865936e-04    1.9666552544e-09
       387          4224        1.21841431e-04    1.9037723541e-09
       388          4288        1.20058060e-04    1.8759071827e-09
       389          4352        1.15785599e-04    1.8091499805e-09
       390          4416        1.13306046e-04    1.7704069614e-09
       391          4480        1.09462738e-04    1.7103552818e-09
       392          4544        1.07669830e-04    1.6823410988e-09
       393          4608        1.02663040e-04    1.6041100025e-09
       394          4672        1.00679398e-04    1.5731155872e-09
       395          4736        9.86957550e-05    1.5421211720e-09
       396          4800        9.50622559e-05    1.4853477478e-09
       397          4864        9.18960571e-05    1.4358758927e-09
       398          4928        9.06753540e-05    1.4168024063e-09
       399          4992        8.81385803e-05    1.3771653176e-09
       400          5056        8.73851776e-05    1.3653934002e-09
       401          5120        8.52394104e-05    1.3318657875e-09
       402          5184        8.21590424e-05    1.2837350369e-09
       403          5248        8.01849365e-05    1.2528896332e-09
       404          5312        7.78388977e-05    1.2162327767e-09
       405          5376        7.64369965e-05    1.1943280697e-09
       406          5440        7.43770599e-05    1.1621415615e-09
       407          5504        7.36331940e-05    1.1505186558e-09
       408          5568        7.13348389e-05    1.1146068573e-09
       409          5632        7.08484650e-05    1.1070072651e-09
       410          5696        6.92081451e-05    1.0813772679e-09
       411          5760        6.70146942e-05    1.0471045971e-09
       412          5824        6.52599335e-05    1.0196864605e-09
       413          5888        6.54506683e-05    1.0226666927e-09
       414          5952        6.36386871e-05    9.9435448650e-10
       415          6016        6.19602203e-05    9.6812844276e-10
       416          6080        5.98907471e-05    9.3579292298e-10
       417          6144        5.76114655e-05    9.0017914772e-10
       418          6208        5.69248199e-05    8.8945031166e-10
       419          6272        5.75160980e-05    8.9868903160e-10
       420          6336        5.48553467e-05    8.5711479188e-10
       421          6400        5.42545319e-05    8.4772706031e-10
       422          6464        5.30719757e-05    8.2924962043e-10
       423          6528        5.23567200e-05    8.1807374954e-10
       424          6592        5.06305695e-05    7.9110264777e-10
       425          6656        5.07926941e-05    7.9363584519e-10
       426          6720        4.85134125e-05    7.5802206992e-10
       427          6784        4.88090515e-05    7.6264142989e-10
       428          6848        4.79698181e-05    7.4952840806e-10
       429          6912        4.65869904e-05    7.2792172432e-10
       430          6976        4.58812714e-05    7.1689486503e-10
       431          7040        4.47845459e-05    6.9975852966e-10
       432          7104        4.50992584e-05    7.0467591286e-10
       433          7168        4.31442261e-05    6.7412853241e-10
       434          7232        4.26483154e-05    6.6637992859e-10
       435          7296        4.11319733e-05    6.4268708229e-10
       436          7360        4.12273407e-05    6.4417719842e-10
       437          7424        4.19235229e-05    6.5505504608e-10
       438          7488        3.93676758e-05    6.1511993408e-10
       439          7552        3.97300720e-05    6.2078237533e-10
       440          7616        3.94153595e-05    6.1586499213e-10
       441          7680        3.79562378e-05    5.9306621551e-10
       442          7744        3.80611420e-05    5.9470534325e-10
       443          7808        3.74126434e-05    5.8457255364e-10
       444          7872        3.61442566e-05    5.6475400925e-10
       445          7936        3.65161896e-05    5.7056546211e-10
       446          8000        3.39508057e-05    5.3048133850e-10
       447          8064        3.41224670e-05    5.3316354751e-10
       448          8128        3.37314606e-05    5.2705407143e-10
       449          8256        6.66427612e-05    5.2064657211e-10
       450          8384        6.40487671e-05    5.0038099289e-10
       451          8512        6.20555878e-05    4.8480927944e-10
       452          8640        5.98526001e-05    4.6759843826e-10
       453          8768        5.85365295e-05    4.5731663703e-10
       454          8896        5.78689575e-05    4.5210123061e-10
       455          9024        5.63144684e-05    4.3995678424e-10
       456          9152        5.33771515e-05    4.1700899600e-10
       457          9280        5.34725189e-05    4.1775405406e-10
       458          9408        5.17940521e-05    4.0464103221e-10
       459          9536        4.96482849e-05    3.8787722587e-10
       460          9664        4.79888916e-05    3.7491321563e-10
       461          9792        4.69589233e-05    3.6686658859e-10
       462          9920        4.55093384e-05    3.5554170608e-10
       463         10048        4.45365906e-05    3.4794211388e-10
       464         10176        4.32682037e-05    3.3803284169e-10
       465         10304        4.35066223e-05    3.3989548684e-10
       466         10432        4.29344177e-05    3.3542513848e-10
       467         10560        4.06932831e-05    3.1791627408e-10
       468         10688        4.04644012e-05    3.1612813474e-10
       469         10816        3.87859344e-05    3.0301511289e-10
       470         10944        3.82423401e-05    2.9876828195e-10
       471         11072        3.59153748e-05    2.8058886529e-10
       472         11200        3.52001190e-05    2.7500092984e-10
       473         11328        3.61061096e-05    2.8207898141e-10
       474         11456        3.46469879e-05    2.7067959310e-10
       475         11584        3.43799591e-05    2.6859343053e-10
       476         11712        3.33881378e-05    2.6084482670e-10
       477         11840        3.35025787e-05    2.6173889638e-10
       478         11968        3.20434570e-05    2.5033950806e-10
       479         12096        3.18431854e-05    2.4877488613e-10
       480         12224        3.11946869e-05    2.4370849133e-10
       481         12352        2.92205811e-05    2.2828578949e-10
       482         12480        2.91442871e-05    2.2768974304e-10
       483         12608        2.83336639e-05    2.2135674953e-10
       484         12736        2.78472900e-05    2.1755695342e-10
       485         12864        2.72655487e-05    2.1301209925e-10
       486         12992        2.66361237e-05    2.0809471606e-10
       487         13120        2.52246857e-05    1.9706785677e-10
       488         13248        2.54821777e-05    1.9907951354e-10
       489         13376        2.53009796e-05    1.9766390322e-10
       490         13504        2.56443024e-05    2.0034611224e-10
       491         13632        2.46047974e-05    1.9222497938e-10
       492         13760        2.44522095e-05    1.9103288648e-10
       493         13888        2.34031677e-05    1.8283724783e-10
       494         14016        2.36511230e-05    1.8477439878e-10
       495         14144        2.24781036e-05    1.7561018465e-10
       496         14272        2.14290619e-05    1.6741454599e-10
       497         14400        2.14767456e-05    1.6778707502e-10
       498         14528        2.02560425e-05    1.5825033186e-10
       499         14656        2.07710266e-05    1.6227364538e-10
       500         14784        2.09522247e-05    1.6368925569e-10
       501         14912        2.05802917e-05    1.6078352926e-10
       502         15040        2.04086304e-05    1.5944242475e-10
       503         15168        1.95121765e-05    1.5243887899e-10
       504         15296        1.98364258e-05    1.5497207639e-10
       505         15424        1.88541412e-05    1.4729797838e-10
       506         15552        1.89113617e-05    1.4774501322e-10
       507         15680        1.79386139e-05    1.4014542102e-10
       508         15808        1.80149078e-05    1.4074146746e-10
       509         15936        1.76048279e-05    1.3753771781e-10
       510         16064        1.72424316e-05    1.3470649718e-10
       511         16192        1.67655945e-05    1.3098120688e-10
       512         16320        1.71661377e-05    1.3411045074e-10
       513         16576        3.21769714e-05    1.2569129467e-10
       514         16832        3.21388245e-05    1.2554228305e-10
       515         17088        3.10039520e-05    1.2110918759e-10
       516         17344        2.96497345e-05    1.1581927538e-10
       517         17600        2.92682648e-05    1.1432915926e-10
       518         17856        2.88772583e-05    1.1280179024e-10
       519         18112        2.69985199e-05    1.0546296835e-10
       520         18368        2.62546539e-05    1.0255724192e-10
       521         18624        2.64167786e-05    1.0319054128e-10
       522         18880        2.43759155e-05    9.5218420037e-11
       523         19136        2.42900848e-05    9.4883143913e-11
       524         19392        2.38609314e-05    9.3206763279e-11
       525         19648        2.33554840e-05    9.1232359419e-11
       526         19904        2.30121613e-05    8.9891254908e-11
       527         20160        2.19440460e-05    8.5718929775e-11
       528         20416        2.11811066e-05    8.2738697533e-11
       529         20672        2.14767456e-05    8.3893537527e-11
       530         20928        2.11143494e-05    8.2477927213e-11
       531         21184        2.00462341e-05    7.8305602078e-11
       532         21440        1.92260742e-05    7.5101852418e-11
       533         21696        1.91497803e-05    7.4803829196e-11
       534         21952        1.85871124e-05    7.2605907918e-11
       535         22208        1.77574158e-05    6.9364905359e-11
       536         22464        1.81293488e-05    7.0817768576e-11
       537         22720        1.74617767e-05    6.8210065366e-11
       538         22976        1.69944763e-05    6.6384673119e-11
       539         23232        1.64699554e-05    6.4335763455e-11
       540         23488        1.61743164e-05    6.3180923463e-11
       541         23744        1.60503387e-05    6.2696635724e-11
       542         24000        1.58309937e-05    6.1839818954e-11
       543         24256        1.45053864e-05    5.6661665439e-11
       544         24512        1.53064728e-05    5.9790909291e-11
       545         24768        1.43432617e-05    5.6028366089e-11
       546         25024        1.46770477e-05    5.7332217694e-11
       547         25280        1.39236450e-05    5.4389238357e-11
       548         25536        1.33323669e-05    5.2079558372e-11
       549         25792        1.33132935e-05    5.2005052567e-11
       550         26048        1.24549866e-05    4.8652291298e-11
       551         26304        1.28555298e-05    5.0216913223e-11
       552         26560        1.22928619e-05    4.8018991947e-11
       553         26816        1.22547150e-05    4.7869980335e-11
       554         27072        1.13677979e-05    4.4405460358e-11
       555         27328        1.19686127e-05    4.6752393246e-11
       556         27584        1.13677979e-05    4.4405460357e-11
       557         27840        1.11579895e-05    4.3585896492e-11
       558         28096        1.11770630e-05    4.3660402298e-11
       559         28352        1.08146667e-05    4.2244791985e-11
       560         28608        1.07002258e-05    4.1797757149e-11
       561         28864        1.07192993e-05    4.1872262954e-11
       562         29120        1.03092194e-05    4.0270388126e-11
       563         29376        1.04808807e-05    4.0940940380e-11
       564         29632        1.00326538e-05    3.9190053940e-11
       565         29888        1.00421906e-05    3.9227306843e-11
       566         30144        1.04427338e-05    4.0791928768e-11
       567         30400        9.39369202e-06    3.6694109439e-11
       568         30656        9.19342041e-06    3.5911798477e-11
       569         30912        9.94682312e-06    3.8854777813e-11
       570         31168        9.23156738e-06    3.6060810089e-11
       571         31424        8.67843628e-06    3.3900141715e-11
       572         31680        8.43048096e-06    3.2931566238e-11
       573         31936        8.54492188e-06    3.3378601074e-11
       574         32192        8.02040100e-06    3.1329691410e-11
       575         32448        8.22067261e-06    3.2112002372e-11
       576         32704        8.28742981e-06    3.2372772693e-11
       577         33216        1.59358978e-05    3.1124800444e-11
       578         33728        1.51252747e-05    2.9541552067e-11
       579         34240        1.44672394e-05    2.8256326915e-11
       580         34752        1.46961212e-05    2.8703361750e-11
       581         35264        1.41429901e-05    2.7623027563e-11
       582         35776        1.36756897e-05    2.6710331440e-11
       583         36288        1.27220154e-05    2.4847686290e-11
       584         36800        1.31416321e-05    2.5667250156e-11
       585         37312        1.21974945e-05    2.3823231458e-11
       586         37824        1.21212006e-05    2.3674219846e-11
       587         38336        1.17206573e-05    2.2891908884e-11
       588         38848        1.24263763e-05    2.4270266294e-11
       589         39360        1.07765198e-05    2.1047890186e-11
       590         39872        1.07669830e-05    2.1029263734e-11
       591         40384        1.02519989e-05    2.0023435353e-11
       592         40896        1.02233887e-05    1.9967555999e-11
       593         41408        1.02996826e-05    2.0116567611e-11
       594         41920        9.78469849e-06    1.9110739230e-11
       595         42432        9.33647156e-06    1.8235296010e-11
       596         42944        9.15527344e-06    1.7881393431e-11
       597         43456        9.14573669e-06    1.7862766980e-11
       598         43968        8.79287720e-06    1.7173588275e-11
       599         44480        8.29696655e-06    1.6205012797e-11
       600         44992        8.16345215e-06    1.5944242476e-11
       601         45504        7.82966614e-06    1.5292316674e-11
       602         46016        7.81059265e-06    1.5255063771e-11
       603         46528        7.82966614e-06    1.5292316674e-11
       604         47040        7.87734985e-06    1.5385448931e-11
       605         47552        7.20977783e-06    1.4081597327e-11
       606         48064        7.20977783e-06    1.4081597327e-11
       607         48576        6.85691833e-06    1.3392418622e-11
       608         49088        6.24656677e-06    1.2200325727e-11
       609         49600        6.35147095e-06    1.2405216693e-11
       610         50112        7.03811646e-06    1.3746321200e-11
       611         50624        6.62803650e-06    1.2945383786e-11
       612         51136        6.49452209e-06    1.2684613465e-11
       613         51648        6.76155090e-06    1.3206154107e-11
       614         52160        6.05583191e-06    1.1827796697e-11
       615         52672        6.54220581e-06    1.2777745723e-11
       616         53184        6.07490540e-06    1.1865049599e-11
       617         53696        5.55038452e-06    1.0840594768e-11
       618         54208        5.40733337e-06    1.0561197996e-11
       619         54720        5.59806824e-06    1.0933727025e-11
       620         55232        5.83648682e-06    1.1399388312e-11
       621         55744        5.09262085e-06    9.9465250963e-12
       622         56256        5.02586365e-06    9.8161399358e-12
       623         56768        4.73022461e-06    9.2387199398e-12
       624         57280        5.24520874e-06    1.0244548320e-11
       625         57792        4.73976135e-06    9.2573463910e-12
       626         58304        4.96864319e-06    9.7043812266e-12
       627         58816        4.63485718e-06    9.0524554251e-12
       628         59328        4.59671021e-06    8.9779496191e-12
       629         59840        4.59671021e-06    8.9779496192e-12
       630         60352        4.50134277e-06    8.7916851043e-12
       631         60864        4.44412231e-06    8.6799263953e-12
       632         61376        4.53948975e-06    8.8661909104e-12
       633         61888        4.39643860e-06    8.5867941375e-12
       634         62400        3.91006470e-06    7.6368451117e-12
       635         62912        4.41551208e-06    8.6240470407e-12
       636         63424        3.89099121e-06    7.5995922089e-12
       637         63936        4.01496887e-06    7.8417360783e-12
       638         64448        3.93867493e-06    7.6927244666e-12
       639         64960        3.88145447e-06    7.5809657570e-12
       640         65472        3.80516052e-06    7.4319541454e-12
       641         66496        7.41004944e-06    7.2363764049e-12
       642         67520        7.23838806e-06    7.0687383416e-12
       643         68544        6.48498535e-06    6.3329935074e-12
       644         69568        7.02857971e-06    6.8638473750e-12
       645         70592        6.78062439e-06    6.6217035056e-12
       646         71616        5.90324402e-06    5.7648867369e-12
       647         72640        5.97953796e-06    5.8393925429e-12
       648         73664        5.90324402e-06    5.7648867369e-12
       649         74688        5.67436218e-06    5.5413693190e-12
       650         75712        5.52177429e-06    5.3923577071e-12
       651         76736        5.16891479e-06    5.0477683544e-12
       652         77760        5.32150269e-06    5.1967799662e-12
       653         78784        5.01632690e-06    4.8987567424e-12
       654         79808        5.02586365e-06    4.9080699683e-12
       655         80832        4.67300415e-06    4.5634806156e-12
       656         81856        4.97817993e-06    4.8615038395e-12
       657         82880        4.37736511e-06    4.2747706174e-12
       658         83904        4.45365906e-06    4.3492764234e-12
       659         84928        4.57763672e-06    4.4703483581e-12
       660         85952        4.21524048e-06    4.1164457798e-12
       661         86976        3.95774841e-06    3.8649886846e-12
       662         88000        4.01496887e-06    3.9208680390e-12
       663         89024        3.58581543e-06    3.5017728805e-12
       664         90048        3.73840332e-06    3.6507844924e-12
       665         91072        3.63349915e-06    3.5483390092e-12
       666         92096        3.72886658e-06    3.6414712666e-12
       667         93120        3.63349915e-06    3.5483390092e-12
       668         94144        3.63349915e-06    3.5483390092e-12
       669         95168        3.26156616e-06    3.1851232051e-12
       670         96192        3.39508057e-06    3.3155083655e-12
       671         97216        3.18527222e-06    3.1106173991e-12
       672         98240        3.31878662e-06    3.2410025595e-12
       673         99264        3.29017639e-06    3.2130628824e-12
       674        100288        3.07083130e-06    2.9988586901e-12
       675        101312        2.85148621e-06    2.7846544980e-12
       676        102336        2.94685364e-06    2.8777867555e-12
       677        103360        2.93731689e-06    2.8684735297e-12
       678        104384        2.96592712e-06    2.8964132070e-12
       679        105408        2.91824341e-06    2.8498470783e-12
       680        106432        2.49862671e-06    2.4400651454e-12
       681        107456        2.67028809e-06    2.6077032088e-12
       682        108480        2.60353088e-06    2.5425106286e-12
       683        109504        2.38418579e-06    2.3283064365e-12
       684        110528        2.41279602e-06    2.3562461137e-12
       685        111552        2.68936157e-06    2.6263296603e-12
       686        112576        2.31742859e-06    2.2631138562e-12
       687        113600        2.43186951e-06    2.3748725652e-12
       688        114624        2.20298767e-06    2.1513551473e-12
       689        115648        2.11715698e-06    2.0675361155e-12
       690        116672        2.31742859e-06    2.2631138562e-12
       691        117696        2.42233276e-06    2.3655593395e-12
       692        118720        2.03132629e-06    1.9837170839e-12
       693        119744        2.21252441e-06    2.1606683730e-12
       694        120768        2.11715698e-06    2.0675361156e-12
       695        121792        1.99317932e-06    1.9464641808e-12
       696        122816        2.05993652e-06    2.0116567611e-12
       697        123840        1.98364258e-06    1.9371509551e-12
       698        124864        1.94549561e-06    1.8998980521e-12
       699        125888        2.09808350e-06    2.0489096641e-12
       700        126912        1.50680542e-06    1.4714896678e-12
       701        127936        1.57356262e-06    1.5366822480e-12
       702        128960        1.65939331e-06    1.6205012798e-12
       703        129984        1.90734863e-06    1.8626451491e-12
       704        131008        1.81198120e-06    1.7695128917e-12
       705        133056        3.44276428e-06    1.6810372472e-12
       706        135104        3.31878662e-06    1.6205012798e-12
       707        137152        3.48091125e-06    1.6996636987e-12
       708        139200        3.05175781e-06    1.4901161194e-12
       709        141248        3.16619873e-06    1.5459954739e-12
       710        143296        3.11851501e-06    1.5227124096e-12
       711        145344        3.04222107e-06    1.4854595066e-12
       712        147392        2.90870667e-06    1.4202669263e-12
       713        149440        2.65121460e-06    1.2945383788e-12
       714        151488        2.84194946e-06    1.3876706362e-12
       715        153536        2.30789185e-06    1.1269003153e-12
       716        155584        2.47955322e-06    1.2107193470e-12
       717        157632        2.65121460e-06    1.2945383787e-12
       718        159680        2.65121460e-06    1.2945383787e-12
       719        161728        2.42233276e-06    1.1827796698e-12
       720        163776        2.31742859e-06    1.1315569282e-12
       721        165824        2.05993652e-06    1.0058283806e-12
       722        167872        2.13623047e-06    1.0430812836e-12
       723        169920        1.97410584e-06    9.6391886472e-13
       724        171968        2.11715698e-06    1.0337680578e-12
       725        174016        1.85966492e-06    9.0803951026e-13
       726        176064        2.30789185e-06    1.1269003153e-12
       727        178112        2.08854675e-06    1.0197982192e-12
       728        180160        2.10762024e-06    1.0291114450e-12
       729        182208        2.24113464e-06    1.0943040252e-12
       730        184256        1.99317932e-06    9.7323209048e-13
       731        186304        1.99317932e-06    9.7323209046e-13
       732        188352        2.07901001e-06    1.0151416063e-12
       733        190400        1.93595886e-06    9.4529241327e-13
       734        192448        1.92642212e-06    9.4063580038e-13
       735        194496        2.01225281e-06    9.8254531625e-13
       736        196544        1.75476074e-06    8.5681676865e-13
       737        198592        2.03132629e-06    9.9185854197e-13
       738        200640        1.70707703e-06    8.3353370428e-13
       739        202688        1.87873840e-06    9.1735273604e-13
       740        204736        1.99317932e-06    9.7323209048e-13
       741        206784        2.05039978e-06    1.0011717677e-12
       742        208832        1.82151794e-06    8.8941305877e-13
       743        210880        2.00271606e-06    9.7788870335e-13
       744        212928        2.01225281e-06    9.8254531622e-13
       745        214976        2.07901001e-06    1.0151416063e-12
       746        217024        2.13623047e-06    1.0430812836e-12
       747        219072        1.94549561e-06    9.4994902613e-13
       748        221120        1.89781189e-06    9.2666596178e-13
       749        223168        2.21252441e-06    1.0803341866e-12
       750        225216        2.23159790e-06    1.0896474123e-12
       751        227264        2.09808350e-06    1.0244548321e-12
       752        229312        1.86920166e-06    9.1269612312e-13
       753        231360        2.10762024e-06    1.0291114449e-12
       754        233408        2.04086304e-06    9.9651515483e-13
       755        235456        1.98364258e-06    9.6857547764e-13
       756        237504        2.22206116e-06    1.0849907994e-12
       757        239552        2.35557556e-06    1.1501833796e-12
       758        241600        2.12669373e-06    1.0384246707e-12
       759        243648        2.26020813e-06    1.1036172509e-12
       760        245696        2.23159790e-06    1.0896474123e-12
       761        247744        2.38418579e-06    1.1641532183e-12
       762        249792        1.94549561e-06    9.4994902612e-13
       763        251840        2.18391418e-06    1.0663643479e-12
       764        253888        2.05039978e-06    1.0011717677e-12
       765        255936        1.96456909e-06    9.5926225187e-13
       766        257984        2.24113464e-06    1.0943040252e-12
       767        260032        2.30789185e-06    1.1269003153e-12
       768        262080        2.13623047e-06    1.0430812836e-12
       769        266176        4.52041626e-06    1.1036172509e-12
       770        270272        4.53948975e-06    1.1082738638e-12
       771        274368        4.77790833e-06    1.1664815247e-12
       772        278464        4.79698181e-06    1.1711381376e-12
       773        282560        4.80651855e-06    1.1734664440e-12
       774        286656        5.15937805e-06    1.2596137822e-12
       775        290752        4.93049622e-06    1.2037344277e-12
       776        294848        5.50270081e-06    1.3434328139e-12
       777        298944        5.39779663e-06    1.3178214431e-12
       778        303040        5.63621521e-06    1.3760291040e-12
       779        307136        5.74111938e-06    1.4016404748e-12
       780        311232        5.97000122e-06    1.4575198293e-12
       781        315328        6.31332397e-06    1.5413388610e-12
       782        319424        6.24656677e-06    1.5250407160e-12
       783        323520        6.65664673e-06    1.6251578927e-12
       784        327616        6.94274902e-06    1.6950070858e-12
       785        331712        7.50541687e-06    1.8323771656e-12
       786        335808        7.18116760e-06    1.7532147468e-12
       787        339904        7.40051270e-06    1.8067657949e-12
       788        344000        7.27653503e-06    1.7764978112e-12
       789        348096        7.90596008e-06    1.9301660360e-12
       790        352192        8.27789307e-06    2.0209699870e-12
       791        356288        8.33511353e-06    2.0349398256e-12
       792        360384        9.04083252e-06    2.2072345020e-12
       793        364480        9.07897949e-06    2.2165477276e-12
       794        368576        9.46998596e-06    2.3120082916e-12
       795        372672        1.01375580e-05    2.4749897421e-12
       796        376768        9.66072083e-06    2.3585744204e-12
       797        380864        1.00135803e-05    2.4447217584e-12
       798        384960        1.04808807e-05    2.5588087739e-12
       799        389056        1.12628937e-05    2.7497299016e-12
       800        393152        1.12342834e-05    2.7427449823e-12
       801        397248        1.14536285e-05    2.7962960304e-12
       802        401344        1.15871429e-05    2.8288923205e-12
       803        405440        1.26552582e-05    3.0896626413e-12
       804        409536        1.27124786e-05    3.1036324800e-12
       805        413632        1.30367279e-05    3.1827948988e-12
       806        417728        1.33419037e-05    3.2573007048e-12
       807        421824        1.34468079e-05    3.2829120756e-12
       808        425920        1.37805939e-05    3.3644028008e-12
       809        430016        1.46102905e-05    3.5669654608e-12
       810        434112        1.47247314e-05    3.5949051380e-12
       811        438208        1.51538849e-05    3.6996789277e-12
       812        442304        1.56021118e-05    3.8091093302e-12
       813        446400        1.53923035e-05    3.7578865886e-12
       814        450496        1.57165527e-05    3.8370490074e-12
       815        454592        1.62029266e-05    3.9557926357e-12
       816        458688        1.69658661e-05    4.1420571505e-12
       817        462784        1.70612335e-05    4.1653402149e-12
       818        466880        1.70803070e-05    4.1699968278e-12
       819        470976        1.76811218e-05    4.3166801333e-12
       820        475072        1.74236298e-05    4.2538158595e-12
       821        479168        1.70898438e-05    4.1723251343e-12
       822        483264        1.69181824e-05    4.1304156184e-12
       823        487360        1.79481506e-05    4.3818727135e-12
       824        491456        1.62887573e-05    3.9767473936e-12
       825        495552        1.70898438e-05    4.1723251342e-12
       826        499648        1.58691406e-05    3.8743019104e-12
       827        503744        1.56974792e-05    3.8323923945e-12
       828        507840        1.49250031e-05    3.6437995732e-12
       829        511936        1.38759613e-05    3.3876858652e-12
       830        516032        1.35135651e-05    3.2992102206e-12
       831        520128        1.27410889e-05    3.1106173992e-12
       832        524224        1.18160248e-05    2.8847716749e-12
       833        532416        2.10094452e-05    2.5646295399e-12
       834        540608        1.58882141e-05    1.9394792616e-12
       835        548800        1.17874146e-05    1.4388933777e-12
       836        556992        9.01222229e-06    1.1001247912e-12
       837        565184        5.78880310e-06    7.0664100346e-13
       838        573376        3.21388245e-06    3.9231963457e-13
       839        581568        1.61170959e-06    1.9674189389e-13
       840        589760        1.02043152e-06    1.2456439435e-13
       841        597952        4.48226929e-07    5.4715201255e-14
       842        606144        1.33514404e-07    1.6298145053e-14
       843        614336        2.86102295e-08    3.4924596540e-15
       844        622528        2.86102295e-08    3.4924596540e-15
