         2             2        3.09766400e+02    3.0976639984e-01
         3             3        4.36646301e+01    4.3664630127e-02
         4             4        1.43798227e+01    1.4379822693e-02
         5             5        6.35899567e+00    6.3589956665e-03
         6             6        3.08508698e+00    3.0850869751e-03
         7             7        1.86519867e+00    1.8651986694e-03
         8             8        1.23739410e+00    1.2373941040e-03
         9             9        8.24599609e-01    8.2459960938e-04
        10            10        6.03724060e-01    6.0372406006e-04
        11            11        4.55630646e-01    4.5563064575e-04
        12            12        3.50781555e-01    3.5078155517e-04
        13            13        2.79803009e-01    2.7980300904e-04
        14            14        2.27187653e-01    2.2718765259e-04
        15            15        1.87609253e-01    1.8760925293e-04
        16            16        1.57692566e-01    1.5769256592e-04
        17            17        1.33746033e-01    1.3374603272e-04
        18            18        1.15152435e-01    1.1515243530e-04
        19            19        9.98397827e-02    9.9839782716e-05
        20            20        8.74072266e-02    8.7407226563e-05
        21            21        7.71630859e-02    7.7163085937e-05
        22            22        6.87489319e-02    6.8748931885e-05
        23            23        6.14605713e-02    6.1460571289e-05
        24            24        5.55503845e-02    5.5550384521e-05
        25            25        5.00102234e-02    5.0010223389e-05
        26            26        4.54692078e-02    4.5469207764e-05
        27            27        4.15756226e-02    4.1575622558e-05
        28            28        3.80696106e-02    3.8069610596e-05
        29            29        3.50901794e-02    3.5090179443e-05
        30            30        3.22047424e-02    3.2204742432e-05
        31            31        2.98757935e-02    2.9875793457e-05
        32            32        2.76818848e-02    2.7681884766e-05
        33            33        2.57296753e-02    2.5729675293e-05
        34            34        2.41119385e-02    2.4111938477e-05
        35            35        2.25033569e-02    2.2503356934e-05
        36            36        2.10951233e-02    2.1095123291e-05
        37            37        1.97923279e-02    1.9792327881e-05
        38            38        1.86434937e-02    1.8643493652e-05
        39            39        1.75460815e-02    1.7546081543e-05
        40            40        1.66316223e-02    1.6631622314e-05
        41            41        1.56727600e-02    1.5672760010e-05
        42            42        1.48568726e-02    1.4856872558e-05
        43            43        1.41444397e-02    1.4144439698e-05
        44            44        1.34327698e-02    1.3432769776e-05
        45            45        1.27243042e-02    1.2724304199e-05
        46            46        1.21304321e-02    1.2130432130e-05
        47            47        1.15202332e-02    1.1520233155e-05
        48            48        1.09449768e-02    1.0944976807e-05
        49            49        1.05616760e-02    1.0561676025e-05
        50            50        1.00924683e-02    1.0092468262e-05
        51            51        9.71054077e-03    9.7105407712e-06
        52            52        9.22348022e-03    9.2234802246e-06
        53            53        8.92868042e-03    8.9286804200e-06
        54            54        8.55270386e-03    8.5527038574e-06
        55            55        8.26736450e-03    8.2673645019e-06
        56            56        7.91687012e-03    7.9168701172e-06
        57            57        7.58117676e-03    7.5811767579e-06
        58            58        7.29461670e-03    7.2946166992e-06
        59            59        7.08999634e-03    7.0899963380e-06
        60            60        6.83563232e-03    6.8356323242e-06
        61            61        6.56494141e-03    6.5649414063e-06
        62            62        6.38198853e-03    6.3819885254e-06
        63            63        6.15356445e-03    6.1535644531e-06
        64            64        5.93292236e-03    5.9329223633e-06
        65            66        1.12658691e-02    5.6329345703e-06
        66            68        1.05938721e-02    5.2969360352e-06
        67            70        1.00396729e-02    5.0198364258e-06
        68            72        9.41802979e-03    4.7090148926e-06
        69            74        8.92196655e-03    4.4609832763e-06
        70            76        8.38806152e-03    4.1940307617e-06
        71            78        7.99133301e-03    3.9956665039e-06
        72            80        7.52151489e-03    3.7607574463e-06
        73            82        7.14981079e-03    3.5749053955e-06
        74            84        6.78863525e-03    3.3943176270e-06
        75            86        6.46789551e-03    3.2339477539e-06
        76            88        6.21841431e-03    3.1092071534e-06
        77            90        5.89904785e-03    2.9495239258e-06
        78            92        5.70129395e-03    2.8506469727e-06
        79            94        5.42846680e-03    2.7142333984e-06
        80            96        5.21759033e-03    2.6087951660e-06
        81            98        4.95315552e-03    2.4765777588e-06
        82           100        4.83779907e-03    2.4188995361e-06
        83           102        4.55963135e-03    2.2798156738e-06
        84           104        4.40795898e-03    2.2039794922e-06
        85           106        4.22531128e-03    2.1126556396e-06
        86           108        4.05715942e-03    2.0285797119e-06
        87           110        3.94622803e-03    1.9731140137e-06
        88           112        3.77838135e-03    1.8891906738e-06
        89           114        3.65203857e-03    1.8260192871e-06
        90           116        3.53393555e-03    1.7669677735e-06
        91           118        3.46694946e-03    1.7334747315e-06
        92           120        3.28430176e-03    1.6421508789e-06
        93           122        3.19992065e-03    1.5999603272e-06
        94           124        3.10516357e-03    1.5525817871e-06
        95           126        2.96691895e-03    1.4834594726e-06
        96           128        2.91488647e-03    1.4574432373e-06
        97           130        2.80563354e-03    1.4028167725e-06
        98           132        2.72842407e-03    1.3642120361e-06
        99           134        2.63381958e-03    1.3169097900e-06
       100           136        2.57659912e-03    1.2882995605e-06
       101           138        2.47207642e-03    1.2360382080e-06
       102           140        2.40859985e-03    1.2042999268e-06
       103           142        2.35870361e-03    1.1793518067e-06
       104           144        2.29415894e-03    1.1470794678e-06
       105           146        2.21252441e-03    1.1062622071e-06
       106           148        2.17147827e-03    1.0857391357e-06
       107           150        2.15240479e-03    1.0762023926e-06
       108           152        2.09777832e-03    1.0488891602e-06
       109           154        2.00698853e-03    1.0034942627e-06
       110           156        1.98181152e-03    9.9090576173e-07
       111           158        1.93222046e-03    9.6611022950e-07
       112           160        1.89025879e-03    9.4512939454e-07
       113           162        1.80847168e-03    9.0423583985e-07
       114           164        1.78802490e-03    8.9401245116e-07
       115           166        1.73568726e-03    8.6784362793e-07
       116           168        1.69082642e-03    8.4541320801e-07
       117           170        1.63650513e-03    8.1825256346e-07
       118           172        1.59271240e-03    7.9635620117e-07
       119           174        1.56219482e-03    7.8109741211e-07
       120           176        1.55548096e-03    7.7774047852e-07
       121           178        1.52786255e-03    7.6393127442e-07
       122           180        1.48910522e-03    7.4455261230e-07
       123           182        1.45919800e-03    7.2959899902e-07
       124           184        1.42776489e-03    7.1388244629e-07
       125           186        1.37756348e-03    6.8878173828e-07
       126           188        1.34857178e-03    6.7428588867e-07
       127           190        1.33621216e-03    6.6810607909e-07
       128           192        1.29837036e-03    6.4918518067e-07
       129           196        2.52349854e-03    6.3087463379e-07
       130           200        2.43469238e-03    6.0867309571e-07
       131           204        2.30834961e-03    5.7708740235e-07
       132           208        2.28652954e-03    5.7163238526e-07
       133           212        2.18002319e-03    5.4500579834e-07
       134           216        2.07778931e-03    5.1944732666e-07
       135           220        2.00561523e-03    5.0140380860e-07
       136           224        1.93344116e-03    4.8336029053e-07
       137           228        1.88003540e-03    4.7000885010e-07
       138           232        1.83258057e-03    4.5814514160e-07
       139           236        1.79199219e-03    4.4799804688e-07
       140           240        1.74011230e-03    4.3502807617e-07
       141           244        1.64108276e-03    4.1027069092e-07
       142           248        1.62811279e-03    4.0702819824e-07
       143           252        1.52862549e-03    3.8215637207e-07
       144           256        1.48071289e-03    3.7017822266e-07
       145           260        1.44393921e-03    3.6098480224e-07
       146           264        1.42272949e-03    3.5568237305e-07
       147           268        1.39785767e-03    3.4946441650e-07
       148           272        1.30035400e-03    3.2508850098e-07
       149           276        1.29577637e-03    3.2394409180e-07
       150           280        1.30096436e-03    3.2524108887e-07
       151           284        1.23779297e-03    3.0944824219e-07
       152           288        1.18682861e-03    2.9670715332e-07
       153           292        1.17660522e-03    2.9415130616e-07
       154           296        1.13311768e-03    2.8327941896e-07
       155           300        1.10153198e-03    2.7538299561e-07
       156           304        1.07360840e-03    2.6840209961e-07
       157           308        1.05255127e-03    2.6313781739e-07
       158           312        1.02493286e-03    2.5623321533e-07
       159           316        9.89837646e-04    2.4745941162e-07
       160           320        9.79003906e-04    2.4475097656e-07
       161           324        9.52453613e-04    2.3811340332e-07
       162           328        9.12780762e-04    2.2819519043e-07
       163           332        9.02099609e-04    2.2552490234e-07
       164           336        8.91723633e-04    2.2293090820e-07
       165           340        8.81347656e-04    2.2033691406e-07
       166           344        8.48999023e-04    2.1224975586e-07
       167           348        8.29162598e-04    2.0729064941e-07
       168           352        8.17718506e-04    2.0442962647e-07
       169           356        7.94219971e-04    1.9855499268e-07
       170           360        7.86132812e-04    1.9653320313e-07
       171           364        7.64617920e-04    1.9115447998e-07
       172           368        7.53173828e-04    1.8829345704e-07
       173           372        7.30590820e-04    1.8264770508e-07
       174           376        7.12738037e-04    1.7818450927e-07
       175           380        7.08465576e-04    1.7711639405e-07
       176           384        6.88476562e-04    1.7211914063e-07
       177           388        6.86340332e-04    1.7158508302e-07
       178           392        6.55059814e-04    1.6376495362e-07
       179           396        6.60552979e-04    1.6513824463e-07
       180           400        6.38580322e-04    1.5964508058e-07
       181           404        6.29730225e-04    1.5743255616e-07
       182           408        6.24084473e-04    1.5602111817e-07
       183           412        5.95092773e-04    1.4877319336e-07
       184           416        5.96008301e-04    1.4900207520e-07
       185           420        5.80749512e-04    1.4518737794e-07
       186           424        5.83190918e-04    1.4579772950e-07
       187           428        5.67474365e-04    1.4186859131e-07
       188           432        5.55725098e-04    1.3893127442e-07
       189           436        5.45959473e-04    1.3648986817e-07
       190           440        5.37261963e-04    1.3431549073e-07
       191           444        5.15441895e-04    1.2886047364e-07
       192           448        5.01861572e-04    1.2546539306e-07
       193           456        9.79919434e-04    1.2248992920e-07
       194           464        9.64508057e-04    1.2056350708e-07
       195           472        9.44061279e-04    1.1800765992e-07
       196           480        8.98590088e-04    1.1232376098e-07
       197           488        8.91113281e-04    1.1138916015e-07
       198           496        8.61053467e-04    1.0763168334e-07
       199           504        8.43811035e-04    1.0547637939e-07
       200           512        7.92999268e-04    9.9124908443e-08
       201           520        7.75451660e-04    9.6931457518e-08
       202           528        7.65533447e-04    9.5691680906e-08
       203           536        7.29675293e-04    9.1209411620e-08
       204           544        7.27844238e-04    9.0980529783e-08
       205           552        7.04650879e-04    8.8081359862e-08
       206           560        6.64367676e-04    8.3045959474e-08
       207           568        6.69403076e-04    8.3675384521e-08
       208           576        6.38427734e-04    7.9803466796e-08
       209           584        6.27593994e-04    7.8449249268e-08
       210           592        6.00280762e-04    7.5035095215e-08
       211           600        5.88073730e-04    7.3509216309e-08
       212           608        5.73577881e-04    7.1697235108e-08
       213           616        5.70678711e-04    7.1334838867e-08
       214           624        5.66711426e-04    7.0838928223e-08
       215           632        5.47790527e-04    6.8473815918e-08
       216           640        5.29479980e-04    6.6184997559e-08
       217           648        5.12542725e-04    6.4067840576e-08
       218           656        5.06896973e-04    6.3362121582e-08
       219           664        5.05676270e-04    6.3209533691e-08
       220           672        4.66308594e-04    5.8288574219e-08
       221           680        4.63256836e-04    5.7907104492e-08
       222           688        4.55474854e-04    5.6934356689e-08
       223           696        4.53796387e-04    5.6724548339e-08
       224           704        4.43115234e-04    5.5389404296e-08
       225           712        4.30297852e-04    5.3787231445e-08
       226           720        4.21295166e-04    5.2661895752e-08
       227           728        4.20989990e-04    5.2623748779e-08
       228           736        4.13360596e-04    5.1670074463e-08
       229           744        3.90930176e-04    4.8866271973e-08
       230           752        3.83453369e-04    4.7931671142e-08
       231           760        3.69567871e-04    4.6195983887e-08
       232           768        3.64379883e-04    4.5547485352e-08
       233           776        3.71704102e-04    4.6463012695e-08
       234           784        3.54614258e-04    4.4326782227e-08
       235           792        3.48663330e-04    4.3582916260e-08
       236           800        3.38439941e-04    4.2304992676e-08
       237           808        3.34625244e-04    4.1828155518e-08
       238           816        3.19824219e-04    3.9978027344e-08
       239           824        3.12805176e-04    3.9100646973e-08
       240           832        3.21044922e-04    4.0130615234e-08
       241           840        3.15704346e-04    3.9463043213e-08
       242           848        2.99835205e-04    3.7479400636e-08
       243           856        3.01513672e-04    3.7689208985e-08
       244           864        3.10516357e-04    3.8814544678e-08
       245           872        2.81677246e-04    3.5209655762e-08
       246           880        2.87475586e-04    3.5934448242e-08
       247           888        2.80914307e-04    3.5114288330e-08
       248           896        2.71453857e-04    3.3931732178e-08
       249           904        2.84576416e-04    3.5572052002e-08
       250           912        2.62451172e-04    3.2806396485e-08
       251           920        2.68096924e-04    3.3512115479e-08
       252           928        2.51617432e-04    3.1452178956e-08
       253           936        2.60162354e-04    3.2520294190e-08
       254           944        2.58178711e-04    3.2272338868e-08
       255           952        2.43377686e-04    3.0422210694e-08
       256           960        2.37274170e-04    2.9659271241e-08
       257           976        4.64324951e-04    2.9020309449e-08
       258           992        4.63256836e-04    2.8953552247e-08
       259          1008        4.47082520e-04    2.7942657471e-08
       260          1024        4.37164307e-04    2.7322769166e-08
       261          1040        4.34112549e-04    2.7132034302e-08
       262          1056        4.08325195e-04    2.5520324707e-08
       263          1072        4.07257080e-04    2.5453567505e-08
       264          1088        3.85131836e-04    2.4070739746e-08
       265          1104        3.71551514e-04    2.3221969605e-08
       266          1120        3.58734131e-04    2.2420883179e-08
       267          1136        3.54614258e-04    2.2163391113e-08
       268          1152        3.39965820e-04    2.1247863770e-08
       269          1168        3.44696045e-04    2.1543502808e-08
       270          1184        3.30505371e-04    2.0656585693e-08
       271          1200        3.15093994e-04    1.9693374634e-08
       272          1216        3.11889648e-04    1.9493103028e-08
       273          1232        3.07312012e-04    1.9207000733e-08
       274          1248        2.94494629e-04    1.8405914307e-08
       275          1264        2.81829834e-04    1.7614364624e-08
       276          1280        2.85644531e-04    1.7852783204e-08
       277          1296        2.83203125e-04    1.7700195313e-08
       278          1312        2.67639160e-04    1.6727447511e-08
       279          1328        2.57110596e-04    1.6069412232e-08
       280          1344        2.51617432e-04    1.5726089478e-08
       281          1360        2.47955322e-04    1.5497207642e-08
       282          1376        2.40631104e-04    1.5039443970e-08
       283          1392        2.39105225e-04    1.4944076538e-08
       284          1408        2.35595703e-04    1.4724731446e-08
       285          1424        2.31170654e-04    1.4448165894e-08
       286          1440        2.27966309e-04    1.4247894288e-08
       287          1456        2.20794678e-04    1.3799667358e-08
       288          1472        2.14233398e-04    1.3389587403e-08
       289          1488        2.07824707e-04    1.2989044190e-08
       290          1504        2.15454102e-04    1.3465881348e-08
       291          1520        2.02941895e-04    1.2683868408e-08
       292          1536        2.03399658e-04    1.2712478638e-08
       293          1552        1.97448730e-04    1.2340545655e-08
       294          1568        1.93023682e-04    1.2063980103e-08
       295          1584        1.84020996e-04    1.1501312256e-08
       296          1600        1.70898438e-04    1.0681152344e-08
       297          1616        1.84020996e-04    1.1501312256e-08
       298          1632        1.76086426e-04    1.1005401612e-08
       299          1648        1.64794922e-04    1.0299682618e-08
       300          1664        1.67541504e-04    1.0471343994e-08
       301          1680        1.62811279e-04    1.0175704956e-08
       302          1696        1.69067383e-04    1.0566711426e-08
       303          1712        1.56860352e-04    9.8037719726e-09
       304          1728        1.57623291e-04    9.8514556887e-09
       305          1744        1.65405273e-04    1.0337829590e-08
       306          1760        1.53656006e-04    9.6035003662e-09
       307          1776        1.44958496e-04    9.0599060059e-09
       308          1792        1.46636963e-04    9.1648101809e-09
       309          1808        1.46636963e-04    9.1648101810e-09
       310          1824        1.42364502e-04    8.8977813722e-09
       311          1840        1.36413574e-04    8.5258483888e-09
       312          1856        1.33972168e-04    8.3732604979e-09
       313          1872        1.40991211e-04    8.8119506836e-09
       314          1888        1.32293701e-04    8.2683563235e-09
       315          1904        1.26647949e-04    7.9154968263e-09
       316          1920        1.20697021e-04    7.5435638427e-09
       317          1936        1.21765137e-04    7.6103210448e-09
       318          1952        1.20544434e-04    7.5340270994e-09
       319          1968        1.22070312e-04    7.6293945315e-09
       320          1984        1.18408203e-04    7.4005126954e-09
       321          2016        2.29949951e-04    7.1859359741e-09
       322          2048        2.27355957e-04    7.1048736572e-09
       323          2080        2.21557617e-04    6.9236755370e-09
       324          2112        2.14691162e-04    6.7090988159e-09
       325          2144        2.17132568e-04    6.7853927611e-09
       326          2176        2.06146240e-04    6.4420700073e-09
       327          2208        2.01263428e-04    6.2894821167e-09
       328          2240        1.95617676e-04    6.1130523682e-09
       329          2272        1.85699463e-04    5.8031082154e-09
       330          2304        1.77459717e-04    5.5456161499e-09
       331          2336        1.77612305e-04    5.5503845215e-09
       332          2368        1.66778564e-04    5.2118301391e-09
       333          2400        1.62048340e-04    5.0640106201e-09
       334          2432        1.65557861e-04    5.1736831664e-09
       335          2464        1.53350830e-04    4.7922134399e-09
       336          2496        1.48773193e-04    4.6491622925e-09
       337          2528        1.51672363e-04    4.7397613525e-09
       338          2560        1.52740479e-04    4.7731399536e-09
       339          2592        1.47857666e-04    4.6205520630e-09
       340          2624        1.39617920e-04    4.3630599975e-09
       341          2656        1.39617920e-04    4.3630599975e-09
       342          2688        1.33056641e-04    4.1580200195e-09
       343          2720        1.33056641e-04    4.1580200195e-09
       344          2752        1.33666992e-04    4.1770935059e-09
       345          2784        1.19781494e-04    3.7431716919e-09
       346          2816        1.17645264e-04    3.6764144897e-09
       347          2848        1.18408203e-04    3.7002563476e-09
       348          2880        1.09405518e-04    3.4189224243e-09
       349          2912        1.12457275e-04    3.5142898559e-09
       350          2944        1.10626221e-04    3.4570693970e-09
       351          2976        1.09100342e-04    3.4093856811e-09
       352          3008        1.04217529e-04    3.2567977905e-09
       353          3040        1.06506348e-04    3.3283233642e-09
       354          3072        1.00708008e-04    3.1471252441e-09
       355          3104        9.18579102e-05    2.8705596924e-09
       356          3136        9.61303711e-05    3.0040740967e-09
       357          3168        1.04217529e-04    3.2567977905e-09
       358          3200        1.00555420e-04    3.1423568725e-09
       359          3232        9.62829590e-05    3.0088424683e-09
       360          3264        9.52148437e-05    2.9754638672e-09
       361          3296        8.33129883e-05    2.6035308838e-09
       362          3328        8.83483887e-05    2.7608871460e-09
       363          3360        8.86535645e-05    2.7704238892e-09
       364          3392        9.24682617e-05    2.8896331788e-09
       365          3424        8.66699219e-05    2.7084350586e-09
       366          3456        8.40759277e-05    2.6273727417e-09
       367          3488        8.07189941e-05    2.5224685669e-09
       368          3520        7.84301758e-05    2.4509429932e-09
       369          3552        7.38525391e-05    2.3078918457e-09
       370          3584        7.72094727e-05    2.4127960206e-09
       371          3616        6.88171387e-05    2.1505355836e-09
       372          3648        6.88171387e-05    2.1505355835e-09
       373          3680        6.63757324e-05    2.0742416382e-09
       374          3712        7.04956055e-05    2.2029876710e-09
       375          3744        6.71386719e-05    2.0980834962e-09
       376          3776        6.30187988e-05    1.9693374635e-09
       377          3808        6.17980957e-05    1.9311904908e-09
       378          3840        6.80541992e-05    2.1266937256e-09
       379          3872        6.43920898e-05    2.0122528077e-09
       380          3904        6.56127930e-05    2.0503997803e-09
       381          3936        6.25610352e-05    1.9550323487e-09
       382          3968        6.63757324e-05    2.0742416383e-09
       383          4000        5.92041016e-05    1.8501281739e-09
       384          4032        6.21032715e-05    1.9407272339e-09
       385          4096        1.09710693e-04    1.7142295839e-09
       386          4160        1.11389160e-04    1.7404556276e-09
       387          4224        1.05133057e-04    1.6427040102e-09
       388          4288        9.97924805e-05    1.5592575075e-09
       389          4352        1.08032227e-04    1.6880035402e-09
       390          4416        9.39941406e-05    1.4686584475e-09
       391          4480        1.05590820e-04    1.6498565675e-09
       392          4544        9.42993164e-05    1.4734268190e-09
       393          4608        8.68225098e-05    1.3566017153e-09
       394          4672        8.49914551e-05    1.3279914858e-09
       395          4736        8.60595703e-05    1.3446807863e-09
       396          4800        8.39233398e-05    1.3113021853e-09
       397          4864        7.73620605e-05    1.2087821963e-09
       398          4928        8.36181641e-05    1.3065338137e-09
       399          4992        7.18688965e-05    1.1229515077e-09
       400          5056        6.82067871e-05    1.0657310488e-09
       401          5120        7.06481934e-05    1.1038780214e-09
       402          5184        7.14111328e-05    1.1157989503e-09
       403          5248        7.32421875e-05    1.1444091799e-09
       404          5312        7.12585449e-05    1.1134147646e-09
       405          5376        6.74438477e-05    1.0538101198e-09
       406          5440        6.51550293e-05    1.0180473329e-09
       407          5504        6.77490234e-05    1.0585784914e-09
       408          5568        6.16455078e-05    9.6321105973e-10
       409          5632        6.25610352e-05    9.7751617443e-10
       410          5696        6.01196289e-05    9.3936920181e-10
       411          5760        5.81359863e-05    9.0837478651e-10
       412          5824        5.87463379e-05    9.1791152966e-10
       413          5888        5.43212891e-05    8.4877014169e-10
       414          5952        5.38635254e-05    8.4161758432e-10
       415          6016        5.18798828e-05    8.1062316904e-10
       416          6080        5.21850586e-05    8.1539154065e-10
       417          6144        5.23376465e-05    8.1777572640e-10
       418          6208        5.85937500e-05    9.1552734388e-10
       419          6272        4.76074219e-05    7.4386596688e-10
       420          6336        4.60815430e-05    7.2002410895e-10
       421          6400        4.82177734e-05    7.5340271005e-10
       422          6464        4.50134277e-05    7.0333480843e-10
       423          6528        5.00488281e-05    7.8201293952e-10
       424          6592        4.97436523e-05    7.7724456796e-10
       425          6656        4.10461426e-05    6.4134597784e-10
       426          6720        4.25720215e-05    6.6518783574e-10
       427          6784        4.36401367e-05    6.8187713630e-10
       428          6848        4.21142578e-05    6.5803527839e-10
       429          6912        3.79943848e-05    5.9366226201e-10
       430          6976        4.01306152e-05    6.2704086311e-10
       431          7040        4.53186035e-05    7.0810318000e-10
       432          7104        3.58581543e-05    5.6028366092e-10
       433          7168        3.87573242e-05    6.0558319097e-10
       434          7232        3.11279297e-05    4.8637390140e-10
       435          7296        3.35693359e-05    5.2452087406e-10
       436          7360        3.76892090e-05    5.8889389042e-10
       437          7424        3.44848633e-05    5.3882598880e-10
       438          7488        4.05883789e-05    6.3419342044e-10
       439          7552        3.52478027e-05    5.5074691776e-10
       440          7616        3.47900391e-05    5.4359436037e-10
       441          7680        3.44848633e-05    5.3882598880e-10
       442          7744        2.99072266e-05    4.6730041507e-10
       443          7808        3.29589844e-05    5.1498413090e-10
       444          7872        3.17382812e-05    4.9591064456e-10
       445          7936        2.48718262e-05    3.8862228394e-10
       446          8000        3.31115723e-05    5.1736831669e-10
       447          8064        3.12805176e-05    4.8875808718e-10
       448          8128        3.35693359e-05    5.2452087405e-10
       449          8256        5.85937500e-05    4.5776367190e-10
       450          8384        5.79833984e-05    4.5299530032e-10
       451          8512        5.72204590e-05    4.4703483584e-10
       452          8640        5.34057617e-05    4.1723251345e-10
       453          8768        5.11169434e-05    3.9935112002e-10
       454          8896        5.08117676e-05    3.9696693423e-10
       455          9024        5.09643555e-05    3.9815902712e-10
       456          9152        4.68444824e-05    3.6597251894e-10
       457          9280        4.42504883e-05    3.4570693972e-10
       458          9408        4.36401367e-05    3.4093856813e-10
       459          9536        4.04357910e-05    3.1590461733e-10
       460          9664        4.27246094e-05    3.3378601077e-10
       461          9792        3.46374512e-05    2.7060508730e-10
       462          9920        3.63159180e-05    2.8371810915e-10
       463         10048        3.57055664e-05    2.7894973757e-10
       464         10176        3.34167480e-05    2.6106834413e-10
       465         10304        4.34875488e-05    3.3974647524e-10
       466         10432        3.93676758e-05    3.0755996707e-10
       467         10560        3.95202637e-05    3.0875205996e-10
       468         10688        3.44848633e-05    2.6941299440e-10
       469         10816        3.69262695e-05    2.8848648074e-10
       470         10944        3.03649902e-05    2.3722648623e-10
       471         11072        3.55529785e-05    2.7775764468e-10
       472         11200        3.03649902e-05    2.3722648623e-10
       473         11328        3.09753418e-05    2.4199485781e-10
       474         11456        3.26538086e-05    2.5510787966e-10
       475         11584        2.92968750e-05    2.2888183596e-10
       476         11712        2.83813477e-05    2.2172927859e-10
       477         11840        2.74658203e-05    2.1457672121e-10
       478         11968        3.09753418e-05    2.4199485781e-10
       479         12096        2.48718262e-05    1.9431114199e-10
       480         12224        2.65502930e-05    2.0742416384e-10
       481         12352        2.73132324e-05    2.1338462832e-10
       482         12480        2.59399414e-05    2.0265579226e-10
       483         12608        2.76184082e-05    2.1576881411e-10
       484         12736        2.63977051e-05    2.0623207095e-10
       485         12864        2.85339355e-05    2.2292137148e-10
       486         12992        2.74658203e-05    2.1457672122e-10
       487         13120        2.77709961e-05    2.1696090700e-10
       488         13248        2.59399414e-05    2.0265579226e-10
       489         13376        2.71606445e-05    2.1219253543e-10
       490         13504        2.65502930e-05    2.0742416384e-10
       491         13632        2.94494629e-05    2.3007392886e-10
       492         13760        2.18200684e-05    1.7046928408e-10
       493         13888        2.68554687e-05    2.0980834963e-10
       494         14016        2.60925293e-05    2.0384788516e-10
       495         14144        2.34985352e-05    1.8358230593e-10
       496         14272        2.38037109e-05    1.8596649172e-10
       497         14400        2.18200684e-05    1.7046928408e-10
       498         14528        2.76184082e-05    2.1576881411e-10
       499         14656        2.25830078e-05    1.7642974856e-10
       500         14784        2.21252441e-05    1.7285346987e-10
       501         14912        2.57873535e-05    2.0146369937e-10
       502         15040        2.51770020e-05    1.9669532778e-10
       503         15168        2.71606445e-05    2.1219253543e-10
       504         15296        2.28881836e-05    1.7881393434e-10
       505         15424        2.54821777e-05    1.9907951357e-10
       506         15552        2.68554687e-05    2.0980834963e-10
       507         15680        2.24304199e-05    1.7523765566e-10
       508         15808        2.48718262e-05    1.9431114200e-10
       509         15936        2.48718262e-05    1.9431114199e-10
       510         16064        2.27355957e-05    1.7762184145e-10
       511         16192        2.48718262e-05    1.9431114199e-10
       512         16320        2.27355957e-05    1.7762184145e-10
       513         16576        4.92858887e-05    1.9252300263e-10
       514         16832        5.06591797e-05    1.9788742066e-10
       515         17088        4.86755371e-05    1.9013881684e-10
       516         17344        4.68444824e-05    1.8298625947e-10
       517         17600        4.65393066e-05    1.8179416657e-10
       518         17856        5.02014160e-05    1.9609928132e-10
       519         18112        4.59289551e-05    1.7940998078e-10
       520         18368        5.09643555e-05    1.9907951356e-10
       521         18624        5.09643555e-05    1.9907951356e-10
       522         18880        4.83703613e-05    1.8894672395e-10
       523         19136        4.76074219e-05    1.8596649171e-10
       524         19392        5.40161133e-05    2.1100044252e-10
       525         19648        5.03540039e-05    1.9669532777e-10
       526         19904        5.52368164e-05    2.1576881409e-10
       527         20160        4.95910645e-05    1.9371509553e-10
       528         20416        5.87463379e-05    2.2947788240e-10
       529         20672        5.85937500e-05    2.2888183594e-10
       530         20928        5.55419922e-05    2.1696090700e-10
       531         21184        6.17980957e-05    2.4139881135e-10
       532         21440        6.24084473e-05    2.4378299714e-10
       533         21696        6.79016113e-05    2.6524066927e-10
       534         21952        6.53076172e-05    2.5510787965e-10
       535         22208        6.53076172e-05    2.5510787965e-10
       536         22464        6.92749023e-05    2.7060508729e-10
       537         22720        7.15637207e-05    2.7954578401e-10
       538         22976        7.30895996e-05    2.8550624849e-10
       539         23232        7.12585449e-05    2.7835369111e-10
       540         23488        6.83593750e-05    2.6702880860e-10
       541         23744        7.93457031e-05    3.0994415284e-10
       542         24000        7.64465332e-05    2.9861927033e-10
       543         24256        7.85827637e-05    3.0696392060e-10
       544         24512        7.69042969e-05    3.0040740968e-10
       545         24768        8.51440430e-05    3.3259391785e-10
       546         25024        8.31604004e-05    3.2484531403e-10
       547         25280        9.42993164e-05    3.6835670472e-10
       548         25536        9.09423828e-05    3.5524368287e-10
       549         25792        8.69750977e-05    3.3974647523e-10
       550         26048        9.96398926e-05    3.8921833039e-10
       551         26304        9.03320313e-05    3.5285949708e-10
       552         26560        1.05133057e-04    4.1067600251e-10
       553         26816        1.00402832e-04    3.9219856263e-10
       554         27072        1.04370117e-04    4.0769577027e-10
       555         27328        1.07116699e-04    4.1842460634e-10
       556         27584        1.02844238e-04    4.0173530580e-10
       557         27840        1.17340088e-04    4.5835971833e-10
       558         28096        1.16577148e-04    4.5537948610e-10
       559         28352        1.19476318e-04    4.6670436860e-10
       560         28608        1.24816895e-04    4.8756599427e-10
       561         28864        1.31378174e-04    5.1319599152e-10
       562         29120        1.28631592e-04    5.0246715546e-10
       563         29376        1.27410889e-04    4.9769878388e-10
       564         29632        1.37786865e-04    5.3822994233e-10
       565         29888        1.47399902e-04    5.7578086854e-10
       566         30144        1.45263672e-04    5.6743621827e-10
       567         30400        1.52587891e-04    5.9604644777e-10
       568         30656        1.44348145e-04    5.6385993958e-10
       569         30912        1.57470703e-04    6.1511993409e-10
       570         31168        1.59759521e-04    6.2406063080e-10
       571         31424        1.71051025e-04    6.6816806794e-10
       572         31680        1.63574219e-04    6.3896179200e-10
       573         31936        1.68304443e-04    6.5743923188e-10
       574         32192        1.75476074e-04    6.8545341493e-10
       575         32448        1.78070068e-04    6.9558620455e-10
       576         32704        1.90124512e-04    7.4267387391e-10
       577         33216        3.64379883e-04    7.1167945861e-10
       578         33728        3.80401611e-04    7.4297189713e-10
       579         34240        3.99475098e-04    7.8022480012e-10
       580         34752        4.25872803e-04    8.3178281784e-10
       581         35264        4.20989990e-04    8.2224607470e-10
       582         35776        4.29382324e-04    8.3863735199e-10
       583         36288        4.53796387e-04    8.8632106782e-10
       584         36800        4.52728271e-04    8.8423490525e-10
       585         37312        4.36248779e-04    8.5204839709e-10
       586         37824        4.45098877e-04    8.6933374406e-10
       587         38336        4.14123535e-04    8.0883502961e-10
       588         38848        4.08935547e-04    7.9870223998e-10
       589         39360        3.78875732e-04    7.3999166489e-10
       590         39872        3.62548828e-04    7.0810317993e-10
       591         40384        3.20281982e-04    6.2555074692e-10
       592         40896        2.91595459e-04    5.6952238083e-10
       593         41408        2.47344971e-04    4.8309564591e-10
       594         41920        2.20336914e-04    4.3034553528e-10
       595         42432        1.79290771e-04    3.5017728806e-10
       596         42944        1.49841309e-04    2.9265880585e-10
       597         43456        1.11389160e-04    2.1755695343e-10
       598         43968        9.20104980e-05    1.7970800400e-10
       599         44480        6.22558594e-05    1.2159347534e-10
       600         44992        4.10461426e-05    8.0168247228e-11
       601         45504        3.17382812e-05    6.1988830571e-11
       602         46016        2.16674805e-05    4.2319297793e-11
       603         46528        8.39233398e-06    1.6391277314e-11
       604         47040        7.93457031e-06    1.5497207643e-11
       605         47552        4.88281250e-06    9.5367431648e-12
       606         48064        1.06811523e-06    2.0861625673e-12
       607         48576        1.06811523e-06    2.0861625673e-12
       608         49088        3.05175781e-07    5.9604644780e-13
       609         49600        0.00000000e+00    0.0000000000e+00
       610         50112        0.00000000e+00    0.0000000000e+00
       611         50624        0.00000000e+00    0.0000000000e+00
       612         51136        1.52587891e-07    2.9802322390e-13
