         1      -0.0762939453      6.0671403126e+04
         2      -0.0761413574      6.0653147942e+04
         3      -0.0759887695      6.0634850784e+04
         4      -0.0758361816      6.0616495414e+04
         5      -0.0756835938      6.0598084283e+04
         6      -0.0755310059      6.0579606076e+04
         7      -0.0753784180      6.0561080429e+04
         8      -0.0752258301      6.0542510263e+04
         9      -0.0750732422      6.0523887683e+04
        10      -0.0749206543      6.0505200091e+04
        11      -0.0747680664      6.0486454865e+04
        12      -0.0746154785      6.0467663411e+04
        13      -0.0744628906      6.0448821037e+04
        14      -0.0743103027      6.0429919808e+04
        15      -0.0741577148      6.0410969362e+04
        16      -0.0740051270      6.0391959699e+04
        17      -0.0738525391      6.0372893075e+04
        18      -0.0736999512      6.0353766378e+04
        19      -0.0735473633      6.0334581845e+04
        20      -0.0733947754      6.0315335945e+04
        21      -0.0732421875      6.0296036395e+04
        22      -0.0730895996      6.0276686354e+04
        23      -0.0729370117      6.0257279030e+04
        24      -0.0727844238      6.0237817690e+04
        25      -0.0726318359      6.0218288646e+04
        26      -0.0724792480      6.0198709772e+04
        27      -0.0723266602      6.0179074070e+04
        28      -0.0721740723      6.0159382368e+04
        29      -0.0720214844      6.0139630081e+04
        30      -0.0718688965      6.0119815517e+04
        31      -0.0717163086      6.0099943408e+04
        32      -0.0715637207      6.0080018945e+04
        33      -0.0714111328      6.0060029614e+04
        34      -0.0712585449      6.0039986695e+04
        35      -0.0711059570      6.0019880273e+04
        36      -0.0709533691      5.9999720831e+04
        37      -0.0708007812      5.9979494826e+04
        38      -0.0706481934      5.9959209379e+04
        39      -0.0704956055      5.9938860641e+04
        40      -0.0703430176      5.9918461057e+04
        41      -0.0701904297      5.9897999780e+04
        42      -0.0700378418      5.9877476409e+04
        43      -0.0698852539      5.9856888746e+04
        44      -0.0697326660      5.9836242391e+04
        45      -0.0695800781      5.9815529824e+04
        46      -0.0694274902      5.9794767785e+04
        47      -0.0692749023      5.9773939520e+04
        48      -0.0691223145      5.9753048971e+04
        49      -0.0689697266      5.9732089655e+04
        50      -0.0688171387      5.9711074492e+04
        51      -0.0686645508      5.9689993114e+04
        52      -0.0685119629      5.9668861737e+04
        53      -0.0683593750      5.9647649865e+04
        54      -0.0682067871      5.9626363960e+04
        55      -0.0680541992      5.9605026393e+04
        56      -0.0679016113      5.9583622421e+04
        57      -0.0677490234      5.9562158018e+04
        58      -0.0675964355      5.9540619356e+04
        59      -0.0674438477      5.9519010024e+04
        60      -0.0672912598      5.9497343752e+04
        61      -0.0671386719      5.9475605756e+04
        62      -0.0669860840      5.9453816222e+04
        63      -0.0668334961      5.9431953434e+04
        64      -0.0666809082      5.9410030828e+04
        65      -0.0665283203      5.9388041615e+04
        66      -0.0663757324      5.9365973738e+04
        67      -0.0662231445      5.9343843860e+04
        68      -0.0660705566      5.9321646762e+04
        69      -0.0659179688      5.9299374542e+04
        70      -0.0657653809      5.9277038073e+04
        71      -0.0656127930      5.9254638568e+04
        72      -0.0654602051      5.9232168453e+04
        73      -0.0653076172      5.9209625247e+04
        74      -0.0651550293      5.9187020926e+04
        75      -0.0650024414      5.9164351737e+04
        76      -0.0648498535      5.9141590791e+04
        77      -0.0646972656      5.9118774802e+04
        78      -0.0645446777      5.9095892510e+04
        79      -0.0643920898      5.9072935382e+04
        80      -0.0642395020      5.9049906956e+04
        81      -0.0640869141      5.9026808652e+04
        82      -0.0639343262      5.9003631934e+04
        83      -0.0637817383      5.8980382653e+04
        84      -0.0636291504      5.8957066902e+04
        85      -0.0634765625      5.8933681386e+04
        86      -0.0633239746      5.8910208360e+04
        87      -0.0631713867      5.8886675698e+04
        88      -0.0630187988      5.8863069551e+04
        89      -0.0628662109      5.8839375959e+04
        90      -0.0627136230      5.8815612806e+04
        91      -0.0625610352      5.8791778773e+04
        92      -0.0624084473      5.8767874757e+04
        93      -0.0622558594      5.8743899570e+04
        94      -0.0621032715      5.8719843686e+04
        95      -0.0619506836      5.8695710610e+04
        96      -0.0617980957      5.8671511111e+04
        97      -0.0616455078      5.8647217889e+04
        98      -0.0614929199      5.8622849957e+04
        99      -0.0613403320      5.8598396742e+04
       100      -0.0611877441      5.8573874608e+04
       101      -0.0610351562      5.8549275049e+04
       102      -0.0608825684      5.8524598311e+04
       103      -0.0607299805      5.8499847813e+04
       104      -0.0605773926      5.8475014126e+04
       105      -0.0604248047      5.8450092465e+04
       106      -0.0602722168      5.8425099251e+04
       107      -0.0601196289      5.8400027861e+04
       108      -0.0599670410      5.8374872691e+04
       109      -0.0598144531      5.8349624989e+04
       110      -0.0596618652      5.8324304168e+04
       111      -0.0595092773      5.8298898920e+04
       112      -0.0593566895      5.8273408579e+04
       113      -0.0592041016      5.8247839598e+04
       114      -0.0590515137      5.8222186801e+04
       115      -0.0588989258      5.8196438012e+04
       116      -0.0587463379      5.8170625319e+04
       117      -0.0585937500      5.8144718523e+04
       118      -0.0584411621      5.8118743770e+04
       119      -0.0582885742      5.8092663839e+04
       120      -0.0581359863      5.8066502050e+04
       121      -0.0579833984      5.8040258091e+04
       122      -0.0578308105      5.8013931249e+04
       123      -0.0576782227      5.7987514278e+04
       124      -0.0575256348      5.7961012852e+04
       125      -0.0573730469      5.7934417927e+04
       126      -0.0572204590      5.7907739607e+04
       127      -0.0570678711      5.7880965574e+04
       128      -0.0569152832      5.7854108942e+04
       129      -0.0567626953      5.7827166554e+04
       130      -0.0566101074      5.7800129192e+04
       131      -0.0564575195      5.7773006118e+04
       132      -0.0563049316      5.7745779454e+04
       133      -0.0561523438      5.7718468412e+04
       134      -0.0559997559      5.7691063550e+04
       135      -0.0558471680      5.7663561853e+04
       136      -0.0556945801      5.7635967577e+04
       137      -0.0555419922      5.7608289196e+04
       138      -0.0553894043      5.7580524767e+04
       139      -0.0552368164      5.7552658918e+04
       140      -0.0550842285      5.7524692090e+04
       141      -0.0549316406      5.7496622103e+04
       142      -0.0547790527      5.7468462521e+04
       143      -0.0546264648      5.7440201961e+04
       144      -0.0544738770      5.7411846426e+04
       145      -0.0543212891      5.7383393645e+04
       146      -0.0541687012      5.7354854052e+04
       147      -0.0540161133      5.7326214851e+04
       148      -0.0538635254      5.7297460608e+04
       149      -0.0537109375      5.7268611459e+04
       150      -0.0535583496      5.7239661036e+04
       151      -0.0534057617      5.7210610802e+04
       152      -0.0532531738      5.7181474256e+04
       153      -0.0531005859      5.7152219031e+04
       154      -0.0529479980      5.7122873069e+04
       155      -0.0527954102      5.7093407287e+04
       156      -0.0526428223      5.7063839084e+04
       157      -0.0524902344      5.7034172590e+04
       158      -0.0523376465      5.7004401559e+04
       159      -0.0521850586      5.6974517212e+04
       160      -0.0520324707      5.6944538900e+04
       161      -0.0518798828      5.6914461903e+04
       162      -0.0517272949      5.6884257211e+04
       163      -0.0515747070      5.6853944189e+04
       164      -0.0514221191      5.6823523580e+04
       165      -0.0512695312      5.6793004261e+04
       166      -0.0511169434      5.6762365132e+04
       167      -0.0509643555      5.6731617254e+04
       168      -0.0508117676      5.6700765108e+04
       169      -0.0506591797      5.6669802608e+04
       170      -0.0505065918      5.6638716184e+04
       171      -0.0503540039      5.6607517896e+04
       172      -0.0502014160      5.6576210900e+04
       173      -0.0500488281      5.6544788937e+04
       174      -0.0498962402      5.6513250729e+04
       175      -0.0497436523      5.6481592748e+04
       176      -0.0495910645      5.6449823346e+04
       177      -0.0494384766      5.6417937246e+04
       178      -0.0492858887      5.6385927729e+04
       179      -0.0491333008      5.6353796710e+04
       180      -0.0489807129      5.6321544019e+04
       181      -0.0488281250      5.6289185983e+04
       182      -0.0486755371      5.6256686226e+04
       183      -0.0485229492      5.6224087642e+04
       184      -0.0483703613      5.6191359653e+04
       185      -0.0482177734      5.6158511278e+04
       186      -0.0480651855      5.6125531696e+04
       187      -0.0479125977      5.6092424882e+04
       188      -0.0477600098      5.6059192851e+04
       189      -0.0476074219      5.6025828618e+04
       190      -0.0474548340      5.5992341969e+04
       191      -0.0473022461      5.5958730589e+04
       192      -0.0471496582      5.5924987829e+04
       193      -0.0469970703      5.5891106379e+04
       194      -0.0468444824      5.5857095781e+04
       195      -0.0466918945      5.5822955195e+04
       196      -0.0465393066      5.5788680722e+04
       197      -0.0463867188      5.5754270524e+04
       198      -0.0462341309      5.5719738251e+04
       199      -0.0460815430      5.5685061094e+04
       200      -0.0459289551      5.5650247551e+04
       201      -0.0457763672      5.5615313272e+04
       202      -0.0456237793      5.5580226072e+04
       203      -0.0454711914      5.5545006445e+04
       204      -0.0453186035      5.5509630677e+04
       205      -0.0451660156      5.5474118325e+04
       206      -0.0450134277      5.5438453730e+04
       207      -0.0448608398      5.5402664755e+04
       208      -0.0447082520      5.5366728808e+04
       209      -0.0445556641      5.5330638837e+04
       210      -0.0444030762      5.5294409391e+04
       211      -0.0442504883      5.5258024633e+04
       212      -0.0440979004      5.5221518185e+04
       213      -0.0439453125      5.5184848915e+04
       214      -0.0437927246      5.5148032365e+04
       215      -0.0436401367      5.5111056716e+04
       216      -0.0434875488      5.5073937332e+04
       217      -0.0433349609      5.5036654023e+04
       218      -0.0431823730      5.4999233348e+04
       219      -0.0430297852      5.4961651734e+04
       220      -0.0428771973      5.4923920947e+04
       221      -0.0427246094      5.4886027804e+04
       222      -0.0425720215      5.4847964780e+04
       223      -0.0424194336      5.4809751796e+04
       224      -0.0422668457      5.4771382893e+04
       225      -0.0421142578      5.4732851138e+04
       226      -0.0419616699      5.4694154431e+04
       227      -0.0418090820      5.4655308174e+04
       228      -0.0416564941      5.4616276008e+04
       229      -0.0415039062      5.4577078205e+04
       230      -0.0413513184      5.4537722855e+04
       231      -0.0411987305      5.4498202402e+04
       232      -0.0410461426      5.4458486004e+04
       233      -0.0408935547      5.4418618363e+04
       234      -0.0407409668      5.4378580062e+04
       235      -0.0405883789      5.4338365756e+04
       236      -0.0404357910      5.4297972564e+04
       237      -0.0402832031      5.4257390496e+04
       238      -0.0401306152      5.4216621938e+04
       239      -0.0399780273      5.4175675731e+04
       240      -0.0398254395      5.4134560755e+04
       241      -0.0396728516      5.4093262397e+04
       242      -0.0395202637      5.4051764554e+04
       243      -0.0393676758      5.4010097796e+04
       244      -0.0392150879      5.3968241368e+04
       245      -0.0390625000      5.3926200909e+04
       246      -0.0389099121      5.3883970477e+04
       247      -0.0387573242      5.3841542113e+04
       248      -0.0386047363      5.3798929699e+04
       249      -0.0384521484      5.3756124614e+04
       250      -0.0382995605      5.3713125851e+04
       251      -0.0381469727      5.3669899389e+04
       252      -0.0379943848      5.3626484412e+04
       253      -0.0378417969      5.3582889362e+04
       254      -0.0376892090      5.3539079859e+04
       255      -0.0375366211      5.3495100953e+04
       256      -0.0373840332      5.3450878197e+04
       257      -0.0372314453      5.3406454281e+04
       258      -0.0370788574      5.3361828992e+04
       259      -0.0369262695      5.3316986367e+04
       260      -0.0367736816      5.3271958586e+04
       261      -0.0366210938      5.3226691593e+04
       262      -0.0364685059      5.3181193812e+04
       263      -0.0363159180      5.3135477509e+04
       264      -0.0361633301      5.3089554637e+04
       265      -0.0360107422      5.3043392897e+04
       266      -0.0358581543      5.2997034259e+04
       267      -0.0357055664      5.2950446355e+04
       268      -0.0355529785      5.2903623976e+04
       269      -0.0354003906      5.2856575583e+04
       270      -0.0352478027      5.2809296372e+04
       271      -0.0350952148      5.2761793967e+04
       272      -0.0349426270      5.2714056859e+04
       273      -0.0347900391      5.2666084334e+04
       274      -0.0346374512      5.2617864495e+04
       275      -0.0344848633      5.2569407294e+04
       276      -0.0343322754      5.2520722515e+04
       277      -0.0341796875      5.2471771907e+04
       278      -0.0340270996      5.2422573106e+04
       279      -0.0338745117      5.2373135811e+04
       280      -0.0337219238      5.2323459805e+04
       281      -0.0335693359      5.2273527516e+04
       282      -0.0334167480      5.2223336197e+04
       283      -0.0332641602      5.2172889230e+04
       284      -0.0331115723      5.2122169543e+04
       285      -0.0329589844      5.2071196323e+04
       286      -0.0328063965      5.2019954425e+04
       287      -0.0326538086      5.1968456147e+04
       288      -0.0325012207      5.1916680293e+04
       289      -0.0323486328      5.1864638816e+04
       290      -0.0321960449      5.1812315139e+04
       291      -0.0320434570      5.1759712896e+04
       292      -0.0318908691      5.1706838895e+04
       293      -0.0317382812      5.1653701739e+04
       294      -0.0315856934      5.1600284193e+04
       295      -0.0314331055      5.1546568625e+04
       296      -0.0312805176      5.1492567042e+04
       297      -0.0311279297      5.1438261974e+04
       298      -0.0309753418      5.1383643754e+04
       299      -0.0308227539      5.1328727352e+04
       300      -0.0306701660      5.1273508100e+04
       301      -0.0305175781      5.1217989168e+04
       302      -0.0303649902      5.1162147792e+04
       303      -0.0302124023      5.1106036610e+04
       304      -0.0300598145      5.1049588215e+04
       305      -0.0299072266      5.0992832544e+04
       306      -0.0297546387      5.0935786146e+04
       307      -0.0296020508      5.0878394117e+04
       308      -0.0294494629      5.0820664577e+04
       309      -0.0292968750      5.0762632060e+04
       310      -0.0291442871      5.0704229745e+04
       311      -0.0289916992      5.0645509956e+04
       312      -0.0288391113      5.0586454674e+04
       313      -0.0286865234      5.0527092918e+04
       314      -0.0285339355      5.0467367898e+04
       315      -0.0283813477      5.0407307361e+04
       316      -0.0282287598      5.0346877621e+04
       317      -0.0280761719      5.0286117905e+04
       318      -0.0279235840      5.0224998090e+04
       319      -0.0277709961      5.0163537220e+04
       320      -0.0276184082      5.0101696603e+04
       321      -0.0274658203      5.0039469576e+04
       322      -0.0273132324      4.9976887798e+04
       323      -0.0271606445      4.9913941776e+04
       324      -0.0270080566      4.9850597641e+04
       325      -0.0268554688      4.9786879337e+04
       326      -0.0267028809      4.9722790836e+04
       327      -0.0265502930      4.9658275718e+04
       328      -0.0263977051      4.9593372848e+04
       329      -0.0262451172      4.9528077355e+04
       330      -0.0260925293      4.9462373404e+04
       331      -0.0259399414      4.9396271391e+04
       332      -0.0257873535      4.9329758497e+04
       333      -0.0256347656      4.9262861658e+04
       334      -0.0254821777      4.9195537596e+04
       335      -0.0253295898      4.9127768441e+04
       336      -0.0251770020      4.9059592303e+04
       337      -0.0250244141      4.8990996727e+04
       338      -0.0248718262      4.8921946145e+04
       339      -0.0247192383      4.8852412252e+04
       340      -0.0245666504      4.8782457249e+04
       341      -0.0244140625      4.8712057084e+04
       342      -0.0242614746      4.8641214514e+04
       343      -0.0241088867      4.8569904006e+04
       344      -0.0239562988      4.8498106244e+04
       345      -0.0238037109      4.8425858196e+04
       346      -0.0236511230      4.8353142928e+04
       347      -0.0234985352      4.8279975270e+04
       348      -0.0233459473      4.8206324095e+04
       349      -0.0231933594      4.8132161180e+04
       350      -0.0230407715      4.8057494546e+04
       351      -0.0228881836      4.7982319503e+04
       352      -0.0227355957      4.7906678226e+04
       353      -0.0225830078      4.7830512749e+04
       354      -0.0224304199      4.7753792485e+04
       355      -0.0222778320      4.7676594176e+04
       356      -0.0221252441      4.7598846308e+04
       357      -0.0219726562      4.7520582287e+04
       358      -0.0218200684      4.7441784811e+04
       359      -0.0216674805      4.7362410423e+04
       360      -0.0215148926      4.7282505603e+04
       361      -0.0213623047      4.7202052669e+04
       362      -0.0212097168      4.7121025995e+04
       363      -0.0210571289      4.7039437507e+04
       364      -0.0209045410      4.6957216006e+04
       365      -0.0207519531      4.6874465584e+04
       366      -0.0205993652      4.6791111728e+04
       367      -0.0204467773      4.6707192310e+04
       368      -0.0202941895      4.6622662909e+04
       369      -0.0201416016      4.6537468492e+04
       370      -0.0199890137      4.6451742906e+04
       371      -0.0198364258      4.6365344540e+04
       372      -0.0196838379      4.6278351442e+04
       373      -0.0195312500      4.6190684408e+04
       374      -0.0193786621      4.6102384671e+04
       375      -0.0192260742      4.6013458043e+04
       376      -0.0190734863      4.5923860258e+04
       377      -0.0189208984      4.5833602545e+04
       378      -0.0187683105      4.5742664830e+04
       379      -0.0186157227      4.5651031638e+04
       380      -0.0184631348      4.5558685520e+04
       381      -0.0183105469      4.5465653007e+04
       382      -0.0181579590      4.5372003861e+04
       383      -0.0180053711      4.5277629094e+04
       384      -0.0178527832      4.5182451468e+04
       385      -0.0177001953      4.5086594239e+04
       386      -0.0175476074      4.4990034312e+04
       387      -0.0173950195      4.4892657592e+04
       388      -0.0172424316      4.4794557091e+04
       389      -0.0170898438      4.4695681821e+04
       390      -0.0169372559      4.4596016303e+04
       391      -0.0167846680      4.4495537863e+04
       392      -0.0166320801      4.4394300521e+04
       393      -0.0164794922      4.4292276096e+04
       394      -0.0163269043      4.4189434268e+04
       395      -0.0161743164      4.4085809972e+04
       396      -0.0160217285      4.3981329518e+04
       397      -0.0158691406      4.3876052418e+04
       398      -0.0157165527      4.3769954133e+04
       399      -0.0155639648      4.3662919797e+04
       400      -0.0154113770      4.3555017941e+04
       401      -0.0152587891      4.3446282974e+04
       402      -0.0151062012      4.3336645966e+04
       403      -0.0149536133      4.3226024927e+04
       404      -0.0148010254      4.3114569263e+04
       405      -0.0146484375      4.3002248347e+04
       406      -0.0144958496      4.2888910288e+04
       407      -0.0143432617      4.2774736250e+04
       408      -0.0141906738      4.2659489303e+04
       409      -0.0140380859      4.2543303434e+04
       410      -0.0138854980      4.2426141258e+04
       411      -0.0137329102      4.2307974517e+04
       412      -0.0135803223      4.2188763923e+04
       413      -0.0134277344      4.2068573827e+04
       414      -0.0132751465      4.1947411930e+04
       415      -0.0131225586      4.1825150547e+04
       416      -0.0129699707      4.1701883176e+04
       417      -0.0128173828      4.1577626432e+04
       418      -0.0126647949      4.1452186384e+04
       419      -0.0125122070      4.1325663936e+04
       420      -0.0123596191      4.1198052608e+04
       421      -0.0122070312      4.1069360390e+04
       422      -0.0120544434      4.0939485970e+04
       423      -0.0119018555      4.0808531633e+04
       424      -0.0117492676      4.0676368754e+04
       425      -0.0115966797      4.0543019266e+04
       426      -0.0114440918      4.0408580330e+04
       427      -0.0112915039      4.0272844277e+04
       428      -0.0111389160      4.0135921471e+04
       429      -0.0109863281      3.9997775567e+04
       430      -0.0108337402      3.9858430933e+04
       431      -0.0106811523      3.9717899092e+04
       432      -0.0105285645      3.9576019584e+04
       433      -0.0103759766      3.9432813272e+04
       434      -0.0102233887      3.9288286063e+04
       435      -0.0100708008      3.9142470826e+04
       436      -0.0099182129      3.8995317607e+04
       437      -0.0097656250      3.8846915915e+04
       438      -0.0096130371      3.8697125618e+04
       439      -0.0094604492      3.8545829166e+04
       440      -0.0093078613      3.8393134316e+04
       441      -0.0091552734      3.8239073163e+04
       442      -0.0090026855      3.8083620811e+04
       443      -0.0088500977      3.7926718098e+04
       444      -0.0086975098      3.7768308037e+04
       445      -0.0085449219      3.7608411888e+04
       446      -0.0083923340      3.7447047565e+04
       447      -0.0082397461      3.7284035378e+04
       448      -0.0080871582      3.7119534565e+04
       449      -0.0079345703      3.6953413214e+04
       450      -0.0077819824      3.6785679781e+04
       451      -0.0076293945      3.6616468128e+04
       452      -0.0074768066      3.6445647579e+04
       453      -0.0073242188      3.6272992521e+04
       454      -0.0071716309      3.6098792482e+04
       455      -0.0070190430      3.5922924719e+04
       456      -0.0068664551      3.5745187702e+04
       457      -0.0067138672      3.5565856681e+04
       458      -0.0065612793      3.5384697334e+04
       459      -0.0064086914      3.5201702319e+04
       460      -0.0062561035      3.5016884323e+04
       461      -0.0061035156      3.4830089469e+04
       462      -0.0059509277      3.4641330041e+04
       463      -0.0057983398      3.4450602033e+04
       464      -0.0056457520      3.4257938059e+04
       465      -0.0054931641      3.4063271961e+04
       466      -0.0053405762      3.3866328564e+04
       467      -0.0051879883      3.3667201606e+04
       468      -0.0050354004      3.3465909790e+04
       469      -0.0048828125      3.3262342100e+04
       470      -0.0047302246      3.3056171750e+04
       471      -0.0045776367      3.2847531170e+04
       472      -0.0044250488      3.2636302457e+04
       473      -0.0042724609      3.2422323241e+04
       474      -0.0041198730      3.2205555654e+04
       475      -0.0039672852      3.1986044627e+04
       476      -0.0038146973      3.1763332609e+04
       477      -0.0036621094      3.1537459648e+04
       478      -0.0035095215      3.1308347264e+04
       479      -0.0033569336      3.1075650121e+04
       480      -0.0032043457      3.0839130189e+04
       481      -0.0030517578      3.0598898610e+04
       482      -0.0028991699      3.0354797833e+04
       483      -0.0027465820      3.0106611296e+04
       484      -0.0025939941      2.9854561964e+04
       485      -0.0024414062      2.9598559234e+04
       486      -0.0022888184      2.9338451495e+04
       487      -0.0021362305      2.9074310148e+04
       488      -0.0019836426      2.8806300256e+04
       489      -0.0018310547      2.8534299669e+04
       490      -0.0016784668      2.8258753195e+04
       491      -0.0015258789      2.7980154727e+04
       492      -0.0013732910      2.7698676451e+04
       493      -0.0012207031      2.7414655002e+04
       494      -0.0010681152      2.7128544118e+04
       495      -0.0009155273      2.6840769732e+04
       496      -0.0007629395      2.6552311554e+04
       497      -0.0006103516      2.6263172536e+04
       498      -0.0004577637      2.5974171814e+04
       499      -0.0003051758      2.5685838218e+04
       500      -0.0001525879      2.5398642025e+04
       501      0.0000000000      2.5113120189e+04
       502      0.0001525879      2.4829696444e+04
       503      0.0003051758      2.4548732422e+04
       504      0.0004577637      2.4270574378e+04
       505      0.0006103516      2.3995554790e+04
       506      0.0007629395      2.3723637498e+04
       507      0.0009155273      2.3455179509e+04
       508      0.0010681152      2.3190146554e+04
       509      0.0012207031      2.2928661859e+04
       510      0.0013732910      2.2670801037e+04
       511      0.0015258789      2.2416373892e+04
       512      0.0016784668      2.2165618148e+04
       513      0.0018310547      2.1918185190e+04
       514      0.0019836426      2.1674297638e+04
       515      0.0021362305      2.1433728719e+04
       516      0.0022888184      2.1196326997e+04
       517      0.0024414062      2.0962109585e+04
       518      0.0025939941      2.0730952310e+04
       519      0.0027465820      2.0503002100e+04
       520      0.0028991699      2.0278071470e+04
       521      0.0030517578      2.0056015987e+04
       522      0.0032043457      1.9837110358e+04
       523      0.0033569336      1.9621126796e+04
       524      0.0035095215      1.9407923088e+04
       525      0.0036621094      1.9197330265e+04
       526      0.0038146973      1.8989392621e+04
       527      0.0039672852      1.8784258873e+04
       528      0.0041198730      1.8581619143e+04
       529      0.0042724609      1.8381559380e+04
       530      0.0044250488      1.8184113690e+04
       531      0.0045776367      1.7989171179e+04
       532      0.0047302246      1.7796668493e+04
       533      0.0048828125      1.7606592241e+04
       534      0.0050354004      1.7419011658e+04
       535      0.0051879883      1.7233755463e+04
       536      0.0053405762      1.7050883192e+04
       537      0.0054931641      1.6870207630e+04
       538      0.0056457520      1.6691922021e+04
       539      0.0057983398      1.6515813974e+04
       540      0.0059509277      1.6341907810e+04
       541      0.0061035156      1.6170209447e+04
       542      0.0062561035      1.6000788977e+04
       543      0.0064086914      1.5833492382e+04
       544      0.0065612793      1.5668123537e+04
       545      0.0067138672      1.5504918915e+04
       546      0.0068664551      1.5343709151e+04
       547      0.0070190430      1.5184529120e+04
       548      0.0071716309      1.5027373609e+04
       549      0.0073242188      1.4872149356e+04
       550      0.0074768066      1.4718939500e+04
       551      0.0076293945      1.4567605186e+04
       552      0.0077819824      1.4418053099e+04
       553      0.0079345703      1.4270252233e+04
       554      0.0080871582      1.4124456382e+04
       555      0.0082397461      1.3980496162e+04
       556      0.0083923340      1.3838186483e+04
       557      0.0085449219      1.3697753670e+04
       558      0.0086975098      1.3559080494e+04
       559      0.0088500977      1.3422070921e+04
       560      0.0090026855      1.3286776352e+04
       561      0.0091552734      1.3153171626e+04
       562      0.0093078613      1.3021164728e+04
       563      0.0094604492      1.2890819305e+04
       564      0.0096130371      1.2762052253e+04
       565      0.0097656250      1.2634785009e+04
       566      0.0099182129      1.2509174963e+04
       567      0.0100708008      1.2385197693e+04
       568      0.0102233887      1.2262607311e+04
       569      0.0103759766      1.2141610163e+04
       570      0.0105285645      1.2022031456e+04
       571      0.0106811523      1.1903858748e+04
       572      0.0108337402      1.1787197028e+04
       573      0.0109863281      1.1671988016e+04
       574      0.0111389160      1.1558195700e+04
       575      0.0112915039      1.1445732722e+04
       576      0.0114440918      1.1334571325e+04
       577      0.0115966797      1.1224865223e+04
       578      0.0117492676      1.1116376153e+04
       579      0.0119018555      1.1009240304e+04
       580      0.0120544434      1.0903414622e+04
       581      0.0122070312      1.0798939543e+04
       582      0.0123596191      1.0695645650e+04
       583      0.0125122070      1.0593628414e+04
       584      0.0126647949      1.0492804230e+04
       585      0.0128173828      1.0393215641e+04
       586      0.0129699707      1.0294848257e+04
       587      0.0131225586      1.0197645364e+04
       588      0.0132751465      1.0101606258e+04
       589      0.0134277344      1.0006744324e+04
       590      0.0135803223      9.9130149032e+03
       591      0.0137329102      9.8203591394e+03
       592      0.0138854980      9.7288562588e+03
       593      0.0140380859      9.6384120657e+03
       594      0.0141906738      9.5489951854e+03
       595      0.0143432617      9.4606624070e+03
       596      0.0144958496      9.3733523753e+03
       597      0.0146484375      9.2870749002e+03
       598      0.0148010254      9.2018602266e+03
       599      0.0149536133      9.1176376119e+03
       600      0.0151062012      9.0344328771e+03
       601      0.0152587891      8.9521979594e+03
       602      0.0154113770      8.8708897624e+03
       603      0.0155639648      8.7905383170e+03
       604      0.0157165527      8.7110711021e+03
       605      0.0158691406      8.6326322460e+03
       606      0.0160217285      8.5550255103e+03
       607      0.0161743164      8.4783935192e+03
       608      0.0163269043      8.4025968904e+03
       609      0.0164794922      8.3276689358e+03
       610      0.0166320801      8.2536164858e+03
       611      0.0167846680      8.1803925968e+03
       612      0.0169372559      8.1079955637e+03
       613      0.0170898438      8.0364457402e+03
       614      0.0172424316      7.9657290829e+03
       615      0.0173950195      7.8958547845e+03
       616      0.0175476074      7.8267077268e+03
       617      0.0177001953      7.7583693734e+03
       618      0.0178527832      7.6908219423e+03
       619      0.0180053711      7.6240528759e+03
       620      0.0181579590      7.5580517344e+03
       621      0.0183105469      7.4927636875e+03
       622      0.0184631348      7.4282205295e+03
       623      0.0186157227      7.3643981749e+03
       624      0.0187683105      7.3012983369e+03
       625      0.0189208984      7.2388938700e+03
       626      0.0190734863      7.1771783756e+03
       627      0.0192260742      7.1162038744e+03
       628      0.0193786621      7.0558981364e+03
       629      0.0195312500      6.9961972062e+03
       630      0.0196838379      6.9372050490e+03
       631      0.0198364258      6.8788757617e+03
       632      0.0199890137      6.8212060559e+03
       633      0.0201416016      6.7641407597e+03
       634      0.0202941895      6.7076816079e+03
       635      0.0204467773      6.6518731833e+03
       636      0.0205993652      6.5966164793e+03
       637      0.0207519531      6.5420147243e+03
       638      0.0209045410      6.4880474636e+03
       639      0.0210571289      6.4346491573e+03
       640      0.0212097168      6.3817868260e+03
       641      0.0213623047      6.3295240499e+03
       642      0.0215148926      6.2778325078e+03
       643      0.0216674805      6.2267138175e+03
       644      0.0218200684      6.1760977274e+03
       645      0.0219726562      6.1260334186e+03
       646      0.0221252441      6.0765146031e+03
       647      0.0222778320      6.0275128596e+03
       648      0.0224304199      5.9790171353e+03
       649      0.0225830078      5.9310802069e+03
       650      0.0227355957      5.8836137976e+03
       651      0.0228881836      5.8366859487e+03
       652      0.0230407715      5.7902624568e+03
       653      0.0231933594      5.7443141912e+03
       654      0.0233459473      5.6988187000e+03
       655      0.0234985352      5.6538448415e+03
       656      0.0236511230      5.6093205548e+03
       657      0.0238037109      5.5652371483e+03
       658      0.0239562988      5.5216382962e+03
       659      0.0241088867      5.4784976376e+03
       660      0.0242614746      5.4358013101e+03
       661      0.0244140625      5.3935379719e+03
       662      0.0245666504      5.3517173415e+03
       663      0.0247192383      5.3103543627e+03
       664      0.0248718262      5.2693882539e+03
       665      0.0250244141      5.2288406722e+03
       666      0.0251770020      5.1886706645e+03
       667      0.0253295898      5.1489262060e+03
       668      0.0254821777      5.1096037151e+03
       669      0.0256347656      5.0706671652e+03
       670      0.0257873535      5.0321469981e+03
       671      0.0259399414      4.9939909324e+03
       672      0.0260925293      4.9562303136e+03
       673      0.0262451172      4.9188738233e+03
       674      0.0263977051      4.8818943615e+03
       675      0.0265502930      4.8452558025e+03
       676      0.0267028809      4.8089963742e+03
       677      0.0268554688      4.7731209893e+03
       678      0.0270080566      4.7375948692e+03
       679      0.0271606445      4.7024080566e+03
       680      0.0273132324      4.6675592231e+03
       681      0.0274658203      4.6330728561e+03
       682      0.0276184082      4.5989249913e+03
       683      0.0277709961      4.5650872627e+03
       684      0.0279235840      4.5315810198e+03
       685      0.0280761719      4.4984236085e+03
       686      0.0282287598      4.4655979361e+03
       687      0.0283813477      4.4331142929e+03
       688      0.0285339355      4.4009073179e+03
       689      0.0286865234      4.3690043882e+03
       690      0.0288391113      4.3374341668e+03
       691      0.0289916992      4.3061605914e+03
       692      0.0291442871      4.2751933638e+03
       693      0.0292968750      4.2445227494e+03
       694      0.0294494629      4.2141335276e+03
       695      0.0296020508      4.1840424254e+03
       696      0.0297546387      4.1542191125e+03
       697      0.0299072266      4.1247116853e+03
       698      0.0300598145      4.0954748565e+03
       699      0.0302124023      4.0664999527e+03
       700      0.0303649902      4.0378046412e+03
       701      0.0305175781      4.0093935130e+03
       702      0.0306701660      3.9812390796e+03
       703      0.0308227539      3.9533641041e+03
       704      0.0309753418      3.9257347633e+03
       705      0.0311279297      3.8983676605e+03
       706      0.0312805176      3.8712361658e+03
       707      0.0314331055      3.8443625123e+03
       708      0.0315856934      3.8177459127e+03
       709      0.0317382812      3.7913692363e+03
       710      0.0318908691      3.7652429808e+03
       711      0.0320434570      3.7393725940e+03
       712      0.0321960449      3.7137219991e+03
       713      0.0323486328      3.6883115053e+03
       714      0.0325012207      3.6631413444e+03
       715      0.0326538086      3.6381931979e+03
       716      0.0328063965      3.6134588037e+03
       717      0.0329589844      3.5889645307e+03
       718      0.0331115723      3.5646574619e+03
       719      0.0332641602      3.5406084868e+03
       720      0.0334167480      3.5167777704e+03
       721      0.0335693359      3.4931531820e+03
       722      0.0337219238      3.4697512419e+03
       723      0.0338745117      3.4465399549e+03
       724      0.0340270996      3.4235244478e+03
       725      0.0341796875      3.4007260999e+03
       726      0.0343322754      3.3781289379e+03
       727      0.0344848633      3.3557223522e+03
       728      0.0346374512      3.3335227397e+03
       729      0.0347900391      3.3115150063e+03
       730      0.0349426270      3.2897115740e+03
       731      0.0350952148      3.2680938720e+03
       732      0.0352478027      3.2466558078e+03
       733      0.0354003906      3.2254056885e+03
       734      0.0355529785      3.2043602455e+03
       735      0.0357055664      3.1834842995e+03
       736      0.0358581543      3.1627906337e+03
       737      0.0360107422      3.1422809715e+03
       738      0.0361633301      3.1219500544e+03
       739      0.0363159180      3.1017780115e+03
       740      0.0364685059      3.0818005750e+03
       741      0.0366210938      3.0619727484e+03
       742      0.0367736816      3.0423366676e+03
       743      0.0369262695      3.0228510546e+03
       744      0.0370788574      3.0035223593e+03
       745      0.0372314453      2.9843699838e+03
       746      0.0373840332      2.9653691784e+03
       747      0.0375366211      2.9465249350e+03
       748      0.0376892090      2.9278446270e+03
       749      0.0378417969      2.9093319394e+03
       750      0.0379943848      2.8909604269e+03
       751      0.0381469727      2.8727551785e+03
       752      0.0382995605      2.8546959288e+03
       753      0.0384521484      2.8367922588e+03
       754      0.0386047363      2.8190343541e+03
       755      0.0387573242      2.8014270222e+03
       756      0.0389099121      2.7839644984e+03
       757      0.0390625000      2.7666517988e+03
       758      0.0392150879      2.7494745984e+03
       759      0.0393676758      2.7324380585e+03
       760      0.0395202637      2.7155390894e+03
       761      0.0396728516      2.6987787377e+03
       762      0.0398254395      2.6821611230e+03
       763      0.0399780273      2.6656726303e+03
       764      0.0401306152      2.6493161821e+03
       765      0.0402832031      2.6330920679e+03
       766      0.0404357910      2.6169941940e+03
       767      0.0405883789      2.6010266960e+03
       768      0.0407409668      2.5851972707e+03
       769      0.0408935547      2.5694934542e+03
       770      0.0410461426      2.5539144221e+03
       771      0.0411987305      2.5384420560e+03
       772      0.0413513184      2.5231149557e+03
       773      0.0415039062      2.5079006011e+03
       774      0.0416564941      2.4928181548e+03
       775      0.0418090820      2.4778514658e+03
       776      0.0419616699      2.4630079452e+03
       777      0.0421142578      2.4482675100e+03
       778      0.0422668457      2.4336413153e+03
       779      0.0424194336      2.4191444688e+03
       780      0.0425720215      2.4047548830e+03
       781      0.0427246094      2.3904777402e+03
       782      0.0428771973      2.3763070900e+03
       783      0.0430297852      2.3622516194e+03
       784      0.0431823730      2.3483051184e+03
       785      0.0433349609      2.3344694356e+03
       786      0.0434875488      2.3207400506e+03
       787      0.0436401367      2.3071095014e+03
       788      0.0437927246      2.2935945450e+03
       789      0.0439453125      2.2801707367e+03
       790      0.0440979004      2.2668619605e+03
       791      0.0442504883      2.2536424302e+03
       792      0.0444030762      2.2405327795e+03
       793      0.0445556641      2.2275242930e+03
       794      0.0447082520      2.2146028919e+03
       795      0.0448608398      2.2017854479e+03
       796      0.0450134277      2.1890676796e+03
       797      0.0451660156      2.1764476288e+03
       798      0.0453186035      2.1639176717e+03
       799      0.0454711914      2.1514756679e+03
       800      0.0456237793      2.1391326255e+03
       801      0.0457763672      2.1268803864e+03
       802      0.0459289551      2.1147145676e+03
       803      0.0460815430      2.1026437872e+03
       804      0.0462341309      2.0906662102e+03
       805      0.0463867188      2.0787708741e+03
       806      0.0465393066      2.0669661817e+03
       807      0.0466918945      2.0552458594e+03
       808      0.0468444824      2.0436115753e+03
       809      0.0469970703      2.0320634459e+03
       810      0.0471496582      2.0206049850e+03
       811      0.0473022461      2.0092327188e+03
       812      0.0474548340      1.9979396592e+03
       813      0.0476074219      1.9867370759e+03
       814      0.0477600098      1.9756135145e+03
       815      0.0479125977      1.9645724617e+03
       816      0.0480651855      1.9536095302e+03
       817      0.0482177734      1.9427151858e+03
       818      0.0483703613      1.9319123643e+03
       819      0.0485229492      1.9211744976e+03
       820      0.0486755371      1.9105139500e+03
       821      0.0488281250      1.8999328941e+03
       822      0.0489807129      1.8894295804e+03
       823      0.0491333008      1.8789966322e+03
       824      0.0492858887      1.8686413470e+03
       825      0.0494384766      1.8583696439e+03
       826      0.0495910645      1.8481648818e+03
       827      0.0497436523      1.8380278539e+03
       828      0.0498962402      1.8279606379e+03
       829      0.0500488281      1.8179817802e+03
       830      0.0502014160      1.8080558944e+03
       831      0.0503540039      1.7982002968e+03
       832      0.0505065918      1.7884178815e+03
       833      0.0506591797      1.7787092774e+03
       834      0.0508117676      1.7690632120e+03
       835      0.0509643555      1.7594815758e+03
       836      0.0511169434      1.7499674942e+03
       837      0.0512695312      1.7405160634e+03
       838      0.0514221191      1.7311344028e+03
       839      0.0515747070      1.7218190955e+03
       840      0.0517272949      1.7125658764e+03
       841      0.0518798828      1.7033744879e+03
       842      0.0520324707      1.6942500647e+03
       843      0.0521850586      1.6851824443e+03
       844      0.0523376465      1.6761798881e+03
       845      0.0524902344      1.6672414321e+03
       846      0.0526428223      1.6583612037e+03
       847      0.0527954102      1.6495388274e+03
       848      0.0529479980      1.6407748848e+03
       849      0.0531005859      1.6320796565e+03
       850      0.0532531738      1.6234355083e+03
       851      0.0534057617      1.6148460356e+03
       852      0.0535583496      1.6063175578e+03
       853      0.0537109375      1.5978489432e+03
       854      0.0538635254      1.5894332436e+03
       855      0.0540161133      1.5810774929e+03
       856      0.0541687012      1.5727774539e+03
       857      0.0543212891      1.5645367239e+03
       858      0.0544738770      1.5563465920e+03
       859      0.0546264648      1.5482103382e+03
       860      0.0547790527      1.5401285976e+03
       861      0.0549316406      1.5320973535e+03
       862      0.0550842285      1.5241172066e+03
       863      0.0552368164      1.5161933602e+03
       864      0.0553894043      1.5083209118e+03
       865      0.0555419922      1.5004982958e+03
       866      0.0556945801      1.4927299808e+03
       867      0.0558471680      1.4850055377e+03
       868      0.0559997559      1.4773369130e+03
       869      0.0561523438      1.4697230044e+03
       870      0.0563049316      1.4621493690e+03
       871      0.0564575195      1.4546274984e+03
       872      0.0566101074      1.4471572023e+03
       873      0.0567626953      1.4397369689e+03
       874      0.0569152832      1.4323679290e+03
       875      0.0570678711      1.4250410266e+03
       876      0.0572204590      1.4177610112e+03
       877      0.0573730469      1.4105271722e+03
       878      0.0575256348      1.4033406663e+03
       879      0.0576782227      1.3961947282e+03
       880      0.0578308105      1.3890957973e+03
       881      0.0579833984      1.3820393266e+03
       882      0.0581359863      1.3750358310e+03
       883      0.0582885742      1.3680718354e+03
       884      0.0584411621      1.3611518594e+03
       885      0.0585937500      1.3542791433e+03
       886      0.0587463379      1.3474462035e+03
       887      0.0588989258      1.3406515079e+03
       888      0.0590515137      1.3339126282e+03
       889      0.0592041016      1.3272074154e+03
       890      0.0593566895      1.3205482850e+03
       891      0.0595092773      1.3139248041e+03
       892      0.0596618652      1.3073473293e+03
       893      0.0598144531      1.3008105842e+03
       894      0.0599670410      1.2943115060e+03
       895      0.0601196289      1.2878528921e+03
       896      0.0602722168      1.2814389211e+03
       897      0.0604248047      1.2750604644e+03
       898      0.0605773926      1.2687196945e+03
       899      0.0607299805      1.2624174102e+03
       900      0.0608825684      1.2561564861e+03
       901      0.0610351562      1.2499366118e+03
       902      0.0611877441      1.2437469169e+03
       903      0.0613403320      1.2375996532e+03
       904      0.0614929199      1.2314891645e+03
       905      0.0616455078      1.2254151096e+03
       906      0.0617980957      1.2193843246e+03
       907      0.0619506836      1.2133826443e+03
       908      0.0621032715      1.2074168103e+03
       909      0.0622558594      1.2014876646e+03
       910      0.0624084473      1.1955974770e+03
       911      0.0625610352      1.1897469544e+03
       912      0.0627136230      1.1839274031e+03
       913      0.0628662109      1.1781415027e+03
       914      0.0630187988      1.1723904212e+03
       915      0.0631713867      1.1666745747e+03
       916      0.0633239746      1.1609986666e+03
       917      0.0634765625      1.1553490765e+03
       918      0.0636291504      1.1497367728e+03
       919      0.0637817383      1.1441565451e+03
       920      0.0639343262      1.1386052980e+03
       921      0.0640869141      1.1330889784e+03
       922      0.0642395020      1.1276076357e+03
       923      0.0643920898      1.1221594043e+03
       924      0.0645446777      1.1167440334e+03
       925      0.0646972656      1.1113565476e+03
       926      0.0648498535      1.1060012581e+03
       927      0.0650024414      1.1006757131e+03
       928      0.0651550293      1.0953828140e+03
       929      0.0653076172      1.0901255637e+03
       930      0.0654602051      1.0848926358e+03
       931      0.0656127930      1.0796920136e+03
       932      0.0657653809      1.0745238340e+03
       933      0.0659179688      1.0693837861e+03
       934      0.0660705566      1.0642767434e+03
       935      0.0662231445      1.0591972994e+03
       936      0.0663757324      1.0541470003e+03
       937      0.0665283203      1.0491250644e+03
       938      0.0666809082      1.0441339152e+03
       939      0.0668334961      1.0391707505e+03
       940      0.0669860840      1.0342313600e+03
       941      0.0671386719      1.0293267649e+03
       942      0.0672912598      1.0244451203e+03
       943      0.0674438477      1.0195915337e+03
       944      0.0675964355      1.0147658943e+03
       945      0.0677490234      1.0099724548e+03
       946      0.0679016113      1.0052050101e+03
       947      0.0680541992      1.0004638587e+03
       948      0.0682067871      9.9575105020e+02
       949      0.0683593750      9.9106333525e+02
       950      0.0685119629      9.8640152285e+02
       951      0.0686645508      9.8176551777e+02
       952      0.0688171387      9.7715212461e+02
       953      0.0689697266      9.7256468750e+02
       954      0.0691223145      9.6800564023e+02
       955      0.0692749023      9.6347375322e+02
       956      0.0694274902      9.5896055430e+02
       957      0.0695800781      9.5447710088e+02
       958      0.0697326660      9.5001980097e+02
       959      0.0698852539      9.4558946260e+02
       960      0.0700378418      9.4118318272e+02
       961      0.0701904297      9.3679756524e+02
       962      0.0703430176      9.3243621533e+02
       963      0.0704956055      9.2809999805e+02
       964      0.0706481934      9.2379030479e+02
       965      0.0708007812      9.1950190147e+02
       966      0.0709533691      9.1523938750e+02
       967      0.0711059570      9.1099999023e+02
       968      0.0712585449      9.0678520850e+02
       969      0.0714111328      9.0258952940e+02
       970      0.0715637207      8.9842037119e+02
       971      0.0717163086      8.9427304453e+02
       972      0.0718688965      8.9014645547e+02
       973      0.0720214844      8.8604480752e+02
       974      0.0721740723      8.8196303721e+02
       975      0.0723266602      8.7790175723e+02
       976      0.0724792480      8.7386249248e+02
       977      0.0726318359      8.6984698174e+02
       978      0.0727844238      8.6584944805e+02
       979      0.0729370117      8.6187950801e+02
       980      0.0730895996      8.5792605967e+02
       981      0.0732421875      8.5399719609e+02
       982      0.0733947754      8.5009036133e+02
       983      0.0735473633      8.4620326358e+02
       984      0.0736999512      8.4233528105e+02
       985      0.0738525391      8.3849392637e+02
       986      0.0740051270      8.3466878213e+02
       987      0.0741577148      8.3086551357e+02
       988      0.0743103027      8.2708085850e+02
       989      0.0744628906      8.2331621123e+02
       990      0.0746154785      8.1957163350e+02
       991      0.0747680664      8.1584457002e+02
       992      0.0749206543      8.1213884180e+02
       993      0.0750732422      8.0845478555e+02
       994      0.0752258301      8.0478941309e+02
       995      0.0753784180      8.0114579219e+02
       996      0.0755310059      7.9751780479e+02
       997      0.0756835938      7.9390777793e+02
       998      0.0758361816      7.9031786338e+02
       999      0.0759887695      7.8674672412e+02
      1000      0.0761413574      7.8319452471e+02
      1001      0.0762939453      7.7966364092e+02
