         1      -0.0317891439      8.2662672049e+05
         2      -0.0317255656      8.2627111405e+05
         3      -0.0316619873      8.2591486496e+05
         4      -0.0315984090      8.2555771145e+05
         5      -0.0315348307      8.2519977145e+05
         6      -0.0314712524      8.2484105135e+05
         7      -0.0314076742      8.2448156834e+05
         8      -0.0313440959      8.2412121374e+05
         9      -0.0312805176      8.2376016275e+05
        10      -0.0312169393      8.2339819317e+05
        11      -0.0311533610      8.2303538562e+05
        12      -0.0310897827      8.2267184129e+05
        13      -0.0310262044      8.2230743080e+05
        14      -0.0309626261      8.2194217184e+05
        15      -0.0308990479      8.2157605086e+05
        16      -0.0308354696      8.2120911602e+05
        17      -0.0307718913      8.2084140184e+05
        18      -0.0307083130      8.2047283313e+05
        19      -0.0306447347      8.2010340484e+05
        20      -0.0305811564      8.1973320109e+05
        21      -0.0305175781      8.1936209642e+05
        22      -0.0304539998      8.1899012905e+05
        23      -0.0303904215      8.1861730600e+05
        24      -0.0303268433      8.1824359127e+05
        25      -0.0302632650      8.1786898251e+05
        26      -0.0301996867      8.1749352172e+05
        27      -0.0301361084      8.1711723039e+05
        28      -0.0300725301      8.1674006769e+05
        29      -0.0300089518      8.1636207282e+05
        30      -0.0299453735      8.1598321299e+05
        31      -0.0298817952      8.1560338648e+05
        32      -0.0298182170      8.1522281705e+05
        33      -0.0297546387      8.1484123200e+05
        34      -0.0296910604      8.1445882081e+05
        35      -0.0296274821      8.1407544475e+05
        36      -0.0295639038      8.1369111094e+05
        37      -0.0295003255      8.1330602511e+05
        38      -0.0294367472      8.1291994113e+05
        39      -0.0293731689      8.1253292729e+05
        40      -0.0293095907      8.1214505832e+05
        41      -0.0292460124      8.1175625255e+05
        42      -0.0291824341      8.1136653231e+05
        43      -0.0291188558      8.1097584978e+05
        44      -0.0290552775      8.1058423468e+05
        45      -0.0289916992      8.1019174945e+05
        46      -0.0289281209      8.0979830293e+05
        47      -0.0288645426      8.0940390289e+05
        48      -0.0288009644      8.0900861027e+05
        49      -0.0287373861      8.0861227603e+05
        50      -0.0286738078      8.0821495480e+05
        51      -0.0286102295      8.0781663005e+05
        52      -0.0285466512      8.0741758961e+05
        53      -0.0284830729      8.0701747115e+05
        54      -0.0284194946      8.0661636365e+05
        55      -0.0283559163      8.0621431815e+05
        56      -0.0282923381      8.0581127013e+05
        57      -0.0282287598      8.0540724867e+05
        58      -0.0281651815      8.0500230404e+05
        59      -0.0281016032      8.0459626329e+05
        60      -0.0280380249      8.0418933295e+05
        61      -0.0279744466      8.0378138099e+05
        62      -0.0279108683      8.0337235867e+05
        63      -0.0278472900      8.0296244702e+05
        64      -0.0277837118      8.0255148262e+05
        65      -0.0277201335      8.0213959644e+05
        66      -0.0276565552      8.0172651003e+05
        67      -0.0275929769      8.0131248962e+05
        68      -0.0275293986      8.0089739261e+05
        69      -0.0274658203      8.0048119993e+05
        70      -0.0274022420      8.0006401259e+05
        71      -0.0273386637      7.9964591950e+05
        72      -0.0272750854      7.9922668236e+05
        73      -0.0272115072      7.9880645857e+05
        74      -0.0271479289      7.9838524764e+05
        75      -0.0270843506      7.9796286787e+05
        76      -0.0270207723      7.9753943285e+05
        77      -0.0269571940      7.9711488901e+05
        78      -0.0268936157      7.9668943872e+05
        79      -0.0268300374      7.9626279932e+05
        80      -0.0267664591      7.9583512573e+05
        81      -0.0267028809      7.9540648018e+05
        82      -0.0266393026      7.9497661777e+05
        83      -0.0265757243      7.9454565340e+05
        84      -0.0265121460      7.9411359806e+05
        85      -0.0264485677      7.9368036251e+05
        86      -0.0263849894      7.9324624021e+05
        87      -0.0263214111      7.9281087383e+05
        88      -0.0262578328      7.9237444672e+05
        89      -0.0261942546      7.9193690264e+05
        90      -0.0261306763      7.9149814746e+05
        91      -0.0260670980      7.9105836066e+05
        92      -0.0260035197      7.9061750183e+05
        93      -0.0259399414      7.9017542659e+05
        94      -0.0258763631      7.8973213382e+05
        95      -0.0258127848      7.8928776388e+05
        96      -0.0257492065      7.8884234453e+05
        97      -0.0256856283      7.8839578037e+05
        98      -0.0256220500      7.8794797174e+05
        99      -0.0255584717      7.8749891676e+05
       100      -0.0254948934      7.8704868637e+05
       101      -0.0254313151      7.8659735495e+05
       102      -0.0253677368      7.8614489188e+05
       103      -0.0253041585      7.8569110152e+05
       104      -0.0252405802      7.8523614098e+05
       105      -0.0251770020      7.8477993689e+05
       106      -0.0251134237      7.8432261585e+05
       107      -0.0250498454      7.8386403779e+05
       108      -0.0249862671      7.8340437125e+05
       109      -0.0249226888      7.8294320268e+05
       110      -0.0248591105      7.8248104831e+05
       111      -0.0247955322      7.8201758701e+05
       112      -0.0247319539      7.8155297088e+05
       113      -0.0246683757      7.8108698550e+05
       114      -0.0246047974      7.8061995161e+05
       115      -0.0245412191      7.8015166914e+05
       116      -0.0244776408      7.7968209457e+05
       117      -0.0244140625      7.7921113491e+05
       118      -0.0243504842      7.7873888816e+05
       119      -0.0242869059      7.7826545737e+05
       120      -0.0242233276      7.7779056098e+05
       121      -0.0241597493      7.7731466211e+05
       122      -0.0240961711      7.7683735184e+05
       123      -0.0240325928      7.7635863080e+05
       124      -0.0239690145      7.7587864150e+05
       125      -0.0239054362      7.7539741472e+05
       126      -0.0238418579      7.7491484702e+05
       127      -0.0237782796      7.7443102602e+05
       128      -0.0237147013      7.7394593024e+05
       129      -0.0236511230      7.7345937870e+05
       130      -0.0235875448      7.7297146963e+05
       131      -0.0235239665      7.7248240538e+05
       132      -0.0234603882      7.7199170850e+05
       133      -0.0233968099      7.7149988778e+05
       134      -0.0233332316      7.7100665758e+05
       135      -0.0232696533      7.7051210574e+05
       136      -0.0232060750      7.7001614539e+05
       137      -0.0231424967      7.6951887376e+05
       138      -0.0230789185      7.6901999600e+05
       139      -0.0230153402      7.6851991133e+05
       140      -0.0229517619      7.6801830142e+05
       141      -0.0228881836      7.6751546703e+05
       142      -0.0228246053      7.6701111637e+05
       143      -0.0227610270      7.6650544845e+05
       144      -0.0226974487      7.6599840134e+05
       145      -0.0226338704      7.6548977221e+05
       146      -0.0225702922      7.6497964707e+05
       147      -0.0225067139      7.6446820526e+05
       148      -0.0224431356      7.6395538771e+05
       149      -0.0223795573      7.6344098399e+05
       150      -0.0223159790      7.6292517078e+05
       151      -0.0222524007      7.6240800791e+05
       152      -0.0221888224      7.6188929303e+05
       153      -0.0221252441      7.6136905600e+05
       154      -0.0220616659      7.6084737835e+05
       155      -0.0219980876      7.6032428127e+05
       156      -0.0219345093      7.5979960667e+05
       157      -0.0218709310      7.5927339876e+05
       158      -0.0218073527      7.5874562532e+05
       159      -0.0217437744      7.5821634489e+05
       160      -0.0216801961      7.5768550431e+05
       161      -0.0216166178      7.5715327617e+05
       162      -0.0215530396      7.5661923752e+05
       163      -0.0214894613      7.5608395881e+05
       164      -0.0214258830      7.5554710330e+05
       165      -0.0213623047      7.5500859974e+05
       166      -0.0212987264      7.5446839049e+05
       167      -0.0212351481      7.5392679568e+05
       168      -0.0211715698      7.5338356831e+05
       169      -0.0211079915      7.5283882222e+05
       170      -0.0210444132      7.5229255469e+05
       171      -0.0209808350      7.5174437219e+05
       172      -0.0209172567      7.5119475614e+05
       173      -0.0208536784      7.5064332053e+05
       174      -0.0207901001      7.5009057725e+05
       175      -0.0207265218      7.4953601920e+05
       176      -0.0206629435      7.4897982743e+05
       177      -0.0205993652      7.4842187338e+05
       178      -0.0205357869      7.4786229968e+05
       179      -0.0204722087      7.4730112625e+05
       180      -0.0204086304      7.4673825684e+05
       181      -0.0203450521      7.4617378888e+05
       182      -0.0202814738      7.4560771368e+05
       183      -0.0202178955      7.4503956581e+05
       184      -0.0201543172      7.4446985469e+05
       185      -0.0200907389      7.4389864662e+05
       186      -0.0200271606      7.4332552802e+05
       187      -0.0199635824      7.4275070620e+05
       188      -0.0199000041      7.4217421053e+05
       189      -0.0198364258      7.4159594500e+05
       190      -0.0197728475      7.4101605536e+05
       191      -0.0197092692      7.4043436390e+05
       192      -0.0196456909      7.3985084921e+05
       193      -0.0195821126      7.3926582777e+05
       194      -0.0195185343      7.3867863432e+05
       195      -0.0194549561      7.3808983459e+05
       196      -0.0193913778      7.3749913839e+05
       197      -0.0193277995      7.3690650516e+05
       198      -0.0192642212      7.3631227732e+05
       199      -0.0192006429      7.3571620021e+05
       200      -0.0191370646      7.3511808515e+05
       201      -0.0190734863      7.3451814695e+05
       202      -0.0190099080      7.3391639331e+05
       203      -0.0189463298      7.3331277618e+05
       204      -0.0188827515      7.3270729397e+05
       205      -0.0188191732      7.3210009234e+05
       206      -0.0187555949      7.3149083185e+05
       207      -0.0186920166      7.3087963934e+05
       208      -0.0186284383      7.3026666893e+05
       209      -0.0185648600      7.2965188100e+05
       210      -0.0185012817      7.2903492753e+05
       211      -0.0184377035      7.2841617340e+05
       212      -0.0183741252      7.2779545240e+05
       213      -0.0183105469      7.2717277867e+05
       214      -0.0182469686      7.2654823921e+05
       215      -0.0181833903      7.2592184085e+05
       216      -0.0181198120      7.2529323084e+05
       217      -0.0180562337      7.2466251848e+05
       218      -0.0179926554      7.2402986070e+05
       219      -0.0179290771      7.2339522679e+05
       220      -0.0178654989      7.2275861089e+05
       221      -0.0178019206      7.2211995378e+05
       222      -0.0177383423      7.2147909091e+05
       223      -0.0176747640      7.2083633135e+05
       224      -0.0176111857      7.2019143807e+05
       225      -0.0175476074      7.1954448669e+05
       226      -0.0174840291      7.1889554210e+05
       227      -0.0174204508      7.1824441570e+05
       228      -0.0173568726      7.1759137268e+05
       229      -0.0172932943      7.1693588864e+05
       230      -0.0172297160      7.1627833643e+05
       231      -0.0171661377      7.1561896809e+05
       232      -0.0171025594      7.1495755783e+05
       233      -0.0170389811      7.1429356520e+05
       234      -0.0169754028      7.1362758493e+05
       235      -0.0169118245      7.1295941518e+05
       236      -0.0168482463      7.1228905548e+05
       237      -0.0167846680      7.1161633234e+05
       238      -0.0167210897      7.1094144218e+05
       239      -0.0166575114      7.1026443463e+05
       240      -0.0165939331      7.0958524854e+05
       241      -0.0165303548      7.0890385676e+05
       242      -0.0164667765      7.0822015574e+05
       243      -0.0164031982      7.0753414373e+05
       244      -0.0163396200      7.0684599050e+05
       245      -0.0162760417      7.0615546045e+05
       246      -0.0162124634      7.0546248168e+05
       247      -0.0161488851      7.0476732678e+05
       248      -0.0160853068      7.0406981395e+05
       249      -0.0160217285      7.0337027425e+05
       250      -0.0159581502      7.0266833136e+05
       251      -0.0158945719      7.0196402495e+05
       252      -0.0158309937      7.0125728776e+05
       253      -0.0157674154      7.0054832955e+05
       254      -0.0157038371      6.9983695721e+05
       255      -0.0156402588      6.9912293924e+05
       256      -0.0155766805      6.9840677161e+05
       257      -0.0155131022      6.9768799364e+05
       258      -0.0154495239      6.9696684626e+05
       259      -0.0153859456      6.9624335611e+05
       260      -0.0153223674      6.9551720978e+05
       261      -0.0152587891      6.9478860748e+05
       262      -0.0151952108      6.9405775245e+05
       263      -0.0151316325      6.9332419487e+05
       264      -0.0150680542      6.9258825905e+05
       265      -0.0150044759      6.9184964500e+05
       266      -0.0149408976      6.9110860510e+05
       267      -0.0148773193      6.9036471728e+05
       268      -0.0148137410      6.8961878782e+05
       269      -0.0147501628      6.8887000164e+05
       270      -0.0146865845      6.8811878561e+05
       271      -0.0146230062      6.8736487293e+05
       272      -0.0145594279      6.8660830894e+05
       273      -0.0144958496      6.8584912322e+05
       274      -0.0144322713      6.8508741282e+05
       275      -0.0143686930      6.8432320625e+05
       276      -0.0143051147      6.8355592110e+05
       277      -0.0142415365      6.8278626664e+05
       278      -0.0141779582      6.8201404632e+05
       279      -0.0141143799      6.8123911855e+05
       280      -0.0140508016      6.8046158748e+05
       281      -0.0139872233      6.7968114879e+05
       282      -0.0139236450      6.7889780271e+05
       283      -0.0138600667      6.7811171600e+05
       284      -0.0137964884      6.7732290720e+05
       285      -0.0137329102      6.7653135046e+05
       286      -0.0136693319      6.7573690115e+05
       287      -0.0136057536      6.7493995528e+05
       288      -0.0135421753      6.7413991672e+05
       289      -0.0134785970      6.7333727922e+05
       290      -0.0134150187      6.7253165997e+05
       291      -0.0133514404      6.7172320442e+05
       292      -0.0132878621      6.7091177297e+05
       293      -0.0132242839      6.7009745399e+05
       294      -0.0131607056      6.6928026640e+05
       295      -0.0130971273      6.6846019492e+05
       296      -0.0130335490      6.6763738943e+05
       297      -0.0129699707      6.6681130420e+05
       298      -0.0129063924      6.6598260736e+05
       299      -0.0128428141      6.6515086665e+05
       300      -0.0127792358      6.6431606058e+05
       301      -0.0127156576      6.6347822191e+05
       302      -0.0126520793      6.6263730011e+05
       303      -0.0125885010      6.6179318612e+05
       304      -0.0125249227      6.6094635679e+05
       305      -0.0124613444      6.6009657759e+05
       306      -0.0123977661      6.5924362657e+05
       307      -0.0123341878      6.5838758612e+05
       308      -0.0122706095      6.5752823312e+05
       309      -0.0122070313      6.5666590671e+05
       310      -0.0121434530      6.5580064191e+05
       311      -0.0120798747      6.5493205330e+05
       312      -0.0120162964      6.5405998532e+05
       313      -0.0119527181      6.5318483760e+05
       314      -0.0118891398      6.5230645133e+05
       315      -0.0118255615      6.5142475541e+05
       316      -0.0117619832      6.5053990606e+05
       317      -0.0116984049      6.4965183202e+05
       318      -0.0116348267      6.4876058281e+05
       319      -0.0115712484      6.4786574247e+05
       320      -0.0115076701      6.4696792822e+05
       321      -0.0114440918      6.4606647056e+05
       322      -0.0113805135      6.4516201082e+05
       323      -0.0113169352      6.4425407941e+05
       324      -0.0112533569      6.4334272019e+05
       325      -0.0111897786      6.4242831781e+05
       326      -0.0111262004      6.4151041792e+05
       327      -0.0110626221      6.4058901180e+05
       328      -0.0109990438      6.3966420978e+05
       329      -0.0109354655      6.3873609238e+05
       330      -0.0108718872      6.3780426526e+05
       331      -0.0108083089      6.3686896683e+05
       332      -0.0107447306      6.3592998374e+05
       333      -0.0106811523      6.3498763331e+05
       334      -0.0106175741      6.3404170705e+05
       335      -0.0105539958      6.3309231090e+05
       336      -0.0104904175      6.3213956734e+05
       337      -0.0104268392      6.3118275682e+05
       338      -0.0103632609      6.3022230981e+05
       339      -0.0102996826      6.2925803559e+05
       340      -0.0102361043      6.2829063433e+05
       341      -0.0101725260      6.2731967788e+05
       342      -0.0101089478      6.2634475115e+05
       343      -0.0100453695      6.2536602997e+05
       344      -0.0099817912      6.2438346592e+05
       345      -0.0099182129      6.2339744026e+05
       346      -0.0098546346      6.2240763151e+05
       347      -0.0097910563      6.2141383808e+05
       348      -0.0097274780      6.2041616561e+05
       349      -0.0096638997      6.1941479795e+05
       350      -0.0096003215      6.1840984655e+05
       351      -0.0095367432      6.1740073628e+05
       352      -0.0094731649      6.1638792755e+05
       353      -0.0094095866      6.1537101034e+05
       354      -0.0093460083      6.1435040732e+05
       355      -0.0092824300      6.1332606110e+05
       356      -0.0092188517      6.1229733547e+05
       357      -0.0091552734      6.1126490697e+05
       358      -0.0090916951      6.1022815965e+05
       359      -0.0090281169      6.0918774320e+05
       360      -0.0089645386      6.0814306689e+05
       361      -0.0089009603      6.0709417860e+05
       362      -0.0088373820      6.0604120010e+05
       363      -0.0087738037      6.0498447348e+05
       364      -0.0087102254      6.0392353420e+05
       365      -0.0086466471      6.0285833134e+05
       366      -0.0085830688      6.0178922491e+05
       367      -0.0085194906      6.0071589192e+05
       368      -0.0084559123      5.9963817804e+05
       369      -0.0083923340      5.9855637313e+05
       370      -0.0083287557      5.9746994135e+05
       371      -0.0082651774      5.9637918431e+05
       372      -0.0082015991      5.9528466904e+05
       373      -0.0081380208      5.9418608535e+05
       374      -0.0080744425      5.9308275595e+05
       375      -0.0080108643      5.9197419703e+05
       376      -0.0079472860      5.9086188155e+05
       377      -0.0078837077      5.8974551445e+05
       378      -0.0078201294      5.8862447535e+05
       379      -0.0077565511      5.8749893293e+05
       380      -0.0076929728      5.8636921704e+05
       381      -0.0076293945      5.8523495123e+05
       382      -0.0075658162      5.8409624703e+05
       383      -0.0075022380      5.8295258973e+05
       384      -0.0074386597      5.8180447373e+05
       385      -0.0073750814      5.8065224039e+05
       386      -0.0073115031      5.7949481617e+05
       387      -0.0072479248      5.7833281319e+05
       388      -0.0071843465      5.7716623027e+05
       389      -0.0071207682      5.7599531200e+05
       390      -0.0070571899      5.7481937883e+05
       391      -0.0069936117      5.7363842725e+05
       392      -0.0069300334      5.7245318993e+05
       393      -0.0068664551      5.7126278800e+05
       394      -0.0068028768      5.7006799455e+05
       395      -0.0067392985      5.6886860428e+05
       396      -0.0066757202      5.6766380994e+05
       397      -0.0066121419      5.6645429008e+05
       398      -0.0065485636      5.6523973766e+05
       399      -0.0064849854      5.6402011131e+05
       400      -0.0064214071      5.6279583491e+05
       401      -0.0063578288      5.6156648429e+05
       402      -0.0062942505      5.6033206642e+05
       403      -0.0062306722      5.5909240144e+05
       404      -0.0061670939      5.5784766115e+05
       405      -0.0061035156      5.5659818314e+05
       406      -0.0060399373      5.5534319204e+05
       407      -0.0059763590      5.5408312324e+05
       408      -0.0059127808      5.5281808549e+05
       409      -0.0058492025      5.5154745951e+05
       410      -0.0057856242      5.5027180886e+05
       411      -0.0057220459      5.4899067823e+05
       412      -0.0056584676      5.4770469292e+05
       413      -0.0055948893      5.4641314459e+05
       414      -0.0055313110      5.4511668602e+05
       415      -0.0054677327      5.4381432800e+05
       416      -0.0054041545      5.4250663535e+05
       417      -0.0053405762      5.4119348736e+05
       418      -0.0052769979      5.3987467884e+05
       419      -0.0052134196      5.3855040886e+05
       420      -0.0051498413      5.3722043078e+05
       421      -0.0050862630      5.3588489810e+05
       422      -0.0050226847      5.3454372895e+05
       423      -0.0049591064      5.3319700638e+05
       424      -0.0048955282      5.3184486027e+05
       425      -0.0048319499      5.3048729347e+05
       426      -0.0047683716      5.2912437282e+05
       427      -0.0047047933      5.2775489221e+05
       428      -0.0046412150      5.2637971827e+05
       429      -0.0045776367      5.2499845195e+05
       430      -0.0045140584      5.2361157017e+05
       431      -0.0044504801      5.2221852560e+05
       432      -0.0043869019      5.2082010424e+05
       433      -0.0043233236      5.1941511210e+05
       434      -0.0042597453      5.1800426697e+05
       435      -0.0041961670      5.1658697936e+05
       436      -0.0041325887      5.1516450034e+05
       437      -0.0040690104      5.1373521307e+05
       438      -0.0040054321      5.1229973163e+05
       439      -0.0039418538      5.1085854745e+05
       440      -0.0038782756      5.0941077905e+05
       441      -0.0038146973      5.0795654928e+05
       442      -0.0037511190      5.0649578321e+05
       443      -0.0036875407      5.0502910697e+05
       444      -0.0036239624      5.0355506252e+05
       445      -0.0035603841      5.0207544969e+05
       446      -0.0034968058      5.0058815454e+05
       447      -0.0034332275      4.9909494179e+05
       448      -0.0033696493      4.9759496159e+05
       449      -0.0033060710      4.9608861801e+05
       450      -0.0032424927      4.9457542530e+05
       451      -0.0031789144      4.9305440829e+05
       452      -0.0031153361      4.9152723651e+05
       453      -0.0030517578      4.8999345069e+05
       454      -0.0029881795      4.8845171953e+05
       455      -0.0029246012      4.8690279929e+05
       456      -0.0028610229      4.8534722797e+05
       457      -0.0027974447      4.8378481508e+05
       458      -0.0027338664      4.8221430707e+05
       459      -0.0026702881      4.8063733637e+05
       460      -0.0026067098      4.7905228058e+05
       461      -0.0025431315      4.7745978200e+05
       462      -0.0024795532      4.7585991186e+05
       463      -0.0024159749      4.7425223895e+05
       464      -0.0023523966      4.7263692647e+05
       465      -0.0022888184      4.7101295672e+05
       466      -0.0022252401      4.6938124328e+05
       467      -0.0021616618      4.6774140617e+05
       468      -0.0020980835      4.6609361999e+05
       469      -0.0020345052      4.6443668669e+05
       470      -0.0019709269      4.6277043318e+05
       471      -0.0019073486      4.6109634568e+05
       472      -0.0018437703      4.5941216003e+05
       473      -0.0017801921      4.5771897751e+05
       474      -0.0017166138      4.5601543437e+05
       475      -0.0016530355      4.5430211636e+05
       476      -0.0015894572      4.5257765464e+05
       477      -0.0015258789      4.5084266319e+05
       478      -0.0014623006      4.4909529982e+05
       479      -0.0013987223      4.4733585061e+05
       480      -0.0013351440      4.4556281363e+05
       481      -0.0012715658      4.4377630824e+05
       482      -0.0012079875      4.4197479552e+05
       483      -0.0011444092      4.4015762034e+05
       484      -0.0010808309      4.3832418691e+05
       485      -0.0010172526      4.3647350190e+05
       486      -0.0009536743      4.3460452609e+05
       487      -0.0008900960      4.3271663783e+05
       488      -0.0008265177      4.3080952199e+05
       489      -0.0007629395      4.2888225630e+05
       490      -0.0006993612      4.2693644273e+05
       491      -0.0006357829      4.2497091239e+05
       492      -0.0005722046      4.2298787038e+05
       493      -0.0005086263      4.2098886480e+05
       494      -0.0004450480      4.1897430312e+05
       495      -0.0003814697      4.1694680639e+05
       496      -0.0003178914      4.1491119742e+05
       497      -0.0002543132      4.1286640594e+05
       498      -0.0001907349      4.1081788656e+05
       499      -0.0001271566      4.0876850059e+05
       500      -0.0000635783      4.0672246359e+05
       501      0.0000000000      4.0468342653e+05
       502      0.0000635783      4.0265145122e+05
       503      0.0001271566      4.0063087407e+05
       504      0.0001907349      3.9862222703e+05
       505      0.0002543132      3.9662815799e+05
       506      0.0003178914      3.9464933319e+05
       507      0.0003814697      3.9268686465e+05
       508      0.0004450480      3.9074119976e+05
       509      0.0005086263      3.8881211275e+05
       510      0.0005722046      3.8690161526e+05
       511      0.0006357829      3.8500644884e+05
       512      0.0006993612      3.8312692368e+05
       513      0.0007629395      3.8126275343e+05
       514      0.0008265177      3.7941384422e+05
       515      0.0008900960      3.7757987609e+05
       516      0.0009536743      3.7575912186e+05
       517      0.0010172526      3.7395329099e+05
       518      0.0010808309      3.7215978357e+05
       519      0.0011444092      3.7037929972e+05
       520      0.0012079875      3.6861069484e+05
       521      0.0012715658      3.6685582545e+05
       522      0.0013351440      3.6511246446e+05
       523      0.0013987223      3.6338059076e+05
       524      0.0014623006      3.6166001803e+05
       525      0.0015258789      3.5995122058e+05
       526      0.0015894572      3.5825374705e+05
       527      0.0016530355      3.5656608941e+05
       528      0.0017166138      3.5488946149e+05
       529      0.0017801921      3.5322276416e+05
       530      0.0018437703      3.5156742955e+05
       531      0.0019073486      3.4992177620e+05
       532      0.0019709269      3.4828706187e+05
       533      0.0020345052      3.4666141663e+05
       534      0.0020980835      3.4504519195e+05
       535      0.0021616618      3.4343888313e+05
       536      0.0022252401      3.4184344652e+05
       537      0.0022888184      3.4025583899e+05
       538      0.0023523966      3.3867815050e+05
       539      0.0024159749      3.3710961230e+05
       540      0.0024795532      3.3554966485e+05
       541      0.0025431315      3.3399914425e+05
       542      0.0026067098      3.3245747554e+05
       543      0.0026702881      3.3092458064e+05
       544      0.0027338664      3.2940065718e+05
       545      0.0027974447      3.2788561272e+05
       546      0.0028610229      3.2637908102e+05
       547      0.0029246012      3.2488067349e+05
       548      0.0029881795      3.2339027027e+05
       549      0.0030517578      3.2190907371e+05
       550      0.0031153361      3.2043518300e+05
       551      0.0031789144      3.1897002386e+05
       552      0.0032424927      3.1751262114e+05
       553      0.0033060710      3.1606385097e+05
       554      0.0033696493      3.1462256093e+05
       555      0.0034332275      3.1318917125e+05
       556      0.0034968058      3.1176429185e+05
       557      0.0035603841      3.1034656918e+05
       558      0.0036239624      3.0893716269e+05
       559      0.0036875407      3.0753496324e+05
       560      0.0037511190      3.0614026490e+05
       561      0.0038146973      3.0475326476e+05
       562      0.0038782756      3.0337363995e+05
       563      0.0039418538      3.0200153688e+05
       564      0.0040054321      3.0063719780e+05
       565      0.0040690104      2.9928041901e+05
       566      0.0041325887      2.9793018346e+05
       567      0.0041961670      2.9658791473e+05
       568      0.0042597453      2.9525276581e+05
       569      0.0043233236      2.9392450690e+05
       570      0.0043869019      2.9260325280e+05
       571      0.0044504801      2.9128896156e+05
       572      0.0045140584      2.8998215279e+05
       573      0.0045776367      2.8868177056e+05
       574      0.0046412150      2.8738826422e+05
       575      0.0047047933      2.8610127228e+05
       576      0.0047683716      2.8482144449e+05
       577      0.0048319499      2.8354848075e+05
       578      0.0048955282      2.8228277263e+05
       579      0.0049591064      2.8102361028e+05
       580      0.0050226847      2.7977100167e+05
       581      0.0050862630      2.7852517569e+05
       582      0.0051498413      2.7728664927e+05
       583      0.0052134196      2.7605394707e+05
       584      0.0052769979      2.7482797539e+05
       585      0.0053405762      2.7360801359e+05
       586      0.0054041545      2.7239459487e+05
       587      0.0054677327      2.7118801477e+05
       588      0.0055313110      2.6998724462e+05
       589      0.0055948893      2.6879318722e+05
       590      0.0056584676      2.6760564772e+05
       591      0.0057220459      2.6642400911e+05
       592      0.0057856242      2.6524892561e+05
       593      0.0058492025      2.6407986230e+05
       594      0.0059127808      2.6291752169e+05
       595      0.0059763590      2.6176091696e+05
       596      0.0060399373      2.6060966234e+05
       597      0.0061035156      2.5946533195e+05
       598      0.0061670939      2.5832658241e+05
       599      0.0062306722      2.5719354609e+05
       600      0.0062942505      2.5606710128e+05
       601      0.0063578288      2.5494602613e+05
       602      0.0064214071      2.5383139509e+05
       603      0.0064849854      2.5272239276e+05
       604      0.0065485636      2.5161918273e+05
       605      0.0066121419      2.5052174808e+05
       606      0.0066757202      2.4943015963e+05
       607      0.0067392985      2.4834411552e+05
       608      0.0068028768      2.4726391302e+05
       609      0.0068664551      2.4618958590e+05
       610      0.0069300334      2.4512064990e+05
       611      0.0069936117      2.4405714140e+05
       612      0.0070571899      2.4299910138e+05
       613      0.0071207682      2.4194677701e+05
       614      0.0071843465      2.4089956829e+05
       615      0.0072479248      2.3985826955e+05
       616      0.0073115031      2.3882221950e+05
       617      0.0073750814      2.3779170151e+05
       618      0.0074386597      2.3676632552e+05
       619      0.0075022380      2.3574618517e+05
       620      0.0075658162      2.3473129721e+05
       621      0.0076293945      2.3372222747e+05
       622      0.0076929728      2.3271884813e+05
       623      0.0077565511      2.3172006864e+05
       624      0.0078201294      2.3072648899e+05
       625      0.0078837077      2.2973793167e+05
       626      0.0079472860      2.2875468008e+05
       627      0.0080108643      2.2777632022e+05
       628      0.0080744425      2.2680355119e+05
       629      0.0081380208      2.2583538926e+05
       630      0.0082015991      2.2487228323e+05
       631      0.0082651774      2.2391409351e+05
       632      0.0083287557      2.2296117178e+05
       633      0.0083923340      2.2201318523e+05
       634      0.0084559123      2.2106995976e+05
       635      0.0085194906      2.2013105846e+05
       636      0.0085830688      2.1919720935e+05
       637      0.0086466471      2.1826834882e+05
       638      0.0087102254      2.1734427305e+05
       639      0.0087738037      2.1642518573e+05
       640      0.0088373820      2.1551088063e+05
       641      0.0089009603      2.1460113170e+05
       642      0.0089645386      2.1369657178e+05
       643      0.0090281169      2.1279604409e+05
       644      0.0090916951      2.1190020077e+05
       645      0.0091552734      2.1100950558e+05
       646      0.0092188517      2.1012317383e+05
       647      0.0092824300      2.0924130924e+05
       648      0.0093460083      2.0836409575e+05
       649      0.0094095866      2.0749114865e+05
       650      0.0094731649      2.0662287117e+05
       651      0.0095367432      2.0575905415e+05
       652      0.0096003215      2.0489987050e+05
       653      0.0096638997      2.0404486599e+05
       654      0.0097274780      2.0319419551e+05
       655      0.0097910563      2.0234807799e+05
       656      0.0098546346      2.0150622885e+05
       657      0.0099182129      2.0066879278e+05
       658      0.0099817912      1.9983588846e+05
       659      0.0100453695      1.9900708621e+05
       660      0.0101089478      1.9818259866e+05
       661      0.0101725260      1.9736230862e+05
       662      0.0102361043      1.9654602865e+05
       663      0.0102996826      1.9573406161e+05
       664      0.0103632609      1.9492624863e+05
       665      0.0104268392      1.9412246763e+05
       666      0.0104904175      1.9332301894e+05
       667      0.0105539958      1.9252751927e+05
       668      0.0106175741      1.9173594875e+05
       669      0.0106811523      1.9094838851e+05
       670      0.0107447306      1.9016480636e+05
       671      0.0108083089      1.8938522334e+05
       672      0.0108718872      1.8860976790e+05
       673      0.0109354655      1.8783812886e+05
       674      0.0109990438      1.8707056503e+05
       675      0.0110626221      1.8630670756e+05
       676      0.0111262004      1.8554688637e+05
       677      0.0111897786      1.8479104421e+05
       678      0.0112533569      1.8403883056e+05
       679      0.0113169352      1.8329043788e+05
       680      0.0113805135      1.8254603925e+05
       681      0.0114440918      1.8180562442e+05
       682      0.0115076701      1.8106918703e+05
       683      0.0115712484      1.8033615185e+05
       684      0.0116348267      1.7960691567e+05
       685      0.0116984049      1.7888108906e+05
       686      0.0117619832      1.7815896814e+05
       687      0.0118255615      1.7744034901e+05
       688      0.0118891398      1.7672559588e+05
       689      0.0119527181      1.7601452139e+05
       690      0.0120162964      1.7530711207e+05
       691      0.0120798747      1.7460322476e+05
       692      0.0121434530      1.7390302918e+05
       693      0.0122070312      1.7320605546e+05
       694      0.0122706095      1.7251293601e+05
       695      0.0123341878      1.7182332678e+05
       696      0.0123977661      1.7113682303e+05
       697      0.0124613444      1.7045390528e+05
       698      0.0125249227      1.6977451565e+05
       699      0.0125885010      1.6909821948e+05
       700      0.0126520793      1.6842561371e+05
       701      0.0127156576      1.6775646191e+05
       702      0.0127792358      1.6709055849e+05
       703      0.0128428141      1.6642788937e+05
       704      0.0129063924      1.6576881777e+05
       705      0.0129699707      1.6511303781e+05
       706      0.0130335490      1.6446038677e+05
       707      0.0130971273      1.6381098453e+05
       708      0.0131607056      1.6316475648e+05
       709      0.0132242839      1.6252185691e+05
       710      0.0132878621      1.6188204762e+05
       711      0.0133514404      1.6124544574e+05
       712      0.0134150187      1.6061216667e+05
       713      0.0134785970      1.5998194912e+05
       714      0.0135421753      1.5935489115e+05
       715      0.0136057536      1.5873117728e+05
       716      0.0136693319      1.5811017748e+05
       717      0.0137329102      1.5749260939e+05
       718      0.0137964884      1.5687801681e+05
       719      0.0138600667      1.5626662418e+05
       720      0.0139236450      1.5565813984e+05
       721      0.0139872233      1.5505269871e+05
       722      0.0140508016      1.5445023620e+05
       723      0.0141143799      1.5385075332e+05
       724      0.0141779582      1.5325408666e+05
       725      0.0142415365      1.5266050016e+05
       726      0.0143051147      1.5207010000e+05
       727      0.0143686930      1.5148238733e+05
       728      0.0144322713      1.5089749610e+05
       729      0.0144958496      1.5031543972e+05
       730      0.0145594279      1.4973650579e+05
       731      0.0146230062      1.4916029700e+05
       732      0.0146865845      1.4858689465e+05
       733      0.0147501628      1.4801630681e+05
       734      0.0148137410      1.4744866176e+05
       735      0.0148773193      1.4688390619e+05
       736      0.0149408976      1.4632180740e+05
       737      0.0150044759      1.4576226356e+05
       738      0.0150680542      1.4520553434e+05
       739      0.0151316325      1.4465157690e+05
       740      0.0151952108      1.4410023000e+05
       741      0.0152587891      1.4355186163e+05
       742      0.0153223674      1.4300582914e+05
       743      0.0153859456      1.4246299305e+05
       744      0.0154495239      1.4192249508e+05
       745      0.0155131022      1.4138442496e+05
       746      0.0155766805      1.4084921219e+05
       747      0.0156402588      1.4031683976e+05
       748      0.0157038371      1.3978664856e+05
       749      0.0157674154      1.3925922482e+05
       750      0.0158309937      1.3873432928e+05
       751      0.0158945719      1.3821220760e+05
       752      0.0159581502      1.3769225523e+05
       753      0.0160217285      1.3717488702e+05
       754      0.0160853068      1.3666020981e+05
       755      0.0161488851      1.3614815710e+05
       756      0.0162124634      1.3563833190e+05
       757      0.0162760417      1.3513094001e+05
       758      0.0163396200      1.3462607402e+05
       759      0.0164031982      1.3412378387e+05
       760      0.0164667765      1.3362370707e+05
       761      0.0165303548      1.3312599224e+05
       762      0.0165939331      1.3263094653e+05
       763      0.0166575114      1.3213806915e+05
       764      0.0167210897      1.3164770248e+05
       765      0.0167846680      1.3115969726e+05
       766      0.0168482463      1.3067376275e+05
       767      0.0169118245      1.3019027899e+05
       768      0.0169754028      1.2970937947e+05
       769      0.0170389811      1.2923067561e+05
       770      0.0171025594      1.2875419258e+05
       771      0.0171661377      1.2827999432e+05
       772      0.0172297160      1.2780811946e+05
       773      0.0172932943      1.2733860088e+05
       774      0.0173568726      1.2687140370e+05
       775      0.0174204508      1.2640624926e+05
       776      0.0174840291      1.2594320622e+05
       777      0.0175476074      1.2548254000e+05
       778      0.0176111857      1.2502409226e+05
       779      0.0176747640      1.2456778205e+05
       780      0.0177383423      1.2411374684e+05
       781      0.0178019206      1.2366165520e+05
       782      0.0178654989      1.2321184750e+05
       783      0.0179290771      1.2276408216e+05
       784      0.0179926554      1.2231843771e+05
       785      0.0180562337      1.2187487765e+05
       786      0.0181198120      1.2143347710e+05
       787      0.0181833903      1.2099426749e+05
       788      0.0182469686      1.2055704281e+05
       789      0.0183105469      1.2012175418e+05
       790      0.0183741252      1.1968844988e+05
       791      0.0184377035      1.1925747785e+05
       792      0.0185012817      1.1882851159e+05
       793      0.0185648600      1.1840132303e+05
       794      0.0186284383      1.1797633561e+05
       795      0.0186920166      1.1755325703e+05
       796      0.0187555949      1.1713221836e+05
       797      0.0188191732      1.1671322118e+05
       798      0.0188827515      1.1629602802e+05
       799      0.0189463298      1.1588080237e+05
       800      0.0190099080      1.1546751165e+05
       801      0.0190734863      1.1505610879e+05
       802      0.0191370646      1.1464663853e+05
       803      0.0192006429      1.1423896713e+05
       804      0.0192642212      1.1383329696e+05
       805      0.0193277995      1.1342970353e+05
       806      0.0193913778      1.1302798367e+05
       807      0.0194549561      1.1262792345e+05
       808      0.0195185343      1.1222995078e+05
       809      0.0195821126      1.1183387161e+05
       810      0.0196456909      1.1143962680e+05
       811      0.0197092692      1.1104714393e+05
       812      0.0197728475      1.1065617803e+05
       813      0.0198364258      1.1026716853e+05
       814      0.0199000041      1.0987995550e+05
       815      0.0199635824      1.0949452113e+05
       816      0.0200271606      1.0911102153e+05
       817      0.0200907389      1.0872937102e+05
       818      0.0201543172      1.0834928692e+05
       819      0.0202178955      1.0797097206e+05
       820      0.0202814738      1.0759439409e+05
       821      0.0203450521      1.0721947715e+05
       822      0.0204086304      1.0684645038e+05
       823      0.0204722087      1.0647500032e+05
       824      0.0205357869      1.0610520947e+05
       825      0.0205993652      1.0573715598e+05
       826      0.0206629435      1.0537089392e+05
       827      0.0207265218      1.0500626975e+05
       828      0.0207901001      1.0464342474e+05
       829      0.0208536784      1.0428211902e+05
       830      0.0209172567      1.0392242348e+05
       831      0.0209808350      1.0356434504e+05
       832      0.0210444132      1.0320787332e+05
       833      0.0211079915      1.0285299161e+05
       834      0.0211715698      1.0249990701e+05
       835      0.0212351481      1.0214833328e+05
       836      0.0212987264      1.0179812216e+05
       837      0.0213623047      1.0144957663e+05
       838      0.0214258830      1.0110274258e+05
       839      0.0214894613      1.0075749534e+05
       840      0.0215530396      1.0041378905e+05
       841      0.0216166178      1.0007157435e+05
       842      0.0216801961      9.9730932193e+04
       843      0.0217437744      9.9391728608e+04
       844      0.0218073527      9.9054128135e+04
       845      0.0218709310      9.8717993892e+04
       846      0.0219345093      9.8383355577e+04
       847      0.0219980876      9.8050368333e+04
       848      0.0220616659      9.7718742484e+04
       849      0.0221252441      9.7388638385e+04
       850      0.0221888224      9.7059936662e+04
       851      0.0222524007      9.6732635578e+04
       852      0.0223159790      9.6407098335e+04
       853      0.0223795573      9.6082915036e+04
       854      0.0224431356      9.5760181032e+04
       855      0.0225067139      9.5438872227e+04
       856      0.0225702922      9.5118918677e+04
       857      0.0226338704      9.4800285813e+04
       858      0.0226974487      9.4483302061e+04
       859      0.0227610270      9.4167594198e+04
       860      0.0228246053      9.3853530333e+04
       861      0.0228881836      9.3540680650e+04
       862      0.0229517619      9.3229135904e+04
       863      0.0230153402      9.2918870663e+04
       864      0.0230789185      9.2610066441e+04
       865      0.0231424967      9.2302740900e+04
       866      0.0232060750      9.1996774087e+04
       867      0.0232696533      9.1692138182e+04
       868      0.0233332316      9.1388843101e+04
       869      0.0233968099      9.1086810395e+04
       870      0.0234603882      9.0786077040e+04
       871      0.0235239665      9.0486630239e+04
       872      0.0235875448      9.0188412605e+04
       873      0.0236511230      8.9891588200e+04
       874      0.0237147013      8.9596003721e+04
       875      0.0237782796      8.9301837198e+04
       876      0.0238418579      8.9008968882e+04
       877      0.0239054362      8.8717397081e+04
       878      0.0239690145      8.8427039391e+04
       879      0.0240325928      8.8137902449e+04
       880      0.0240961711      8.7850089924e+04
       881      0.0241597493      8.7563398175e+04
       882      0.0242233276      8.7277965617e+04
       883      0.0242869059      8.6993792556e+04
       884      0.0243504842      8.6710868607e+04
       885      0.0244140625      8.6429095403e+04
       886      0.0244776408      8.6148599014e+04
       887      0.0245412191      8.5869398138e+04
       888      0.0246047974      8.5591320468e+04
       889      0.0246683757      8.5314485728e+04
       890      0.0247319539      8.5038689194e+04
       891      0.0247955322      8.4764302317e+04
       892      0.0248591105      8.4490986483e+04
       893      0.0249226888      8.4218948841e+04
       894      0.0249862671      8.3948055592e+04
       895      0.0250498454      8.3678285164e+04
       896      0.0251134237      8.3409574955e+04
       897      0.0251770020      8.3142055496e+04
       898      0.0252405802      8.2875828478e+04
       899      0.0253041585      8.2610523737e+04
       900      0.0253677368      8.2346424537e+04
       901      0.0254313151      8.2083503559e+04
       902      0.0254948934      8.1821641071e+04
       903      0.0255584717      8.1561023005e+04
       904      0.0256220500      8.1301315496e+04
       905      0.0256856283      8.1042874197e+04
       906      0.0257492065      8.0785462281e+04
       907      0.0258127848      8.0529164935e+04
       908      0.0258763631      8.0273987526e+04
       909      0.0259399414      8.0019856515e+04
       910      0.0260035197      7.9766742289e+04
       911      0.0260670980      7.9514760702e+04
       912      0.0261306763      7.9263769270e+04
       913      0.0261942546      7.9013853590e+04
       914      0.0262578328      7.8765024978e+04
       915      0.0263214111      7.8517149655e+04
       916      0.0263849894      7.8270382367e+04
       917      0.0264485677      7.8024630826e+04
       918      0.0265121460      7.7779895133e+04
       919      0.0265757243      7.7536023374e+04
       920      0.0266393026      7.7293358834e+04
       921      0.0267028809      7.7051630499e+04
       922      0.0267664591      7.6811039935e+04
       923      0.0268300374      7.6571389428e+04
       924      0.0268936157      7.6332630137e+04
       925      0.0269571940      7.6095084898e+04
       926      0.0270207723      7.5858482147e+04
       927      0.0270843506      7.5622766358e+04
       928      0.0271479289      7.5388038089e+04
       929      0.0272115072      7.5154288778e+04
       930      0.0272750854      7.4921599633e+04
       931      0.0273386637      7.4689676727e+04
       932      0.0274022420      7.4458777011e+04
       933      0.0274658203      7.4228878358e+04
       934      0.0275293986      7.3999890367e+04
       935      0.0275929769      7.3771881198e+04
       936      0.0276565552      7.3544778240e+04
       937      0.0277201335      7.3318661842e+04
       938      0.0277837118      7.3093568129e+04
       939      0.0278472900      7.2869365323e+04
       940      0.0279108683      7.2645981696e+04
       941      0.0279744466      7.2423593736e+04
       942      0.0280380249      7.2202120491e+04
       943      0.0281016032      7.1981501537e+04
       944      0.0281651815      7.1761733396e+04
       945      0.0282287598      7.1542788800e+04
       946      0.0282923381      7.1324907426e+04
       947      0.0283559163      7.1107780738e+04
       948      0.0284194946      7.0891603056e+04
       949      0.0284830729      7.0676233534e+04
       950      0.0285466512      7.0461761888e+04
       951      0.0286102295      7.0248219303e+04
       952      0.0286738078      7.0035457470e+04
       953      0.0287373861      6.9823665396e+04
       954      0.0288009644      6.9612659942e+04
       955      0.0288645426      6.9402467603e+04
       956      0.0289281209      6.9193229445e+04
       957      0.0289916992      6.8984886525e+04
       958      0.0290552775      6.8777314806e+04
       959      0.0291188558      6.8570578757e+04
       960      0.0291824341      6.8364704951e+04
       961      0.0292460124      6.8159547151e+04
       962      0.0293095907      6.7955292082e+04
       963      0.0293731689      6.7751825025e+04
       964      0.0294367472      6.7549271932e+04
       965      0.0295003255      6.7347476816e+04
       966      0.0295639038      6.7146440248e+04
       967      0.0296274821      6.6946126561e+04
       968      0.0296910604      6.6746704633e+04
       969      0.0297546387      6.6548059839e+04
       970      0.0298182170      6.6350236840e+04
       971      0.0298817952      6.6153117187e+04
       972      0.0299453735      6.5956790910e+04
       973      0.0300089518      6.5761235711e+04
       974      0.0300725301      6.5566558502e+04
       975      0.0301361084      6.5372641715e+04
       976      0.0301996867      6.5179425755e+04
       977      0.0302632650      6.4986941765e+04
       978      0.0303268433      6.4795263604e+04
       979      0.0303904215      6.4604338633e+04
       980      0.0304539998      6.4414254275e+04
       981      0.0305175781      6.4224816574e+04
       982      0.0305811564      6.4036148614e+04
       983      0.0306447347      6.3848208167e+04
       984      0.0307083130      6.3660975829e+04
       985      0.0307718913      6.3474422731e+04
       986      0.0308354696      6.3288634722e+04
       987      0.0308990479      6.3103682920e+04
       988      0.0309626261      6.2919422253e+04
       989      0.0310262044      6.2735864060e+04
       990      0.0310897827      6.2553031823e+04
       991      0.0311533610      6.2370961759e+04
       992      0.0312169393      6.2189494474e+04
       993      0.0312805176      6.2008771335e+04
       994      0.0313440959      6.1828749568e+04
       995      0.0314076742      6.1649437979e+04
       996      0.0314712524      6.1470924446e+04
       997      0.0315348307      6.1292974111e+04
       998      0.0315984090      6.1115734529e+04
       999      0.0316619873      6.0939177152e+04
      1000      0.0317255656      6.0763214765e+04
      1001      0.0317891439      6.0588101316e+04
