         1      -0.0059604645      2.2148984738e+06
         2      -0.0059366226      2.2130017258e+06
         3      -0.0059127808      2.2111004884e+06
         4      -0.0058889389      2.2091949999e+06
         5      -0.0058650970      2.2072891064e+06
         6      -0.0058412552      2.2053807998e+06
         7      -0.0058174133      2.2034674333e+06
         8      -0.0057935715      2.2015536095e+06
         9      -0.0057697296      2.1996343409e+06
        10      -0.0057458878      2.1977114356e+06
        11      -0.0057220459      2.1957848294e+06
        12      -0.0056982040      2.1938606983e+06
        13      -0.0056743622      2.1919309525e+06
        14      -0.0056505203      2.1899995814e+06
        15      -0.0056266785      2.1880631306e+06
        16      -0.0056028366      2.1861253787e+06
        17      -0.0055789948      2.1841853151e+06
        18      -0.0055551529      2.1822389612e+06
        19      -0.0055313110      2.1802921931e+06
        20      -0.0055074692      2.1783397682e+06
        21      -0.0054836273      2.1763842027e+06
        22      -0.0054597855      2.1744259534e+06
        23      -0.0054359436      2.1724652480e+06
        24      -0.0054121017      2.1705039381e+06
        25      -0.0053882599      2.1685363902e+06
        26      -0.0053644180      2.1665686904e+06
        27      -0.0053405762      2.1645963826e+06
        28      -0.0053167343      2.1626220880e+06
        29      -0.0052928925      2.1606434720e+06
        30      -0.0052690506      2.1586644231e+06
        31      -0.0052452087      2.1566789670e+06
        32      -0.0052213669      2.1546896431e+06
        33      -0.0051975250      2.1526980380e+06
        34      -0.0051736832      2.1507020224e+06
        35      -0.0051498413      2.1487041666e+06
        36      -0.0051259995      2.1467033672e+06
        37      -0.0051021576      2.1447005697e+06
        38      -0.0050783157      2.1426948719e+06
        39      -0.0050544739      2.1406862497e+06
        40      -0.0050306320      2.1386740414e+06
        41      -0.0050067902      2.1366584454e+06
        42      -0.0049829483      2.1346382384e+06
        43      -0.0049591064      2.1326131776e+06
        44      -0.0049352646      2.1305882979e+06
        45      -0.0049114227      2.1285588692e+06
        46      -0.0048875809      2.1265290967e+06
        47      -0.0048637390      2.1244947751e+06
        48      -0.0048398972      2.1224549137e+06
        49      -0.0048160553      2.1204138776e+06
        50      -0.0047922134      2.1183688332e+06
        51      -0.0047683716      2.1163202200e+06
        52      -0.0047445297      2.1142665804e+06
        53      -0.0047206879      2.1122131561e+06
        54      -0.0046968460      2.1101550628e+06
        55      -0.0046730042      2.1080933713e+06
        56      -0.0046491623      2.1060300346e+06
        57      -0.0046253204      2.1039608675e+06
        58      -0.0046014786      2.1018931012e+06
        59      -0.0045776367      2.0998178298e+06
        60      -0.0045537949      2.0977431606e+06
        61      -0.0045299530      2.0956636883e+06
        62      -0.0045061111      2.0935800035e+06
        63      -0.0044822693      2.0914929942e+06
        64      -0.0044584274      2.0894018563e+06
        65      -0.0044345856      2.0873066519e+06
        66      -0.0044107437      2.0852094748e+06
        67      -0.0043869019      2.0831074318e+06
        68      -0.0043630600      2.0810030900e+06
        69      -0.0043392181      2.0788946283e+06
        70      -0.0043153763      2.0767819800e+06
        71      -0.0042915344      2.0746689720e+06
        72      -0.0042676926      2.0725523073e+06
        73      -0.0042438507      2.0704281811e+06
        74      -0.0042200089      2.0683042171e+06
        75      -0.0041961670      2.0661766633e+06
        76      -0.0041723251      2.0640450172e+06
        77      -0.0041484833      2.0619090942e+06
        78      -0.0041246414      2.0597706463e+06
        79      -0.0041007996      2.0576276020e+06
        80      -0.0040769577      2.0554786524e+06
        81      -0.0040531158      2.0533283348e+06
        82      -0.0040292740      2.0511740810e+06
        83      -0.0040054321      2.0490171234e+06
        84      -0.0039815903      2.0468605667e+06
        85      -0.0039577484      2.0446988465e+06
        86      -0.0039339066      2.0425291591e+06
        87      -0.0039100647      2.0403594210e+06
        88      -0.0038862228      2.0381880095e+06
        89      -0.0038623810      2.0360123956e+06
        90      -0.0038385391      2.0338297591e+06
        91      -0.0038146973      2.0316440550e+06
        92      -0.0037908554      2.0294545583e+06
        93      -0.0037670135      2.0272632144e+06
        94      -0.0037431717      2.0250683483e+06
        95      -0.0037193298      2.0228679521e+06
        96      -0.0036954880      2.0206655832e+06
        97      -0.0036716461      2.0184580108e+06
        98      -0.0036478043      2.0162464655e+06
        99      -0.0036239624      2.0140340540e+06
       100      -0.0036001205      2.0118172506e+06
       101      -0.0035762787      2.0095986142e+06
       102      -0.0035524368      2.0073725925e+06
       103      -0.0035285950      2.0051445113e+06
       104      -0.0035047531      2.0029151431e+06
       105      -0.0034809113      2.0006761119e+06
       106      -0.0034570694      1.9984369362e+06
       107      -0.0034332275      1.9961942873e+06
       108      -0.0034093857      1.9939489592e+06
       109      -0.0033855438      1.9917006372e+06
       110      -0.0033617020      1.9894466968e+06
       111      -0.0033378601      1.9871866206e+06
       112      -0.0033140182      1.9849229700e+06
       113      -0.0032901764      1.9826545839e+06
       114      -0.0032663345      1.9803841001e+06
       115      -0.0032424927      1.9781095109e+06
       116      -0.0032186508      1.9758317982e+06
       117      -0.0031948090      1.9735496216e+06
       118      -0.0031709671      1.9712643381e+06
       119      -0.0031471252      1.9689719822e+06
       120      -0.0031232834      1.9666757227e+06
       121      -0.0030994415      1.9643779569e+06
       122      -0.0030755997      1.9620762596e+06
       123      -0.0030517578      1.9597713471e+06
       124      -0.0030279160      1.9574679832e+06
       125      -0.0030040741      1.9551562458e+06
       126      -0.0029802322      1.9528387640e+06
       127      -0.0029563904      1.9505153067e+06
       128      -0.0029325485      1.9481912868e+06
       129      -0.0029087067      1.9458596852e+06
       130      -0.0028848648      1.9435277546e+06
       131      -0.0028610229      1.9411894728e+06
       132      -0.0028371811      1.9388490548e+06
       133      -0.0028133392      1.9365054356e+06
       134      -0.0027894974      1.9341555608e+06
       135      -0.0027656555      1.9318022486e+06
       136      -0.0027418137      1.9294448708e+06
       137      -0.0027179718      1.9270821936e+06
       138      -0.0026941299      1.9247134235e+06
       139      -0.0026702881      1.9223439385e+06
       140      -0.0026464462      1.9199687327e+06
       141      -0.0026226044      1.9175878921e+06
       142      -0.0025987625      1.9152081002e+06
       143      -0.0025749207      1.9128236111e+06
       144      -0.0025510788      1.9104310558e+06
       145      -0.0025272369      1.9080368416e+06
       146      -0.0025033951      1.9056385150e+06
       147      -0.0024795532      1.9032362358e+06
       148      -0.0024557114      1.9008292951e+06
       149      -0.0024318695      1.8984157114e+06
       150      -0.0024080276      1.8959989794e+06
       151      -0.0023841858      1.8935799471e+06
       152      -0.0023603439      1.8911512134e+06
       153      -0.0023365021      1.8887197834e+06
       154      -0.0023126602      1.8862850975e+06
       155      -0.0022888184      1.8838458779e+06
       156      -0.0022649765      1.8814022362e+06
       157      -0.0022411346      1.8789523919e+06
       158      -0.0022172928      1.8765008416e+06
       159      -0.0021934509      1.8740451307e+06
       160      -0.0021696091      1.8715822532e+06
       161      -0.0021457672      1.8691175014e+06
       162      -0.0021219254      1.8666500256e+06
       163      -0.0020980835      1.8641760511e+06
       164      -0.0020742416      1.8616988804e+06
       165      -0.0020503998      1.8592127524e+06
       166      -0.0020265579      1.8567246282e+06
       167      -0.0020027161      1.8542334190e+06
       168      -0.0019788742      1.8517351752e+06
       169      -0.0019550323      1.8492318270e+06
       170      -0.0019311905      1.8467233656e+06
       171      -0.0019073486      1.8442082882e+06
       172      -0.0018835068      1.8416912320e+06
       173      -0.0018596649      1.8391669798e+06
       174      -0.0018358231      1.8366353940e+06
       175      -0.0018119812      1.8341044806e+06
       176      -0.0017881393      1.8315679345e+06
       177      -0.0017642975      1.8290254269e+06
       178      -0.0017404556      1.8264776902e+06
       179      -0.0017166138      1.8239237080e+06
       180      -0.0016927719      1.8213631275e+06
       181      -0.0016689301      1.8187986815e+06
       182      -0.0016450882      1.8162323576e+06
       183      -0.0016212463      1.8136579096e+06
       184      -0.0015974045      1.8110799297e+06
       185      -0.0015735626      1.8084933117e+06
       186      -0.0015497208      1.8059003233e+06
       187      -0.0015258789      1.8033051319e+06
       188      -0.0015020370      1.8007042030e+06
       189      -0.0014781952      1.7980953960e+06
       190      -0.0014543533      1.7954825492e+06
       191      -0.0014305115      1.7928652725e+06
       192      -0.0014066696      1.7902437232e+06
       193      -0.0013828278      1.7876139992e+06
       194      -0.0013589859      1.7849780570e+06
       195      -0.0013351440      1.7823367010e+06
       196      -0.0013113022      1.7796908823e+06
       197      -0.0012874603      1.7770379874e+06
       198      -0.0012636185      1.7743791619e+06
       199      -0.0012397766      1.7717157795e+06
       200      -0.0012159348      1.7690415913e+06
       201      -0.0011920929      1.7663649185e+06
       202      -0.0011682510      1.7636831634e+06
       203      -0.0011444092      1.7609933170e+06
       204      -0.0011205673      1.7582969547e+06
       205      -0.0010967255      1.7555942862e+06
       206      -0.0010728836      1.7528827444e+06
       207      -0.0010490417      1.7501675080e+06
       208      -0.0010251999      1.7474417801e+06
       209      -0.0010013580      1.7447090027e+06
       210      -0.0009775162      1.7419726021e+06
       211      -0.0009536743      1.7392284792e+06
       212      -0.0009298325      1.7364760171e+06
       213      -0.0009059906      1.7337168500e+06
       214      -0.0008821487      1.7309456194e+06
       215      -0.0008583069      1.7281711768e+06
       216      -0.0008344650      1.7253881330e+06
       217      -0.0008106232      1.7225895538e+06
       218      -0.0007867813      1.7197832242e+06
       219      -0.0007629395      1.7169673836e+06
       220      -0.0007390976      1.7141471490e+06
       221      -0.0007152557      1.7113101149e+06
       222      -0.0006914139      1.7084600411e+06
       223      -0.0006675720      1.7056027495e+06
       224      -0.0006437302      1.7027312746e+06
       225      -0.0006198883      1.6998455327e+06
       226      -0.0005960464      1.6969458585e+06
       227      -0.0005722046      1.6940277058e+06
       228      -0.0005483627      1.6911025210e+06
       229      -0.0005245209      1.6881669075e+06
       230      -0.0005006790      1.6852075237e+06
       231      -0.0004768372      1.6822375086e+06
       232      -0.0004529953      1.6792522950e+06
       233      -0.0004291534      1.6762554162e+06
       234      -0.0004053116      1.6732371910e+06
       235      -0.0003814697      1.6702044666e+06
       236      -0.0003576279      1.6671637129e+06
       237      -0.0003337860      1.6640998129e+06
       238      -0.0003099442      1.6610277056e+06
       239      -0.0002861023      1.6579384298e+06
       240      -0.0002622604      1.6548400034e+06
       241      -0.0002384186      1.6517354673e+06
       242      -0.0002145767      1.6486096212e+06
       243      -0.0001907349      1.6454691018e+06
       244      -0.0001668930      1.6423304157e+06
       245      -0.0001430511      1.6391902524e+06
       246      -0.0001192093      1.6360353705e+06
       247      -0.0000953674      1.6328788827e+06
       248      -0.0000715256      1.6297299641e+06
       249      -0.0000476837      1.6265765681e+06
       250      -0.0000238419      1.6234257241e+06
       251      0.0000000000      1.6202744725e+06
       252      0.0000238419      1.6171355533e+06
       253      0.0000476837      1.6140050135e+06
       254      0.0000715256      1.6108840401e+06
       255      0.0000953674      1.6077814130e+06
       256      0.0001192093      1.6046732859e+06
       257      0.0001430511      1.6015849907e+06
       258      0.0001668930      1.5985034370e+06
       259      0.0001907349      1.5954365116e+06
       260      0.0002145767      1.5923819427e+06
       261      0.0002384186      1.5893370261e+06
       262      0.0002622604      1.5863053735e+06
       263      0.0002861023      1.5832898634e+06
       264      0.0003099442      1.5802792798e+06
       265      0.0003337860      1.5772909543e+06
       266      0.0003576279      1.5743113238e+06
       267      0.0003814697      1.5713485727e+06
       268      0.0004053116      1.5683934502e+06
       269      0.0004291534      1.5654558993e+06
       270      0.0004529953      1.5625308655e+06
       271      0.0004768372      1.5596084994e+06
       272      0.0005006790      1.5567013164e+06
       273      0.0005245209      1.5538065360e+06
       274      0.0005483627      1.5509242119e+06
       275      0.0005722046      1.5480570964e+06
       276      0.0005960464      1.5451947040e+06
       277      0.0006198883      1.5423422973e+06
       278      0.0006437302      1.5395012636e+06
       279      0.0006675720      1.5366748746e+06
       280      0.0006914139      1.5338552883e+06
       281      0.0007152557      1.5310421924e+06
       282      0.0007390976      1.5282406723e+06
       283      0.0007629395      1.5254456063e+06
       284      0.0007867813      1.5226552610e+06
       285      0.0008106232      1.5198826531e+06
       286      0.0008344650      1.5171148601e+06
       287      0.0008583069      1.5143560596e+06
       288      0.0008821487      1.5116082688e+06
       289      0.0009059906      1.5088662019e+06
       290      0.0009298325      1.5061264863e+06
       291      0.0009536743      1.5033956795e+06
       292      0.0009775162      1.5006757890e+06
       293      0.0010013580      1.4979624766e+06
       294      0.0010251999      1.4952573456e+06
       295      0.0010490417      1.4925620116e+06
       296      0.0010728836      1.4898720581e+06
       297      0.0010967255      1.4871906527e+06
       298      0.0011205673      1.4845162219e+06
       299      0.0011444092      1.4818476558e+06
       300      0.0011682510      1.4791917160e+06
       301      0.0011920929      1.4765383711e+06
       302      0.0012159348      1.4738984705e+06
       303      0.0012397766      1.4712597191e+06
       304      0.0012636185      1.4686304938e+06
       305      0.0012874603      1.4660038069e+06
       306      0.0013113022      1.4633834398e+06
       307      0.0013351440      1.4607698872e+06
       308      0.0013589859      1.4581606148e+06
       309      0.0013828278      1.4555591221e+06
       310      0.0014066696      1.4529696542e+06
       311      0.0014305115      1.4503862258e+06
       312      0.0014543533      1.4478056572e+06
       313      0.0014781952      1.4452301594e+06
       314      0.0015020370      1.4426601862e+06
       315      0.0015258789      1.4400995116e+06
       316      0.0015497208      1.4375431921e+06
       317      0.0015735626      1.4349942365e+06
       318      0.0015974045      1.4324472230e+06
       319      0.0016212463      1.4299127520e+06
       320      0.0016450882      1.4273850112e+06
       321      0.0016689301      1.4248643567e+06
       322      0.0016927719      1.4223505503e+06
       323      0.0017166138      1.4198367018e+06
       324      0.0017404556      1.4173347607e+06
       325      0.0017642975      1.4148384554e+06
       326      0.0017881393      1.4123502025e+06
       327      0.0018119812      1.4098619175e+06
       328      0.0018358231      1.4073811954e+06
       329      0.0018596649      1.4049048476e+06
       330      0.0018835068      1.4024344601e+06
       331      0.0019073486      1.3999679151e+06
       332      0.0019311905      1.3975115639e+06
       333      0.0019550323      1.3950582545e+06
       334      0.0019788742      1.3926129188e+06
       335      0.0020027161      1.3901721617e+06
       336      0.0020265579      1.3877393019e+06
       337      0.0020503998      1.3853107496e+06
       338      0.0020742416      1.3828839563e+06
       339      0.0020980835      1.3804603191e+06
       340      0.0021219254      1.3780483772e+06
       341      0.0021457672      1.3756376487e+06
       342      0.0021696091      1.3732358682e+06
       343      0.0021934509      1.3708372672e+06
       344      0.0022172928      1.3684478131e+06
       345      0.0022411346      1.3660588512e+06
       346      0.0022649765      1.3636781918e+06
       347      0.0022888184      1.3613049392e+06
       348      0.0023126602      1.3589289103e+06
       349      0.0023365021      1.3565632618e+06
       350      0.0023603439      1.3542015892e+06
       351      0.0023841858      1.3518412257e+06
       352      0.0024080276      1.3494886706e+06
       353      0.0024318695      1.3471417741e+06
       354      0.0024557114      1.3448028859e+06
       355      0.0024795532      1.3424651523e+06
       356      0.0025033951      1.3401360312e+06
       357      0.0025272369      1.3378131776e+06
       358      0.0025510788      1.3354908051e+06
       359      0.0025749207      1.3331751695e+06
       360      0.0025987625      1.3308612337e+06
       361      0.0026226044      1.3285565031e+06
       362      0.0026464462      1.3262580875e+06
       363      0.0026702881      1.3239587310e+06
       364      0.0026941299      1.3216677787e+06
       365      0.0027179718      1.3193798554e+06
       366      0.0027418137      1.3171002980e+06
       367      0.0027656555      1.3148222308e+06
       368      0.0027894974      1.3125502873e+06
       369      0.0028133392      1.3102817739e+06
       370      0.0028371811      1.3080201058e+06
       371      0.0028610229      1.3057647575e+06
       372      0.0028848648      1.3035107289e+06
       373      0.0029087067      1.3012623894e+06
       374      0.0029325485      1.2990204122e+06
       375      0.0029563904      1.2967807932e+06
       376      0.0029802322      1.2945506726e+06
       377      0.0030040741      1.2923258027e+06
       378      0.0030279160      1.2900980261e+06
       379      0.0030517578      1.2878789003e+06
       380      0.0030755997      1.2856609972e+06
       381      0.0030994415      1.2834482069e+06
       382      0.0031232834      1.2812447065e+06
       383      0.0031471252      1.2790465603e+06
       384      0.0031709671      1.2768470716e+06
       385      0.0031948090      1.2746566260e+06
       386      0.0032186508      1.2724715668e+06
       387      0.0032424927      1.2702864774e+06
       388      0.0032663345      1.2681092805e+06
       389      0.0032901764      1.2659368648e+06
       390      0.0033140182      1.2637664330e+06
       391      0.0033378601      1.2616020516e+06
       392      0.0033617020      1.2594413625e+06
       393      0.0033855438      1.2572867854e+06
       394      0.0034093857      1.2551343361e+06
       395      0.0034332275      1.2529886960e+06
       396      0.0034570694      1.2508480401e+06
       397      0.0034809113      1.2487112068e+06
       398      0.0035047531      1.2465791423e+06
       399      0.0035285950      1.2444535213e+06
       400      0.0035524368      1.2423293842e+06
       401      0.0035762787      1.2402101891e+06
       402      0.0036001205      1.2380917134e+06
       403      0.0036239624      1.2359801343e+06
       404      0.0036478043      1.2338708175e+06
       405      0.0036716461      1.2317668689e+06
       406      0.0036954880      1.2296684076e+06
       407      0.0037193298      1.2275747493e+06
       408      0.0037431717      1.2254854502e+06
       409      0.0037670135      1.2234016291e+06
       410      0.0037908554      1.2213190012e+06
       411      0.0038146973      1.2192431255e+06
       412      0.0038385391      1.2171717496e+06
       413      0.0038623810      1.2151014084e+06
       414      0.0038862228      1.2130365982e+06
       415      0.0039100647      1.2109768407e+06
       416      0.0039339066      1.2089196229e+06
       417      0.0039577484      1.2068674052e+06
       418      0.0039815903      1.2048194853e+06
       419      0.0040054321      1.2027759588e+06
       420      0.0040292740      1.2007343203e+06
       421      0.0040531158      1.1987000955e+06
       422      0.0040769577      1.1966654477e+06
       423      0.0041007996      1.1946354456e+06
       424      0.0041246414      1.1926163207e+06
       425      0.0041484833      1.1905964014e+06
       426      0.0041723251      1.1885790759e+06
       427      0.0041961670      1.1865702791e+06
       428      0.0042200089      1.1845638302e+06
       429      0.0042438507      1.1825621425e+06
       430      0.0042676926      1.1805644056e+06
       431      0.0042915344      1.1785707360e+06
       432      0.0043153763      1.1765850491e+06
       433      0.0043392181      1.1745976301e+06
       434      0.0043630600      1.1726163627e+06
       435      0.0043869019      1.1706362887e+06
       436      0.0044107437      1.1686608496e+06
       437      0.0044345856      1.1666898349e+06
       438      0.0044584274      1.1647236988e+06
       439      0.0044822693      1.1627624963e+06
       440      0.0045061111      1.1608001801e+06
       441      0.0045299530      1.1588451201e+06
       442      0.0045537949      1.1568938537e+06
       443      0.0045776367      1.1549469929e+06
       444      0.0046014786      1.1530020498e+06
       445      0.0046253204      1.1510654747e+06
       446      0.0046491623      1.1491280227e+06
       447      0.0046730042      1.1471974256e+06
       448      0.0046968460      1.1452685101e+06
       449      0.0047206879      1.1433424293e+06
       450      0.0047445297      1.1414228741e+06
       451      0.0047683716      1.1395075795e+06
       452      0.0047922134      1.1375966719e+06
       453      0.0048160553      1.1356889808e+06
       454      0.0048398972      1.1337837693e+06
       455      0.0048637390      1.1318850133e+06
       456      0.0048875809      1.1299875809e+06
       457      0.0049114227      1.1280959859e+06
       458      0.0049352646      1.1262068452e+06
       459      0.0049591064      1.1243202629e+06
       460      0.0049829483      1.1224375255e+06
       461      0.0050067902      1.1205588462e+06
       462      0.0050306320      1.1186866291e+06
       463      0.0050544739      1.1168152497e+06
       464      0.0050783157      1.1149480530e+06
       465      0.0051021576      1.1130836584e+06
       466      0.0051259995      1.1112226129e+06
       467      0.0051498413      1.1093676425e+06
       468      0.0051736832      1.1075173795e+06
       469      0.0051975250      1.1056669978e+06
       470      0.0052213669      1.1038231791e+06
       471      0.0052452087      1.1019801161e+06
       472      0.0052690506      1.1001415372e+06
       473      0.0052928925      1.0983077089e+06
       474      0.0053167343      1.0964781970e+06
       475      0.0053405762      1.0946519966e+06
       476      0.0053644180      1.0928283274e+06
       477      0.0053882599      1.0910094814e+06
       478      0.0054121017      1.0891942739e+06
       479      0.0054359436      1.0873820790e+06
       480      0.0054597855      1.0855732180e+06
       481      0.0054836273      1.0837679692e+06
       482      0.0055074692      1.0819676650e+06
       483      0.0055313110      1.0801707105e+06
       484      0.0055551529      1.0783768400e+06
       485      0.0055789948      1.0765865393e+06
       486      0.0056028366      1.0747976101e+06
       487      0.0056266785      1.0730156011e+06
       488      0.0056505203      1.0712334628e+06
       489      0.0056743622      1.0694552120e+06
       490      0.0056982040      1.0676814019e+06
       491      0.0057220459      1.0659092446e+06
       492      0.0057458878      1.0641415908e+06
       493      0.0057697296      1.0623768727e+06
       494      0.0057935715      1.0606184035e+06
       495      0.0058174133      1.0588634630e+06
       496      0.0058412552      1.0571115648e+06
       497      0.0058650970      1.0553631544e+06
       498      0.0058889389      1.0536204535e+06
       499      0.0059127808      1.0518799650e+06
       500      0.0059366226      1.0501437259e+06
       501      0.0059604645      1.0484088087e+06
