         1      -0.0635782878      2.3579100081e+05
         2      -0.0634511312      2.3571293555e+05
         3      -0.0633239746      2.3563468231e+05
         4      -0.0631968180      2.3555623395e+05
         5      -0.0630696615      2.3547757675e+05
         6      -0.0629425049      2.3539872214e+05
         7      -0.0628153483      2.3531964185e+05
         8      -0.0626881917      2.3524036083e+05
         9      -0.0625610352      2.3516088206e+05
        10      -0.0624338786      2.3508118896e+05
        11      -0.0623067220      2.3500128187e+05
        12      -0.0621795654      2.3492115174e+05
        13      -0.0620524089      2.3484082033e+05
        14      -0.0619252523      2.3476027513e+05
        15      -0.0617980957      2.3467953186e+05
        16      -0.0616709391      2.3459856499e+05
        17      -0.0615437826      2.3451737175e+05
        18      -0.0614166260      2.3443596152e+05
        19      -0.0612894694      2.3435434161e+05
        20      -0.0611623128      2.3427250282e+05
        21      -0.0610351563      2.3419047279e+05
        22      -0.0609079997      2.3410820467e+05
        23      -0.0607808431      2.3402572071e+05
        24      -0.0606536865      2.3394301781e+05
        25      -0.0605265299      2.3386010278e+05
        26      -0.0603993734      2.3377694671e+05
        27      -0.0602722168      2.3369356165e+05
        28      -0.0601450602      2.3360997466e+05
        29      -0.0600179036      2.3352617502e+05
        30      -0.0598907471      2.3344213647e+05
        31      -0.0597635905      2.3335787100e+05
        32      -0.0596364339      2.3327337803e+05
        33      -0.0595092773      2.3318865235e+05
        34      -0.0593821208      2.3310370461e+05
        35      -0.0592549642      2.3301852452e+05
        36      -0.0591278076      2.3293310580e+05
        37      -0.0590006510      2.3284745329e+05
        38      -0.0588734945      2.3276157281e+05
        39      -0.0587463379      2.3267545209e+05
        40      -0.0586191813      2.3258911421e+05
        41      -0.0584920247      2.3250253674e+05
        42      -0.0583648682      2.3241571489e+05
        43      -0.0582377116      2.3232866401e+05
        44      -0.0581105550      2.3224136527e+05
        45      -0.0579833984      2.3215383585e+05
        46      -0.0578562419      2.3206606280e+05
        47      -0.0577290853      2.3197804938e+05
        48      -0.0576019287      2.3188977667e+05
        49      -0.0574747721      2.3180128399e+05
        50      -0.0573476156      2.3171253170e+05
        51      -0.0572204590      2.3162353297e+05
        52      -0.0570933024      2.3153428577e+05
        53      -0.0569661458      2.3144477942e+05
        54      -0.0568389893      2.3135503556e+05
        55      -0.0567118327      2.3126504284e+05
        56      -0.0565846761      2.3117479829e+05
        57      -0.0564575195      2.3108429324e+05
        58      -0.0563303630      2.3099354742e+05
        59      -0.0562032064      2.3090255098e+05
        60      -0.0560760498      2.3081128780e+05
        61      -0.0559488932      2.3071977065e+05
        62      -0.0558217367      2.3062799761e+05
        63      -0.0556945801      2.3053597249e+05
        64      -0.0555674235      2.3044366978e+05
        65      -0.0554402669      2.3035112023e+05
        66      -0.0553131104      2.3025831324e+05
        67      -0.0551859538      2.3016524804e+05
        68      -0.0550587972      2.3007190856e+05
        69      -0.0549316406      2.2997829683e+05
        70      -0.0548044840      2.2988442940e+05
        71      -0.0546773275      2.2979026836e+05
        72      -0.0545501709      2.2969586420e+05
        73      -0.0544230143      2.2960117548e+05
        74      -0.0542958577      2.2950622694e+05
        75      -0.0541687012      2.2941101543e+05
        76      -0.0540415446      2.2931551590e+05
        77      -0.0539143880      2.2921973661e+05
        78      -0.0537872314      2.2912368767e+05
        79      -0.0536600749      2.2902733571e+05
        80      -0.0535329183      2.2893073334e+05
        81      -0.0534057617      2.2883385383e+05
        82      -0.0532786051      2.2873667517e+05
        83      -0.0531514486      2.2863921585e+05
        84      -0.0530242920      2.2854146842e+05
        85      -0.0528971354      2.2844341834e+05
        86      -0.0527699788      2.2834507481e+05
        87      -0.0526428223      2.2824648915e+05
        88      -0.0525156657      2.2814760226e+05
        89      -0.0523885091      2.2804841411e+05
        90      -0.0522613525      2.2794892306e+05
        91      -0.0521341960      2.2784914998e+05
        92      -0.0520070394      2.2774905156e+05
        93      -0.0518798828      2.2764868913e+05
        94      -0.0517527262      2.2754800950e+05
        95      -0.0516255697      2.2744705010e+05
        96      -0.0514984131      2.2734577320e+05
        97      -0.0513712565      2.2724420127e+05
        98      -0.0512440999      2.2714233703e+05
        99      -0.0511169434      2.2704014911e+05
       100      -0.0509897868      2.2693765692e+05
       101      -0.0508626302      2.2683486082e+05
       102      -0.0507354736      2.2673173326e+05
       103      -0.0506083171      2.2662830865e+05
       104      -0.0504811605      2.2652456337e+05
       105      -0.0503540039      2.2642049860e+05
       106      -0.0502268473      2.2631610632e+05
       107      -0.0500996908      2.2621140541e+05
       108      -0.0499725342      2.2610637576e+05
       109      -0.0498453776      2.2600103361e+05
       110      -0.0497182210      2.2589538794e+05
       111      -0.0495910645      2.2578941008e+05
       112      -0.0494639079      2.2568308230e+05
       113      -0.0493367513      2.2557643308e+05
       114      -0.0492095947      2.2546946510e+05
       115      -0.0490824382      2.2536214199e+05
       116      -0.0489552816      2.2525451428e+05
       117      -0.0488281250      2.2514655686e+05
       118      -0.0487009684      2.2503823094e+05
       119      -0.0485738118      2.2492957172e+05
       120      -0.0484466553      2.2482057772e+05
       121      -0.0483194987      2.2471124640e+05
       122      -0.0481923421      2.2460155683e+05
       123      -0.0480651855      2.2449151807e+05
       124      -0.0479380290      2.2438114254e+05
       125      -0.0478108724      2.2427043974e+05
       126      -0.0476837158      2.2415935280e+05
       127      -0.0475565592      2.2404790891e+05
       128      -0.0474294027      2.2393611489e+05
       129      -0.0473022461      2.2382395796e+05
       130      -0.0471750895      2.2371143403e+05
       131      -0.0470479329      2.2359857065e+05
       132      -0.0469207764      2.2348532867e+05
       133      -0.0467936198      2.2337173513e+05
       134      -0.0466664632      2.2325776824e+05
       135      -0.0465393066      2.2314343280e+05
       136      -0.0464121501      2.2302871748e+05
       137      -0.0462849935      2.2291362169e+05
       138      -0.0461578369      2.2279817432e+05
       139      -0.0460306803      2.2268234988e+05
       140      -0.0459035238      2.2256613660e+05
       141      -0.0457763672      2.2244953712e+05
       142      -0.0456492106      2.2233256432e+05
       143      -0.0455220540      2.2221517767e+05
       144      -0.0453948975      2.2209742462e+05
       145      -0.0452677409      2.2197927212e+05
       146      -0.0451405843      2.2186075155e+05
       147      -0.0450134277      2.2174182771e+05
       148      -0.0448862712      2.2162250050e+05
       149      -0.0447591146      2.2150276420e+05
       150      -0.0446319580      2.2138261860e+05
       151      -0.0445048014      2.2126210894e+05
       152      -0.0443776449      2.2114116150e+05
       153      -0.0442504883      2.2101983258e+05
       154      -0.0441233317      2.2089808060e+05
       155      -0.0439961751      2.2077591631e+05
       156      -0.0438690186      2.2065333559e+05
       157      -0.0437418620      2.2053031272e+05
       158      -0.0436147054      2.2040689550e+05
       159      -0.0434875488      2.2028303293e+05
       160      -0.0433603923      2.2015878360e+05
       161      -0.0432332357      2.2003408465e+05
       162      -0.0431060791      2.1990895247e+05
       163      -0.0429789225      2.1978339067e+05
       164      -0.0428517660      2.1965740623e+05
       165      -0.0427246094      2.1953095835e+05
       166      -0.0425974528      2.1940407259e+05
       167      -0.0424702962      2.1927674601e+05
       168      -0.0423431396      2.1914898746e+05
       169      -0.0422159831      2.1902074979e+05
       170      -0.0420888265      2.1889206428e+05
       171      -0.0419616699      2.1876294086e+05
       172      -0.0418345133      2.1863338193e+05
       173      -0.0417073568      2.1850334016e+05
       174      -0.0415802002      2.1837282862e+05
       175      -0.0414530436      2.1824186294e+05
       176      -0.0413258870      2.1811044170e+05
       177      -0.0411987305      2.1797853666e+05
       178      -0.0410715739      2.1784613149e+05
       179      -0.0409444173      2.1771326557e+05
       180      -0.0408172607      2.1757988544e+05
       181      -0.0406901042      2.1744607696e+05
       182      -0.0405629476      2.1731173036e+05
       183      -0.0404357910      2.1717689145e+05
       184      -0.0403086344      2.1704156237e+05
       185      -0.0401814779      2.1690578058e+05
       186      -0.0400543213      2.1676949031e+05
       187      -0.0399271647      2.1663270677e+05
       188      -0.0398000081      2.1649541014e+05
       189      -0.0396728516      2.1635757381e+05
       190      -0.0395456950      2.1621923794e+05
       191      -0.0394185384      2.1608039574e+05
       192      -0.0392913818      2.1594104626e+05
       193      -0.0391642253      2.1580115597e+05
       194      -0.0390370687      2.1566076421e+05
       195      -0.0389099121      2.1551984484e+05
       196      -0.0387827555      2.1537838746e+05
       197      -0.0386555990      2.1523637837e+05
       198      -0.0385284424      2.1509384048e+05
       199      -0.0384012858      2.1495074303e+05
       200      -0.0382741292      2.1480712677e+05
       201      -0.0381469727      2.1466295429e+05
       202      -0.0380198161      2.1451823128e+05
       203      -0.0378926595      2.1437295332e+05
       204      -0.0377655029      2.1422710595e+05
       205      -0.0376383464      2.1408072926e+05
       206      -0.0375111898      2.1393374196e+05
       207      -0.0373840332      2.1378619852e+05
       208      -0.0372568766      2.1363809547e+05
       209      -0.0371297201      2.1348940695e+05
       210      -0.0370025635      2.1334011539e+05
       211      -0.0368754069      2.1319025771e+05
       212      -0.0367482503      2.1303979698e+05
       213      -0.0366210938      2.1288875236e+05
       214      -0.0364939372      2.1273708587e+05
       215      -0.0363667806      2.1258484114e+05
       216      -0.0362396240      2.1243197162e+05
       217      -0.0361124674      2.1227850985e+05
       218      -0.0359853109      2.1212442016e+05
       219      -0.0358581543      2.1196969072e+05
       220      -0.0357309977      2.1181433112e+05
       221      -0.0356038411      2.1165837614e+05
       222      -0.0354766846      2.1150177152e+05
       223      -0.0353495280      2.1134451049e+05
       224      -0.0352223714      2.1118662566e+05
       225      -0.0350952148      2.1102808627e+05
       226      -0.0349680583      2.1086887829e+05
       227      -0.0348409017      2.1070900587e+05
       228      -0.0347137451      2.1054852182e+05
       229      -0.0345865885      2.1038733658e+05
       230      -0.0344594320      2.1022549430e+05
       231      -0.0343322754      2.1006296909e+05
       232      -0.0342051188      2.0989974572e+05
       233      -0.0340779622      2.0973585900e+05
       234      -0.0339508057      2.0957130309e+05
       235      -0.0338236491      2.0940604992e+05
       236      -0.0336964925      2.0924006486e+05
       237      -0.0335693359      2.0907339233e+05
       238      -0.0334421794      2.0890600538e+05
       239      -0.0333150228      2.0873790150e+05
       240      -0.0331878662      2.0856906558e+05
       241      -0.0330607096      2.0839948067e+05
       242      -0.0329335531      2.0822918399e+05
       243      -0.0328063965      2.0805821521e+05
       244      -0.0326792399      2.0788645270e+05
       245      -0.0325520833      2.0771391296e+05
       246      -0.0324249268      2.0754064071e+05
       247      -0.0322977702      2.0736658117e+05
       248      -0.0321706136      2.0719177874e+05
       249      -0.0320434570      2.0701619392e+05
       250      -0.0319163005      2.0683984076e+05
       251      -0.0317891439      2.0666272091e+05
       252      -0.0316619873      2.0648481908e+05
       253      -0.0315348307      2.0630614420e+05
       254      -0.0314076742      2.0612658999e+05
       255      -0.0312805176      2.0594628712e+05
       256      -0.0311533610      2.0576514516e+05
       257      -0.0310262044      2.0558320915e+05
       258      -0.0308990479      2.0540045388e+05
       259      -0.0307718913      2.0521688076e+05
       260      -0.0306447347      2.0503243259e+05
       261      -0.0305175781      2.0484711870e+05
       262      -0.0303904215      2.0466093470e+05
       263      -0.0302632650      2.0447390367e+05
       264      -0.0301361084      2.0428605254e+05
       265      -0.0300089518      2.0409732153e+05
       266      -0.0298817952      2.0390774636e+05
       267      -0.0297546387      2.0371721467e+05
       268      -0.0296274821      2.0352578595e+05
       269      -0.0295003255      2.0333351432e+05
       270      -0.0293731689      2.0314031622e+05
       271      -0.0292460124      2.0294618155e+05
       272      -0.0291188558      2.0275114729e+05
       273      -0.0289916992      2.0255519182e+05
       274      -0.0288645426      2.0235831026e+05
       275      -0.0287373861      2.0216048848e+05
       276      -0.0286102295      2.0196167801e+05
       277      -0.0284830729      2.0176192638e+05
       278      -0.0283559163      2.0156115647e+05
       279      -0.0282287598      2.0135947527e+05
       280      -0.0281016032      2.0115675825e+05
       281      -0.0279744466      2.0095310403e+05
       282      -0.0278472900      2.0074841362e+05
       283      -0.0277201335      2.0054274245e+05
       284      -0.0275929769      2.0033601697e+05
       285      -0.0274658203      2.0012831627e+05
       286      -0.0273386637      1.9991958928e+05
       287      -0.0272115072      1.9970980922e+05
       288      -0.0270843506      1.9949896848e+05
       289      -0.0269571940      1.9928703540e+05
       290      -0.0268300374      1.9907405226e+05
       291      -0.0267028809      1.9886001187e+05
       292      -0.0265757243      1.9864482512e+05
       293      -0.0264485677      1.9842858906e+05
       294      -0.0263214111      1.9821127601e+05
       295      -0.0261942546      1.9799283020e+05
       296      -0.0260670980      1.9777321434e+05
       297      -0.0259399414      1.9755257622e+05
       298      -0.0258127848      1.9733071746e+05
       299      -0.0256856283      1.9710767481e+05
       300      -0.0255584717      1.9688353770e+05
       301      -0.0254313151      1.9665820682e+05
       302      -0.0253041585      1.9643170771e+05
       303      -0.0251770020      1.9620401457e+05
       304      -0.0250498454      1.9597515041e+05
       305      -0.0249226888      1.9574507025e+05
       306      -0.0247955322      1.9551375304e+05
       307      -0.0246683757      1.9528117891e+05
       308      -0.0245412191      1.9504739412e+05
       309      -0.0244140625      1.9481235236e+05
       310      -0.0242869059      1.9457601545e+05
       311      -0.0241597493      1.9433841720e+05
       312      -0.0240325928      1.9409954218e+05
       313      -0.0239054362      1.9385939020e+05
       314      -0.0237782796      1.9361790251e+05
       315      -0.0236511230      1.9337510459e+05
       316      -0.0235239665      1.9313095311e+05
       317      -0.0233968099      1.9288541105e+05
       318      -0.0232696533      1.9263849883e+05
       319      -0.0231424967      1.9239024125e+05
       320      -0.0230153402      1.9214067409e+05
       321      -0.0228881836      1.9188965860e+05
       322      -0.0227610270      1.9163721978e+05
       323      -0.0226338704      1.9138334663e+05
       324      -0.0225067139      1.9112803519e+05
       325      -0.0223795573      1.9087127715e+05
       326      -0.0222524007      1.9061309062e+05
       327      -0.0221252441      1.9035340765e+05
       328      -0.0219980876      1.9009229035e+05
       329      -0.0218709310      1.8982968757e+05
       330      -0.0217437744      1.8956549684e+05
       331      -0.0216166178      1.8929984155e+05
       332      -0.0214894613      1.8903267254e+05
       333      -0.0213623047      1.8876389216e+05
       334      -0.0212351481      1.8849358576e+05
       335      -0.0211079915      1.8822169662e+05
       336      -0.0209808350      1.8794820251e+05
       337      -0.0208536784      1.8767308339e+05
       338      -0.0207265218      1.8739636232e+05
       339      -0.0205993652      1.8711802190e+05
       340      -0.0204722087      1.8683800385e+05
       341      -0.0203450521      1.8655634708e+05
       342      -0.0202178955      1.8627293546e+05
       343      -0.0200907389      1.8598784573e+05
       344      -0.0199635824      1.8570100076e+05
       345      -0.0198364258      1.8541242951e+05
       346      -0.0197092692      1.8512214923e+05
       347      -0.0195821126      1.8482999992e+05
       348      -0.0194549561      1.8453615628e+05
       349      -0.0193277995      1.8424054645e+05
       350      -0.0192006429      1.8394307170e+05
       351      -0.0190734863      1.8364371778e+05
       352      -0.0189463298      1.8334250581e+05
       353      -0.0188191732      1.8303943850e+05
       354      -0.0186920166      1.8273451365e+05
       355      -0.0185648600      1.8242762612e+05
       356      -0.0184377035      1.8211882473e+05
       357      -0.0183105469      1.8180811925e+05
       358      -0.0181833903      1.8149544268e+05
       359      -0.0180562337      1.8118078145e+05
       360      -0.0179290771      1.8086403317e+05
       361      -0.0178019206      1.8054527091e+05
       362      -0.0176747640      1.8022450769e+05
       363      -0.0175476074      1.7990163529e+05
       364      -0.0174204508      1.7957681867e+05
       365      -0.0172932943      1.7924975422e+05
       366      -0.0171661377      1.7892073122e+05
       367      -0.0170389811      1.7858948600e+05
       368      -0.0169118245      1.7825608740e+05
       369      -0.0167846680      1.7792045919e+05
       370      -0.0166575114      1.7758265288e+05
       371      -0.0165303548      1.7724266031e+05
       372      -0.0164031982      1.7690045509e+05
       373      -0.0162760417      1.7655597891e+05
       374      -0.0161488851      1.7620925678e+05
       375      -0.0160217285      1.7586013711e+05
       376      -0.0158945719      1.7550872596e+05
       377      -0.0157674154      1.7515494333e+05
       378      -0.0156402588      1.7479871907e+05
       379      -0.0155131022      1.7444011402e+05
       380      -0.0153859456      1.7407910555e+05
       381      -0.0152587891      1.7371564307e+05
       382      -0.0151316325      1.7334972398e+05
       383      -0.0150044759      1.7298123111e+05
       384      -0.0148773193      1.7261029949e+05
       385      -0.0147501628      1.7223682035e+05
       386      -0.0146230062      1.7186069001e+05
       387      -0.0144958496      1.7148194147e+05
       388      -0.0143686930      1.7110062167e+05
       389      -0.0142415365      1.7071662971e+05
       390      -0.0141143799      1.7032985769e+05
       391      -0.0139872233      1.6994050515e+05
       392      -0.0138600667      1.6954836484e+05
       393      -0.0137329102      1.6915340448e+05
       394      -0.0136057536      1.6875584325e+05
       395      -0.0134785970      1.6835542411e+05
       396      -0.0133514404      1.6795201639e+05
       397      -0.0132242839      1.6754584499e+05
       398      -0.0130971273      1.6713680689e+05
       399      -0.0129699707      1.6672471473e+05
       400      -0.0128428141      1.6630973310e+05
       401      -0.0127156576      1.6589169684e+05
       402      -0.0125885010      1.6547069163e+05
       403      -0.0124613444      1.6504663240e+05
       404      -0.0123341878      1.6461942677e+05
       405      -0.0122070313      1.6418908416e+05
       406      -0.0120798747      1.6375569053e+05
       407      -0.0119527181      1.6331917520e+05
       408      -0.0118255615      1.6287945259e+05
       409      -0.0116984049      1.6243649333e+05
       410      -0.0115712484      1.6199017614e+05
       411      -0.0114440918      1.6154068457e+05
       412      -0.0113169352      1.6108784260e+05
       413      -0.0111897786      1.6063152828e+05
       414      -0.0110626221      1.6017191608e+05
       415      -0.0109354655      1.5970889779e+05
       416      -0.0108083089      1.5924224130e+05
       417      -0.0106811523      1.5877211929e+05
       418      -0.0105539958      1.5829855215e+05
       419      -0.0104268392      1.5782140053e+05
       420      -0.0102996826      1.5734067464e+05
       421      -0.0101725260      1.5685628337e+05
       422      -0.0100453695      1.5636813537e+05
       423      -0.0099182129      1.5587635946e+05
       424      -0.0097910563      1.5538074728e+05
       425      -0.0096638997      1.5488137094e+05
       426      -0.0095367432      1.5437815012e+05
       427      -0.0094095866      1.5387108730e+05
       428      -0.0092824300      1.5336006908e+05
       429      -0.0091552734      1.5284495013e+05
       430      -0.0090281169      1.5232584109e+05
       431      -0.0089009603      1.5180271080e+05
       432      -0.0087738037      1.5127546748e+05
       433      -0.0086466471      1.5074400938e+05
       434      -0.0085194906      1.5020857609e+05
       435      -0.0083923340      1.4966893932e+05
       436      -0.0082651774      1.4912520384e+05
       437      -0.0081380208      1.4857713294e+05
       438      -0.0080108643      1.4802467302e+05
       439      -0.0078837077      1.4746774719e+05
       440      -0.0077565511      1.4690636668e+05
       441      -0.0076293945      1.4634067084e+05
       442      -0.0075022380      1.4577048984e+05
       443      -0.0073750814      1.4519580360e+05
       444      -0.0072479248      1.4461649564e+05
       445      -0.0071207682      1.4403233928e+05
       446      -0.0069936117      1.4344353377e+05
       447      -0.0068664551      1.4285009817e+05
       448      -0.0067392985      1.4225167637e+05
       449      -0.0066121419      1.4164846297e+05
       450      -0.0064849854      1.4104028447e+05
       451      -0.0063578288      1.4042725776e+05
       452      -0.0062306722      1.3980920837e+05
       453      -0.0061035156      1.3918612870e+05
       454      -0.0059763590      1.3855791109e+05
       455      -0.0058492025      1.3792452422e+05
       456      -0.0057220459      1.3728593774e+05
       457      -0.0055948893      1.3664188135e+05
       458      -0.0054677327      1.3599231130e+05
       459      -0.0053405762      1.3533768176e+05
       460      -0.0052134196      1.3467741484e+05
       461      -0.0050862630      1.3401181055e+05
       462      -0.0049591064      1.3334039719e+05
       463      -0.0048319499      1.3266336296e+05
       464      -0.0047047933      1.3198054188e+05
       465      -0.0045776367      1.3129187185e+05
       466      -0.0044504801      1.3059717306e+05
       467      -0.0043233236      1.2989628994e+05
       468      -0.0041961670      1.2918953119e+05
       469      -0.0040690104      1.2847629406e+05
       470      -0.0039418538      1.2775723414e+05
       471      -0.0038146973      1.2703195435e+05
       472      -0.0036875407      1.2630020970e+05
       473      -0.0035603841      1.2556145289e+05
       474      -0.0034332275      1.2481581927e+05
       475      -0.0033060710      1.2406297965e+05
       476      -0.0031789144      1.2330299229e+05
       477      -0.0030517578      1.2253551402e+05
       478      -0.0029246012      1.2176021902e+05
       479      -0.0027974447      1.2097670430e+05
       480      -0.0026702881      1.2018419579e+05
       481      -0.0025431315      1.1938293344e+05
       482      -0.0024159749      1.1857197580e+05
       483      -0.0022888184      1.1775072397e+05
       484      -0.0021616618      1.1691869446e+05
       485      -0.0020345052      1.1607501568e+05
       486      -0.0019073486      1.1521916517e+05
       487      -0.0017801921      1.1435022145e+05
       488      -0.0016530355      1.1346753763e+05
       489      -0.0015258789      1.1257098967e+05
       490      -0.0013987223      1.1165957636e+05
       491      -0.0012715658      1.1073404423e+05
       492      -0.0011444092      1.0979469902e+05
       493      -0.0010172526      1.0884135794e+05
       494      -0.0008900960      1.0787621785e+05
       495      -0.0007629395      1.0690049461e+05
       496      -0.0006357829      1.0591589293e+05
       497      -0.0005086263      1.0492499304e+05
       498      -0.0003814697      1.0393106162e+05
       499      -0.0002543132      1.0293645041e+05
       500      -0.0001271566      1.0194353677e+05
       501      0.0000000000      1.0095599716e+05
       502      0.0001271566      9.9974731812e+04
       503      0.0002543132      9.9002108007e+04
       504      0.0003814697      9.8039959217e+04
       505      0.0005086263      9.7088991118e+04
       506      0.0006357829      9.6149977089e+04
       507      0.0007629395      9.5223257272e+04
       508      0.0008900960      9.4309397844e+04
       509      0.0010172526      9.3407821969e+04
       510      0.0011444092      9.2518242201e+04
       511      0.0012715658      9.1640980518e+04
       512      0.0013987223      9.0774911121e+04
       513      0.0015258789      8.9920068630e+04
       514      0.0016530355      8.9075970115e+04
       515      0.0017801921      8.8242251470e+04
       516      0.0019073486      8.7418684342e+04
       517      0.0020345052      8.6605182042e+04
       518      0.0021616618      8.5801149781e+04
       519      0.0022888184      8.5006740000e+04
       520      0.0024159749      8.4221405663e+04
       521      0.0025431315      8.3444897205e+04
       522      0.0026702881      8.2677549803e+04
       523      0.0027974447      8.1918707740e+04
       524      0.0029246012      8.1168203638e+04
       525      0.0030517578      8.0426074292e+04
       526      0.0031789144      7.9691881215e+04
       527      0.0033060710      7.8966212246e+04
       528      0.0034332275      7.8248691465e+04
       529      0.0035603841      7.7538660275e+04
       530      0.0036875407      7.6836540868e+04
       531      0.0038146973      7.6141571748e+04
       532      0.0039418538      7.5454264948e+04
       533      0.0040690104      7.4774423895e+04
       534      0.0041961670      7.4102102207e+04
       535      0.0043233236      7.3436995441e+04
       536      0.0044504801      7.2778998799e+04
       537      0.0045776367      7.2127751977e+04
       538      0.0047047933      7.1483496029e+04
       539      0.0048319499      7.0845868748e+04
       540      0.0049591064      7.0215117920e+04
       541      0.0050862630      6.9591295752e+04
       542      0.0052134196      6.8973813912e+04
       543      0.0053405762      6.8363054843e+04
       544      0.0054677327      6.7758529187e+04
       545      0.0055948893      6.7160269289e+04
       546      0.0057220459      6.6568510902e+04
       547      0.0058492025      6.5982962508e+04
       548      0.0059763590      6.5403433666e+04
       549      0.0061035156      6.4830054340e+04
       550      0.0062306722      6.4262544469e+04
       551      0.0063578288      6.3701163339e+04
       552      0.0064849854      6.3145673845e+04
       553      0.0066121419      6.2595849409e+04
       554      0.0067392985      6.2051721306e+04
       555      0.0068664551      6.1513336216e+04
       556      0.0069936117      6.0980967860e+04
       557      0.0071207682      6.0453756728e+04
       558      0.0072479248      5.9932004885e+04
       559      0.0073750814      5.9415649937e+04
       560      0.0075022380      5.8904797069e+04
       561      0.0076293945      5.8399104092e+04
       562      0.0077565511      5.7898773601e+04
       563      0.0078837077      5.7403586891e+04
       564      0.0080108643      5.6913456039e+04
       565      0.0081380208      5.6428588038e+04
       566      0.0082651774      5.5948643023e+04
       567      0.0083923340      5.5473745557e+04
       568      0.0085194906      5.5003673286e+04
       569      0.0086466471      5.4538423352e+04
       570      0.0087738037      5.4077988934e+04
       571      0.0089009603      5.3622338513e+04
       572      0.0090281169      5.3171391543e+04
       573      0.0091552734      5.2725134682e+04
       574      0.0092824300      5.2283430790e+04
       575      0.0094095866      5.1846265085e+04
       576      0.0095367432      5.1413607453e+04
       577      0.0096638997      5.0985269112e+04
       578      0.0097910563      5.0561494389e+04
       579      0.0099182129      5.0142047194e+04
       580      0.0100453695      4.9726973425e+04
       581      0.0101725260      4.9315942718e+04
       582      0.0102996826      4.8909114659e+04
       583      0.0104268392      4.8506562553e+04
       584      0.0105539958      4.8107943754e+04
       585      0.0106811523      4.7713354369e+04
       586      0.0108083089      4.7322871028e+04
       587      0.0109354655      4.6936368960e+04
       588      0.0110626221      4.6553788678e+04
       589      0.0111897786      4.6175037489e+04
       590      0.0113169352      4.5800259264e+04
       591      0.0114440918      4.5429400667e+04
       592      0.0115712484      4.5062114031e+04
       593      0.0116984049      4.4698628679e+04
       594      0.0118255615      4.4338729120e+04
       595      0.0119527181      4.3982589128e+04
       596      0.0120798747      4.3630076141e+04
       597      0.0122070312      4.3280950696e+04
       598      0.0123341878      4.2935248887e+04
       599      0.0124613444      4.2593241802e+04
       600      0.0125885010      4.2254558097e+04
       601      0.0127156576      4.1919261691e+04
       602      0.0128428141      4.1587483500e+04
       603      0.0129699707      4.1258897465e+04
       604      0.0130971273      4.0933630848e+04
       605      0.0132242839      4.0611565590e+04
       606      0.0133514404      4.0292794026e+04
       607      0.0134785970      3.9977085188e+04
       608      0.0136057536      3.9664678778e+04
       609      0.0137329102      3.9355312024e+04
       610      0.0138600667      3.9049023617e+04
       611      0.0139872233      3.8745711874e+04
       612      0.0141143799      3.8445519294e+04
       613      0.0142415365      3.8148224668e+04
       614      0.0143686930      3.7853843240e+04
       615      0.0144958496      3.7562375261e+04
       616      0.0146230062      3.7273784473e+04
       617      0.0147501628      3.6987925498e+04
       618      0.0148773193      3.6704899451e+04
       619      0.0150044759      3.6424819306e+04
       620      0.0151316325      3.6147367635e+04
       621      0.0152587891      3.5872646580e+04
       622      0.0153859456      3.5600644208e+04
       623      0.0155131022      3.5331237956e+04
       624      0.0156402588      3.5064459642e+04
       625      0.0157674154      3.4800268238e+04
       626      0.0158945719      3.4538611232e+04
       627      0.0160217285      3.4279517393e+04
       628      0.0161488851      3.4022867714e+04
       629      0.0162760417      3.3768782404e+04
       630      0.0164031982      3.3517065528e+04
       631      0.0165303548      3.3267835251e+04
       632      0.0166575114      3.3021104825e+04
       633      0.0167846680      3.2776696003e+04
       634      0.0169118245      3.2534525782e+04
       635      0.0170389811      3.2294749660e+04
       636      0.0171661377      3.2057318404e+04
       637      0.0172932943      3.1822143725e+04
       638      0.0174204508      3.1589188507e+04
       639      0.0175476074      3.1358473526e+04
       640      0.0176747640      3.1129863425e+04
       641      0.0178019206      3.0903431042e+04
       642      0.0179290771      3.0679235984e+04
       643      0.0180562337      3.0457077105e+04
       644      0.0181833903      3.0237099290e+04
       645      0.0183105469      3.0019116676e+04
       646      0.0184377035      2.9803250490e+04
       647      0.0185648600      2.9589428862e+04
       648      0.0186920166      2.9377471569e+04
       649      0.0188191732      2.9167537958e+04
       650      0.0189463298      2.8959673663e+04
       651      0.0190734863      2.8753670966e+04
       652      0.0192006429      2.8549614400e+04
       653      0.0193277995      2.8347438389e+04
       654      0.0194549561      2.8147112980e+04
       655      0.0195821126      2.7948637774e+04
       656      0.0197092692      2.7752027888e+04
       657      0.0198364258      2.7557128904e+04
       658      0.0199635824      2.7364114268e+04
       659      0.0200907389      2.7172911406e+04
       660      0.0202178955      2.6983463265e+04
       661      0.0203450521      2.6795753576e+04
       662      0.0204722087      2.6609758409e+04
       663      0.0205993652      2.6425351097e+04
       664      0.0207265218      2.6242680368e+04
       665      0.0208536784      2.6061648043e+04
       666      0.0209808350      2.5882310022e+04
       667      0.0211079915      2.5704599803e+04
       668      0.0212351481      2.5528431063e+04
       669      0.0213623047      2.5353925380e+04
       670      0.0214894613      2.5181019872e+04
       671      0.0216166178      2.5009597762e+04
       672      0.0217437744      2.4839770771e+04
       673      0.0218709310      2.4671395411e+04
       674      0.0219980876      2.4504560145e+04
       675      0.0221252441      2.4339200340e+04
       676      0.0222524007      2.4175303400e+04
       677      0.0223795573      2.4012914317e+04
       678      0.0225067139      2.3851966000e+04
       679      0.0226338704      2.3692460064e+04
       680      0.0227610270      2.3534359531e+04
       681      0.0228881836      2.3377680773e+04
       682      0.0230153402      2.3222303114e+04
       683      0.0231424967      2.3068323067e+04
       684      0.0232696533      2.2915717152e+04
       685      0.0233968099      2.2764397718e+04
       686      0.0235239665      2.2614479000e+04
       687      0.0236511230      2.2465822668e+04
       688      0.0237782796      2.2318436979e+04
       689      0.0239054362      2.2172392512e+04
       690      0.0240325928      2.2027633755e+04
       691      0.0241597493      2.1884115604e+04
       692      0.0242869059      2.1741837213e+04
       693      0.0244140625      2.1600802721e+04
       694      0.0245412191      2.1460872465e+04
       695      0.0246683757      2.1322219575e+04
       696      0.0247955322      2.1184745825e+04
       697      0.0249226888      2.1048479203e+04
       698      0.0250498454      2.0913380574e+04
       699      0.0251770020      2.0779378317e+04
       700      0.0253041585      2.0646549300e+04
       701      0.0254313151      2.0514847143e+04
       702      0.0255584717      2.0384320908e+04
       703      0.0256856283      2.0254816661e+04
       704      0.0258127848      2.0126466612e+04
       705      0.0259399414      1.9999174552e+04
       706      0.0260670980      1.9872954304e+04
       707      0.0261942546      1.9747806008e+04
       708      0.0263214111      1.9623716538e+04
       709      0.0264485677      1.9500626680e+04
       710      0.0265757243      1.9378584716e+04
       711      0.0267028809      1.9257582860e+04
       712      0.0268300374      1.9137575696e+04
       713      0.0269571940      1.9018595272e+04
       714      0.0270843506      1.8900596625e+04
       715      0.0272115072      1.8783600671e+04
       716      0.0273386637      1.8667555646e+04
       717      0.0274658203      1.8552439113e+04
       718      0.0275929769      1.8438301333e+04
       719      0.0277201335      1.8325058169e+04
       720      0.0278472900      1.8212722638e+04
       721      0.0279744466      1.8101320464e+04
       722      0.0281016032      1.7990826395e+04
       723      0.0282287598      1.7881232395e+04
       724      0.0283559163      1.7772508657e+04
       725      0.0284830729      1.7664752125e+04
       726      0.0286102295      1.7557836696e+04
       727      0.0287373861      1.7451725437e+04
       728      0.0288645426      1.7346502807e+04
       729      0.0289916992      1.7242144215e+04
       730      0.0291188558      1.7138592512e+04
       731      0.0292460124      1.7035875947e+04
       732      0.0293731689      1.6934032405e+04
       733      0.0295003255      1.6832965759e+04
       734      0.0296274821      1.6732695674e+04
       735      0.0297546387      1.6633225560e+04
       736      0.0298817952      1.6534553387e+04
       737      0.0300089518      1.6436683028e+04
       738      0.0301361084      1.6339554489e+04
       739      0.0302632650      1.6243202675e+04
       740      0.0303904215      1.6147603877e+04
       741      0.0305175781      1.6052771886e+04
       742      0.0306447347      1.5958670558e+04
       743      0.0307718913      1.5865300813e+04
       744      0.0308990479      1.5772655914e+04
       745      0.0310262044      1.5680717818e+04
       746      0.0311533610      1.5589492995e+04
       747      0.0312805176      1.5498971808e+04
       748      0.0314076742      1.5409154502e+04
       749      0.0315348307      1.5320037256e+04
       750      0.0316619873      1.5231609522e+04
       751      0.0317891439      1.5143868240e+04
       752      0.0319163005      1.5056800100e+04
       753      0.0320434570      1.4970413471e+04
       754      0.0321706136      1.4884689684e+04
       755      0.0322977702      1.4799630862e+04
       756      0.0324249268      1.4715197277e+04
       757      0.0325520833      1.4631394497e+04
       758      0.0326792399      1.4548243570e+04
       759      0.0328063965      1.4465734647e+04
       760      0.0329335531      1.4383856724e+04
       761      0.0330607096      1.4302614708e+04
       762      0.0331878662      1.4221969521e+04
       763      0.0333150228      1.4141908956e+04
       764      0.0334421794      1.4062436562e+04
       765      0.0335693359      1.3983580914e+04
       766      0.0336964925      1.3905354295e+04
       767      0.0338236491      1.3827652365e+04
       768      0.0339508057      1.3750542667e+04
       769      0.0340779622      1.3674014069e+04
       770      0.0342051188      1.3598037887e+04
       771      0.0343322754      1.3522622957e+04
       772      0.0344594320      1.3447778272e+04
       773      0.0345865885      1.3373470043e+04
       774      0.0347137451      1.3299730016e+04
       775      0.0348409017      1.3226533788e+04
       776      0.0349680583      1.3153850427e+04
       777      0.0350952148      1.3081690874e+04
       778      0.0352223714      1.3010112173e+04
       779      0.0353495280      1.2939009916e+04
       780      0.0354766846      1.2868440202e+04
       781      0.0356038411      1.2798345425e+04
       782      0.0357309977      1.2728778717e+04
       783      0.0358581543      1.2659717570e+04
       784      0.0359853109      1.2591133929e+04
       785      0.0361124674      1.2523080538e+04
       786      0.0362396240      1.2455485560e+04
       787      0.0363667806      1.2388391800e+04
       788      0.0364939372      1.2321794332e+04
       789      0.0366210938      1.2255674742e+04
       790      0.0367482503      1.2189987091e+04
       791      0.0368754069      1.2124750819e+04
       792      0.0370025635      1.2060031063e+04
       793      0.0371297201      1.1995747672e+04
       794      0.0372568766      1.1931959906e+04
       795      0.0373840332      1.1868578133e+04
       796      0.0375111898      1.1805642947e+04
       797      0.0376383464      1.1743171890e+04
       798      0.0377655029      1.1681139362e+04
       799      0.0378926595      1.1619555158e+04
       800      0.0380198161      1.1558387860e+04
       801      0.0381469727      1.1497637179e+04
       802      0.0382741292      1.1437324167e+04
       803      0.0384012858      1.1377427442e+04
       804      0.0385284424      1.1317919507e+04
       805      0.0386555990      1.1258840289e+04
       806      0.0387827555      1.1200163569e+04
       807      0.0389099121      1.1141910892e+04
       808      0.0390370687      1.1084049118e+04
       809      0.0391642253      1.1026587880e+04
       810      0.0392913818      1.0969520776e+04
       811      0.0394185384      1.0912867826e+04
       812      0.0395456950      1.0856591446e+04
       813      0.0396728516      1.0800707768e+04
       814      0.0398000081      1.0745186735e+04
       815      0.0399271647      1.0690044679e+04
       816      0.0400543213      1.0635262132e+04
       817      0.0401814779      1.0580839667e+04
       818      0.0403086344      1.0526789055e+04
       819      0.0404357910      1.0473111480e+04
       820      0.0405629476      1.0419838498e+04
       821      0.0406901042      1.0366891767e+04
       822      0.0408172607      1.0314303840e+04
       823      0.0409444173      1.0262061644e+04
       824      0.0410715739      1.0210153128e+04
       825      0.0411987305      1.0158591662e+04
       826      0.0413258870      1.0107351797e+04
       827      0.0414530436      1.0056486413e+04
       828      0.0415802002      1.0005941889e+04
       829      0.0417073568      9.9557239523e+03
       830      0.0418345133      9.9058565889e+03
       831      0.0419616699      9.8563273840e+03
       832      0.0420888265      9.8071301095e+03
       833      0.0422159831      9.7582539184e+03
       834      0.0423431396      9.7096915174e+03
       835      0.0424702962      9.6614616025e+03
       836      0.0425974528      9.6135223898e+03
       837      0.0427246094      9.5658864798e+03
       838      0.0428517660      9.5185879359e+03
       839      0.0429789225      9.4715908117e+03
       840      0.0431060791      9.4248891762e+03
       841      0.0432332357      9.3784775482e+03
       842      0.0433603923      9.3323763036e+03
       843      0.0434875488      9.2865682428e+03
       844      0.0436147054      9.2410806552e+03
       845      0.0437418620      9.1958509237e+03
       846      0.0438690186      9.1509215951e+03
       847      0.0439961751      9.1062887860e+03
       848      0.0441233317      9.0619346060e+03
       849      0.0442504883      9.0178727635e+03
       850      0.0443776449      8.9740778715e+03
       851      0.0445048014      8.9305646810e+03
       852      0.0446319580      8.8873100278e+03
       853      0.0447591146      8.8443349455e+03
       854      0.0448862712      8.8016436966e+03
       855      0.0450134277      8.7592282771e+03
       856      0.0451405843      8.7170672700e+03
       857      0.0452677409      8.6751711841e+03
       858      0.0453948975      8.6335443089e+03
       859      0.0455220540      8.5921795758e+03
       860      0.0456492106      8.5510883640e+03
       861      0.0457763672      8.5102193965e+03
       862      0.0459035238      8.4696116608e+03
       863      0.0460306803      8.4292666662e+03
       864      0.0461578369      8.3891797470e+03
       865      0.0462849935      8.3493377988e+03
       866      0.0464121501      8.3097240389e+03
       867      0.0465393066      8.2703673366e+03
       868      0.0466664632      8.2312346228e+03
       869      0.0467936198      8.1923662315e+03
       870      0.0469207764      8.1537334859e+03
       871      0.0470479329      8.1153306048e+03
       872      0.0471750895      8.0771782303e+03
       873      0.0473022461      8.0392375508e+03
       874      0.0474294027      8.0015314283e+03
       875      0.0475565592      7.9640428415e+03
       876      0.0476837158      7.9267948950e+03
       877      0.0478108724      7.8897671946e+03
       878      0.0479380290      7.8529680716e+03
       879      0.0480651855      7.8163875646e+03
       880      0.0481923421      7.7800230377e+03
       881      0.0483194987      7.7438895477e+03
       882      0.0484466553      7.7079653269e+03
       883      0.0485738118      7.6722647115e+03
       884      0.0487009684      7.6367913500e+03
       885      0.0488281250      7.6015123285e+03
       886      0.0489552816      7.5664428198e+03
       887      0.0490824382      7.5315778163e+03
       888      0.0492095947      7.4969200848e+03
       889      0.0493367513      7.4624654635e+03
       890      0.0494639079      7.4282187168e+03
       891      0.0495910645      7.3941793976e+03
       892      0.0497182210      7.3603332013e+03
       893      0.0498453776      7.3267050686e+03
       894      0.0499725342      7.2932796123e+03
       895      0.0500996908      7.2600392610e+03
       896      0.0502268473      7.2269991902e+03
       897      0.0503540039      7.1941419093e+03
       898      0.0504811605      7.1614706858e+03
       899      0.0506083171      7.1290005583e+03
       900      0.0507354736      7.0967100872e+03
       901      0.0508626302      7.0645988118e+03
       902      0.0509897868      7.0326823549e+03
       903      0.0511169434      7.0009430583e+03
       904      0.0512440999      6.9693974439e+03
       905      0.0513712565      6.9380444273e+03
       906      0.0514984131      6.9068607530e+03
       907      0.0516255697      6.8758425450e+03
       908      0.0517527262      6.8450112607e+03
       909      0.0518798828      6.8143467561e+03
       910      0.0520070394      6.7838647537e+03
       911      0.0521341960      6.7535614401e+03
       912      0.0522613525      6.7234444138e+03
       913      0.0523885091      6.6934902091e+03
       914      0.0525156657      6.6637203017e+03
       915      0.0526428223      6.6340995396e+03
       916      0.0527699788      6.6046482617e+03
       917      0.0528971354      6.5753472387e+03
       918      0.0530242920      6.5462402266e+03
       919      0.0531514486      6.5172832352e+03
       920      0.0532786051      6.4884951154e+03
       921      0.0534057617      6.4598627399e+03
       922      0.0535329183      6.4313954762e+03
       923      0.0536600749      6.4030895484e+03
       924      0.0537872314      6.3749370812e+03
       925      0.0539143880      6.3469501275e+03
       926      0.0540415446      6.3190995387e+03
       927      0.0541687012      6.2914127159e+03
       928      0.0542958577      6.2638787317e+03
       929      0.0544230143      6.2364971555e+03
       930      0.0545501709      6.2092736017e+03
       931      0.0546773275      6.1822001063e+03
       932      0.0548044840      6.1552666496e+03
       933      0.0549316406      6.1284853043e+03
       934      0.0550587972      6.1018643868e+03
       935      0.0551859538      6.0753791345e+03
       936      0.0553131104      6.0490434294e+03
       937      0.0554402669      6.0228439686e+03
       938      0.0555674235      5.9967915450e+03
       939      0.0556945801      5.9708921002e+03
       940      0.0558217367      5.9451220518e+03
       941      0.0559488932      5.9194972697e+03
       942      0.0560760498      5.8940099197e+03
       943      0.0562032064      5.8686578375e+03
       944      0.0563303630      5.8434398668e+03
       945      0.0564575195      5.8183651120e+03
       946      0.0565846761      5.7934283360e+03
       947      0.0567118327      5.7686217703e+03
       948      0.0568389893      5.7439456547e+03
       949      0.0569661458      5.7194040922e+03
       950      0.0570933024      5.6950027738e+03
       951      0.0572204590      5.6707196328e+03
       952      0.0573476156      5.6465670063e+03
       953      0.0574747721      5.6225570544e+03
       954      0.0576019287      5.5986655522e+03
       955      0.0577290853      5.5748991881e+03
       956      0.0578562419      5.5512638232e+03
       957      0.0579833984      5.5277451708e+03
       958      0.0581105550      5.5043552453e+03
       959      0.0582377116      5.4810835072e+03
       960      0.0583648682      5.4579373140e+03
       961      0.0584920247      5.4349237849e+03
       962      0.0586191813      5.4120316849e+03
       963      0.0587463379      5.3892503630e+03
       964      0.0588734945      5.3665898489e+03
       965      0.0590006510      5.3440516576e+03
       966      0.0591278076      5.3216346686e+03
       967      0.0592549642      5.2993256848e+03
       968      0.0593821208      5.2771311610e+03
       969      0.0595092773      5.2550529812e+03
       970      0.0596364339      5.2330935401e+03
       971      0.0597635905      5.2112505522e+03
       972      0.0598907471      5.1895169018e+03
       973      0.0600179036      5.1678993577e+03
       974      0.0601450602      5.1463945495e+03
       975      0.0602722168      5.1249944010e+03
       976      0.0603993734      5.1037058585e+03
       977      0.0605265299      5.0825197609e+03
       978      0.0606536865      5.0614498886e+03
       979      0.0607808431      5.0404922565e+03
       980      0.0609079997      5.0196342495e+03
       981      0.0610351562      4.9988872924e+03
       982      0.0611623128      4.9782365935e+03
       983      0.0612894694      4.9576951730e+03
       984      0.0614166260      4.9372580455e+03
       985      0.0615437826      4.9169335429e+03
       986      0.0616709391      4.8967048290e+03
       987      0.0617980957      4.8765829821e+03
       988      0.0619252523      4.8565507409e+03
       989      0.0620524089      4.8366300565e+03
       990      0.0621795654      4.8168193170e+03
       991      0.0623067220      4.7970993842e+03
       992      0.0624338786      4.7774846204e+03
       993      0.0625610352      4.7579639178e+03
       994      0.0626881917      4.7385384762e+03
       995      0.0628153483      4.7192163107e+03
       996      0.0629425049      4.6999877307e+03
       997      0.0630696615      4.6808459961e+03
       998      0.0631968180      4.6618086597e+03
       999      0.0633239746      4.6428609863e+03
      1000      0.0634511312      4.6240074246e+03
      1001      0.0635782878      4.6052469905e+03
