         1      -0.0635782878      2.7211315430e+00
         2      -0.0634511312      2.7233012696e+00
         3      -0.0633239746      2.7248081055e+00
         4      -0.0631968180      2.7249476563e+00
         5      -0.0630696615      2.7264699219e+00
         6      -0.0629425049      2.7300261719e+00
         7      -0.0628153483      2.7309584961e+00
         8      -0.0626881917      2.7331756836e+00
         9      -0.0625610352      2.7344641602e+00
        10      -0.0624338786      2.7365560547e+00
        11      -0.0623067220      2.7377344727e+00
        12      -0.0621795654      2.7417091797e+00
        13      -0.0620524089      2.7411421875e+00
        14      -0.0619252523      2.7448033203e+00
        15      -0.0617980957      2.7462949219e+00
        16      -0.0616709391      2.7466609375e+00
        17      -0.0615437826      2.7503550781e+00
        18      -0.0614166260      2.7519215820e+00
        19      -0.0612894694      2.7546813477e+00
        20      -0.0611623128      2.7559519532e+00
        21      -0.0610351563      2.7575256836e+00
        22      -0.0609079997      2.7611833985e+00
        23      -0.0607808431      2.7619025391e+00
        24      -0.0606536865      2.7636376953e+00
        25      -0.0605265299      2.7663948242e+00
        26      -0.0603993734      2.7676294922e+00
        27      -0.0602722168      2.7709351563e+00
        28      -0.0601450602      2.7719404297e+00
        29      -0.0600179036      2.7728220703e+00
        30      -0.0598907471      2.7780798828e+00
        31      -0.0597635905      2.7777985352e+00
        32      -0.0596364339      2.7791698243e+00
        33      -0.0595092773      2.7827474610e+00
        34      -0.0593821208      2.7843771485e+00
        35      -0.0592549642      2.7858213868e+00
        36      -0.0591278076      2.7886409180e+00
        37      -0.0590006510      2.7906708008e+00
        38      -0.0588734945      2.7921009766e+00
        39      -0.0587463379      2.7966413086e+00
        40      -0.0586191813      2.7943534180e+00
        41      -0.0584920247      2.7992335938e+00
        42      -0.0583648682      2.8024945313e+00
        43      -0.0582377116      2.8035202149e+00
        44      -0.0581105550      2.8047355469e+00
        45      -0.0579833984      2.8081650391e+00
        46      -0.0578562419      2.8070916992e+00
        47      -0.0577290853      2.8103999024e+00
        48      -0.0576019287      2.8130366211e+00
        49      -0.0574747721      2.8158391602e+00
        50      -0.0573476156      2.8175621094e+00
        51      -0.0572204590      2.8210035156e+00
        52      -0.0570933024      2.8215652344e+00
        53      -0.0569661458      2.8234997071e+00
        54      -0.0568389893      2.8261808594e+00
        55      -0.0567118327      2.8291526367e+00
        56      -0.0565846761      2.8305272462e+00
        57      -0.0564575195      2.8334469727e+00
        58      -0.0563303630      2.8369448242e+00
        59      -0.0562032064      2.8391147461e+00
        60      -0.0560760498      2.8385365235e+00
        61      -0.0559488932      2.8441709961e+00
        62      -0.0558217367      2.8454550782e+00
        63      -0.0556945801      2.8482645508e+00
        64      -0.0555674235      2.8491501953e+00
        65      -0.0554402669      2.8519131836e+00
        66      -0.0553131104      2.8542736329e+00
        67      -0.0551859538      2.8583599610e+00
        68      -0.0550587972      2.8573759766e+00
        69      -0.0549316406      2.8602064453e+00
        70      -0.0548044840      2.8634620118e+00
        71      -0.0546773275      2.8655747070e+00
        72      -0.0545501709      2.8678772461e+00
        73      -0.0544230143      2.8717378906e+00
        74      -0.0542958577      2.8726842773e+00
        75      -0.0541687012      2.8751449219e+00
        76      -0.0540415446      2.8760153321e+00
        77      -0.0539143880      2.8811359375e+00
        78      -0.0537872314      2.8821008789e+00
        79      -0.0536600749      2.8867840821e+00
        80      -0.0535329183      2.8875777344e+00
        81      -0.0534057617      2.8907931641e+00
        82      -0.0532786051      2.8922903321e+00
        83      -0.0531514486      2.8979817383e+00
        84      -0.0530242920      2.8981223633e+00
        85      -0.0528971354      2.8998650391e+00
        86      -0.0527699788      2.9038017578e+00
        87      -0.0526428223      2.9056047852e+00
        88      -0.0525156657      2.9087213868e+00
        89      -0.0523885091      2.9115755860e+00
        90      -0.0522613525      2.9153373047e+00
        91      -0.0521341960      2.9150481446e+00
        92      -0.0520070394      2.9181832032e+00
        93      -0.0518798828      2.9206674805e+00
        94      -0.0517527262      2.9246958008e+00
        95      -0.0516255697      2.9276411133e+00
        96      -0.0514984131      2.9287460938e+00
        97      -0.0513712565      2.9327508789e+00
        98      -0.0512440999      2.9346068359e+00
        99      -0.0511169434      2.9374436524e+00
       100      -0.0509897868      2.9408515625e+00
       101      -0.0508626302      2.9435248047e+00
       102      -0.0507354736      2.9456133789e+00
       103      -0.0506083171      2.9466672852e+00
       104      -0.0504811605      2.9503707032e+00
       105      -0.0503540039      2.9524988282e+00
       106      -0.0502268473      2.9569322266e+00
       107      -0.0500996908      2.9602846680e+00
       108      -0.0499725342      2.9635332032e+00
       109      -0.0498453776      2.9647037110e+00
       110      -0.0497182210      2.9677032227e+00
       111      -0.0495910645      2.9715092773e+00
       112      -0.0494639079      2.9734927734e+00
       113      -0.0493367513      2.9762905273e+00
       114      -0.0492095947      2.9797565430e+00
       115      -0.0490824382      2.9838324219e+00
       116      -0.0489552816      2.9858368164e+00
       117      -0.0488281250      2.9869559570e+00
       118      -0.0487009684      2.9918319336e+00
       119      -0.0485738118      2.9956521485e+00
       120      -0.0484466553      2.9963607423e+00
       121      -0.0483194987      3.0012333985e+00
       122      -0.0481923421      3.0054513672e+00
       123      -0.0480651855      3.0072463867e+00
       124      -0.0479380290      3.0091325196e+00
       125      -0.0478108724      3.0144956055e+00
       126      -0.0476837158      3.0162272461e+00
       127      -0.0475565592      3.0187111329e+00
       128      -0.0474294027      3.0222036133e+00
       129      -0.0473022461      3.0270947266e+00
       130      -0.0471750895      3.0282410156e+00
       131      -0.0470479329      3.0307360352e+00
       132      -0.0469207764      3.0350156251e+00
       133      -0.0467936198      3.0380411133e+00
       134      -0.0466664632      3.0414517578e+00
       135      -0.0465393066      3.0449300782e+00
       136      -0.0464121501      3.0464844727e+00
       137      -0.0462849935      3.0511099609e+00
       138      -0.0461578369      3.0531090821e+00
       139      -0.0460306803      3.0564814454e+00
       140      -0.0459035238      3.0620428711e+00
       141      -0.0457763672      3.0661002930e+00
       142      -0.0456492106      3.0694180664e+00
       143      -0.0455220540      3.0704966797e+00
       144      -0.0453948975      3.0717759766e+00
       145      -0.0452677409      3.0787558594e+00
       146      -0.0451405843      3.0824745118e+00
       147      -0.0450134277      3.0843104492e+00
       148      -0.0448862712      3.0917758789e+00
       149      -0.0447591146      3.0931399414e+00
       150      -0.0446319580      3.0931687500e+00
       151      -0.0445048014      3.0967778321e+00
       152      -0.0443776449      3.1044879883e+00
       153      -0.0442504883      3.1078529297e+00
       154      -0.0441233317      3.1122965821e+00
       155      -0.0439961751      3.1132208985e+00
       156      -0.0438690186      3.1168651367e+00
       157      -0.0437418620      3.1206983399e+00
       158      -0.0436147054      3.1234295899e+00
       159      -0.0434875488      3.1299330078e+00
       160      -0.0433603923      3.1317721681e+00
       161      -0.0432332357      3.1389523438e+00
       162      -0.0431060791      3.1384976563e+00
       163      -0.0429789225      3.1441576173e+00
       164      -0.0428517660      3.1504051758e+00
       165      -0.0427246094      3.1520840821e+00
       166      -0.0425974528      3.1589759766e+00
       167      -0.0424702962      3.1603019532e+00
       168      -0.0423431396      3.1643985352e+00
       169      -0.0422159831      3.1703414063e+00
       170      -0.0420888265      3.1744890626e+00
       171      -0.0419616699      3.1761499024e+00
       172      -0.0418345133      3.1815313477e+00
       173      -0.0417073568      3.1856058594e+00
       174      -0.0415802002      3.1864872070e+00
       175      -0.0414530436      3.1917676758e+00
       176      -0.0413258870      3.1975919922e+00
       177      -0.0411987305      3.2006256836e+00
       178      -0.0410715739      3.2072101563e+00
       179      -0.0409444173      3.2110508790e+00
       180      -0.0408172607      3.2156872071e+00
       181      -0.0406901042      3.2202835938e+00
       182      -0.0405629476      3.2231498047e+00
       183      -0.0404357910      3.2270960938e+00
       184      -0.0403086344      3.2326330078e+00
       185      -0.0401814779      3.2340314454e+00
       186      -0.0400543213      3.2426369141e+00
       187      -0.0399271647      3.2467658203e+00
       188      -0.0398000081      3.2475018555e+00
       189      -0.0396728516      3.2530124024e+00
       190      -0.0395456950      3.2595943360e+00
       191      -0.0394185384      3.2647315430e+00
       192      -0.0392913818      3.2672586914e+00
       193      -0.0391642253      3.2725573242e+00
       194      -0.0390370687      3.2771988282e+00
       195      -0.0389099121      3.2838271485e+00
       196      -0.0387827555      3.2880458009e+00
       197      -0.0386555990      3.2888380860e+00
       198      -0.0385284424      3.2957162110e+00
       199      -0.0384012858      3.2985662110e+00
       200      -0.0382741292      3.3073352539e+00
       201      -0.0381469727      3.3109182617e+00
       202      -0.0380198161      3.3149931641e+00
       203      -0.0378926595      3.3201095703e+00
       204      -0.0377655029      3.3290992188e+00
       205      -0.0376383464      3.3313976563e+00
       206      -0.0375111898      3.3352576172e+00
       207      -0.0373840332      3.3387971680e+00
       208      -0.0372568766      3.3442008789e+00
       209      -0.0371297201      3.3525113282e+00
       210      -0.0370025635      3.3537460938e+00
       211      -0.0368754069      3.3571816407e+00
       212      -0.0367482503      3.3676228516e+00
       213      -0.0366210938      3.3703624024e+00
       214      -0.0364939372      3.3771975586e+00
       215      -0.0363667806      3.3811648438e+00
       216      -0.0362396240      3.3893265625e+00
       217      -0.0361124674      3.3928343751e+00
       218      -0.0359853109      3.4001393555e+00
       219      -0.0358581543      3.4047131837e+00
       220      -0.0357309977      3.4083849610e+00
       221      -0.0356038411      3.4147597657e+00
       222      -0.0354766846      3.4182968751e+00
       223      -0.0353495280      3.4284828125e+00
       224      -0.0352223714      3.4327693360e+00
       225      -0.0350952148      3.4405647461e+00
       226      -0.0349680583      3.4437983399e+00
       227      -0.0348409017      3.4477440430e+00
       228      -0.0347137451      3.4549522461e+00
       229      -0.0345865885      3.4606206055e+00
       230      -0.0344594320      3.4653588868e+00
       231      -0.0343322754      3.4716150391e+00
       232      -0.0342051188      3.4827157227e+00
       233      -0.0340779622      3.4851545899e+00
       234      -0.0339508057      3.4909344727e+00
       235      -0.0338236491      3.4980280274e+00
       236      -0.0336964925      3.5051957032e+00
       237      -0.0335693359      3.5087137696e+00
       238      -0.0334421794      3.5168752930e+00
       239      -0.0333150228      3.5223576173e+00
       240      -0.0331878662      3.5287822266e+00
       241      -0.0330607096      3.5381602540e+00
       242      -0.0329335531      3.5444692383e+00
       243      -0.0328063965      3.5461327149e+00
       244      -0.0326792399      3.5540212891e+00
       245      -0.0325520833      3.5611641602e+00
       246      -0.0324249268      3.5678914063e+00
       247      -0.0322977702      3.5772991211e+00
       248      -0.0321706136      3.5819759766e+00
       249      -0.0320434570      3.5877427735e+00
       250      -0.0319163005      3.5951460938e+00
       251      -0.0317891439      3.6014785156e+00
       252      -0.0316619873      3.6153859375e+00
       253      -0.0315348307      3.6134333985e+00
       254      -0.0314076742      3.6265204102e+00
       255      -0.0312805176      3.6335142579e+00
       256      -0.0311533610      3.6447157227e+00
       257      -0.0310262044      3.6462415040e+00
       258      -0.0308990479      3.6537765625e+00
       259      -0.0307718913      3.6593027344e+00
       260      -0.0306447347      3.6686503907e+00
       261      -0.0305175781      3.6790285157e+00
       262      -0.0303904215      3.6846889649e+00
       263      -0.0302632650      3.6921936523e+00
       264      -0.0301361084      3.6990569336e+00
       265      -0.0300089518      3.7070762696e+00
       266      -0.0298817952      3.7168040039e+00
       267      -0.0297546387      3.7241622070e+00
       268      -0.0296274821      3.7336848633e+00
       269      -0.0295003255      3.7400794922e+00
       270      -0.0293731689      3.7449566407e+00
       271      -0.0292460124      3.7568375000e+00
       272      -0.0291188558      3.7637192383e+00
       273      -0.0289916992      3.7743184571e+00
       274      -0.0288645426      3.7803530274e+00
       275      -0.0287373861      3.7902836914e+00
       276      -0.0286102295      3.7969206055e+00
       277      -0.0284830729      3.8055669922e+00
       278      -0.0283559163      3.8161708008e+00
       279      -0.0282287598      3.8220771485e+00
       280      -0.0281016032      3.8308058594e+00
       281      -0.0279744466      3.8422000000e+00
       282      -0.0278472900      3.8538725587e+00
       283      -0.0277201335      3.8602649414e+00
       284      -0.0275929769      3.8685876954e+00
       285      -0.0274658203      3.8842305665e+00
       286      -0.0273386637      3.8870406251e+00
       287      -0.0272115072      3.8994337891e+00
       288      -0.0270843506      3.9065528321e+00
       289      -0.0269571940      3.9162403321e+00
       290      -0.0268300374      3.9234972657e+00
       291      -0.0267028809      3.9361026368e+00
       292      -0.0265757243      3.9429029297e+00
       293      -0.0264485677      3.9514571290e+00
       294      -0.0263214111      3.9646678711e+00
       295      -0.0261942546      3.9751937501e+00
       296      -0.0260670980      3.9863313477e+00
       297      -0.0259399414      3.9922769531e+00
       298      -0.0258127848      4.0088943360e+00
       299      -0.0256856283      4.0150361328e+00
       300      -0.0255584717      4.0224676758e+00
       301      -0.0254313151      4.0350778320e+00
       302      -0.0253041585      4.0445002930e+00
       303      -0.0251770020      4.0552635742e+00
       304      -0.0250498454      4.0692404297e+00
       305      -0.0249226888      4.0820059571e+00
       306      -0.0247955322      4.0903610352e+00
       307      -0.0246683757      4.1009928711e+00
       308      -0.0245412191      4.1100331055e+00
       309      -0.0244140625      4.1224704102e+00
       310      -0.0242869059      4.1350693360e+00
       311      -0.0241597493      4.1454250000e+00
       312      -0.0240325928      4.1547659180e+00
       313      -0.0239054362      4.1721581055e+00
       314      -0.0237782796      4.1770092773e+00
       315      -0.0236511230      4.1907833985e+00
       316      -0.0235239665      4.2076443360e+00
       317      -0.0233968099      4.2165741211e+00
       318      -0.0232696533      4.2331613282e+00
       319      -0.0231424967      4.2406377930e+00
       320      -0.0230153402      4.2548632813e+00
       321      -0.0228881836      4.2654502930e+00
       322      -0.0227610270      4.2777759766e+00
       323      -0.0226338704      4.2889642578e+00
       324      -0.0225067139      4.2995158203e+00
       325      -0.0223795573      4.3215074219e+00
       326      -0.0222524007      4.3318135743e+00
       327      -0.0221252441      4.3476094727e+00
       328      -0.0219980876      4.3578895508e+00
       329      -0.0218709310      4.3709464844e+00
       330      -0.0217437744      4.3896987305e+00
       331      -0.0216166178      4.4002804688e+00
       332      -0.0214894613      4.4130113282e+00
       333      -0.0213623047      4.4290012695e+00
       334      -0.0212351481      4.4398171876e+00
       335      -0.0211079915      4.4554729492e+00
       336      -0.0209808350      4.4675134766e+00
       337      -0.0208536784      4.4911616211e+00
       338      -0.0207265218      4.4988666993e+00
       339      -0.0205993652      4.5157274414e+00
       340      -0.0204722087      4.5330274414e+00
       341      -0.0203450521      4.5466040039e+00
       342      -0.0202178955      4.5653706055e+00
       343      -0.0200907389      4.5767162109e+00
       344      -0.0199635824      4.5963342774e+00
       345      -0.0198364258      4.6091826172e+00
       346      -0.0197092692      4.6235602540e+00
       347      -0.0195821126      4.6411534180e+00
       348      -0.0194549561      4.6559542969e+00
       349      -0.0193277995      4.6634921875e+00
       350      -0.0192006429      4.6908300781e+00
       351      -0.0190734863      4.6952538086e+00
       352      -0.0189463298      4.7119411133e+00
       353      -0.0188191732      4.7349077149e+00
       354      -0.0186920166      4.7564214844e+00
       355      -0.0185648600      4.7740538086e+00
       356      -0.0184377035      4.7839032227e+00
       357      -0.0183105469      4.8007918945e+00
       358      -0.0181833903      4.8254160157e+00
       359      -0.0180562337      4.8411295899e+00
       360      -0.0179290771      4.8595678711e+00
       361      -0.0178019206      4.8761362305e+00
       362      -0.0176747640      4.8915185547e+00
       363      -0.0175476074      4.9229913086e+00
       364      -0.0174204508      4.9308489258e+00
       365      -0.0172932943      4.9626967774e+00
       366      -0.0171661377      4.9714920899e+00
       367      -0.0170389811      4.9996946289e+00
       368      -0.0169118245      5.0111298828e+00
       369      -0.0167846680      5.0293742188e+00
       370      -0.0166575114      5.0515627930e+00
       371      -0.0165303548      5.0839291993e+00
       372      -0.0164031982      5.0941768555e+00
       373      -0.0162760417      5.1139168945e+00
       374      -0.0161488851      5.1315633789e+00
       375      -0.0160217285      5.1528035156e+00
       376      -0.0158945719      5.1792485352e+00
       377      -0.0157674154      5.1935045899e+00
       378      -0.0156402588      5.2172085938e+00
       379      -0.0155131022      5.2423491211e+00
       380      -0.0153859456      5.2600252930e+00
       381      -0.0152587891      5.2910063477e+00
       382      -0.0151316325      5.3070034180e+00
       383      -0.0150044759      5.3288742188e+00
       384      -0.0148773193      5.3472203125e+00
       385      -0.0147501628      5.3613865235e+00
       386      -0.0146230062      5.3936475586e+00
       387      -0.0144958496      5.4145627930e+00
       388      -0.0143686930      5.4549987305e+00
       389      -0.0142415365      5.4602189453e+00
       390      -0.0141143799      5.4912218751e+00
       391      -0.0139872233      5.5160885743e+00
       392      -0.0138600667      5.5471691407e+00
       393      -0.0137329102      5.5779476563e+00
       394      -0.0136057536      5.5899362305e+00
       395      -0.0134785970      5.6149515626e+00
       396      -0.0133514404      5.6513148438e+00
       397      -0.0132242839      5.6665556641e+00
       398      -0.0130971273      5.7044913086e+00
       399      -0.0129699707      5.7178686524e+00
       400      -0.0128428141      5.7361973633e+00
       401      -0.0127156576      5.7793751954e+00
       402      -0.0125885010      5.7949387696e+00
       403      -0.0124613444      5.8475858399e+00
       404      -0.0123341878      5.8705380860e+00
       405      -0.0122070313      5.8944774414e+00
       406      -0.0120798747      5.9132133790e+00
       407      -0.0119527181      5.9530366211e+00
       408      -0.0118255615      5.9734435547e+00
       409      -0.0116984049      6.0138499024e+00
       410      -0.0115712484      6.0371743165e+00
       411      -0.0114440918      6.0836151367e+00
       412      -0.0113169352      6.1028469727e+00
       413      -0.0111897786      6.1281186524e+00
       414      -0.0110626221      6.1588083985e+00
       415      -0.0109354655      6.1888262696e+00
       416      -0.0108083089      6.2057720703e+00
       417      -0.0106811523      6.2412287110e+00
       418      -0.0105539958      6.2913965820e+00
       419      -0.0104268392      6.3025513672e+00
       420      -0.0102996826      6.3437963868e+00
       421      -0.0101725260      6.4000075196e+00
       422      -0.0100453695      6.4277466797e+00
       423      -0.0099182129      6.4523205078e+00
       424      -0.0097910563      6.4895458008e+00
       425      -0.0096638997      6.5209537110e+00
       426      -0.0095367432      6.5541322266e+00
       427      -0.0094095866      6.5838402344e+00
       428      -0.0092824300      6.6382509766e+00
       429      -0.0091552734      6.6708730469e+00
       430      -0.0090281169      6.6954408204e+00
       431      -0.0089009603      6.7411524414e+00
       432      -0.0087738037      6.7655029297e+00
       433      -0.0086466471      6.8331599610e+00
       434      -0.0085194906      6.8549613282e+00
       435      -0.0083923340      6.8891889649e+00
       436      -0.0082651774      6.9257522461e+00
       437      -0.0081380208      6.9602927735e+00
       438      -0.0080108643      7.0039642578e+00
       439      -0.0078837077      7.0375339844e+00
       440      -0.0077565511      7.0841480469e+00
       441      -0.0076293945      7.1222426758e+00
       442      -0.0075022380      7.1726754883e+00
       443      -0.0073750814      7.2099652344e+00
       444      -0.0072479248      7.2589666993e+00
       445      -0.0071207682      7.2656331055e+00
       446      -0.0069936117      7.3372924805e+00
       447      -0.0068664551      7.3827516602e+00
       448      -0.0067392985      7.4199860352e+00
       449      -0.0066121419      7.4800994141e+00
       450      -0.0064849854      7.4948129884e+00
       451      -0.0063578288      7.5564397461e+00
       452      -0.0062306722      7.5942441407e+00
       453      -0.0061035156      7.6402352539e+00
       454      -0.0059763590      7.6686989258e+00
       455      -0.0058492025      7.7390425782e+00
       456      -0.0057220459      7.8063945313e+00
       457      -0.0055948893      7.8491638672e+00
       458      -0.0054677327      7.9023405274e+00
       459      -0.0053405762      7.9436116212e+00
       460      -0.0052134196      7.9930695313e+00
       461      -0.0050862630      8.0188874024e+00
       462      -0.0049591064      8.0993666016e+00
       463      -0.0048319499      8.1544947266e+00
       464      -0.0047047933      8.1745068359e+00
       465      -0.0045776367      8.2607592773e+00
       466      -0.0044504801      8.2944310547e+00
       467      -0.0043233236      8.3538619141e+00
       468      -0.0041961670      8.4168118164e+00
       469      -0.0040690104      8.4853782227e+00
       470      -0.0039418538      8.5021142579e+00
       471      -0.0038146973      8.5833678711e+00
       472      -0.0036875407      8.6390614258e+00
       473      -0.0035603841      8.7009628906e+00
       474      -0.0034332275      8.7619727539e+00
       475      -0.0033060710      8.8276403321e+00
       476      -0.0031789144      8.9111757813e+00
       477      -0.0030517578      8.9498766602e+00
       478      -0.0029246012      9.0561571289e+00
       479      -0.0027974447      9.1062691406e+00
       480      -0.0026702881      9.1918559570e+00
       481      -0.0025431315      9.3140030274e+00
       482      -0.0024159749      9.3618914063e+00
       483      -0.0022888184      9.4699849610e+00
       484      -0.0021616618      9.6064560547e+00
       485      -0.0020345052      9.7259108400e+00
       486      -0.0019073486      9.7953620117e+00
       487      -0.0017801921      9.9618614260e+00
       488      -0.0016530355      1.0098215820e+01
       489      -0.0015258789      1.0220989551e+01
       490      -0.0013987223      1.0355929980e+01
       491      -0.0012715658      1.0542790332e+01
       492      -0.0011444092      1.0575478907e+01
       493      -0.0010172526      1.0724388477e+01
       494      -0.0008900960      1.0832033594e+01
       495      -0.0007629395      1.0933523437e+01
       496      -0.0006357829      1.1032417578e+01
       497      -0.0005086263      1.1069582519e+01
       498      -0.0003814697      1.1066433984e+01
       499      -0.0002543132      1.1062825196e+01
       500      -0.0001271566      1.1009645020e+01
       501      0.0000000000      1.0944061524e+01
       502      0.0001271566      1.0890364551e+01
       503      0.0002543132      1.0748252051e+01
       504      0.0003814697      1.0636496778e+01
       505      0.0005086263      1.0508554199e+01
       506      0.0006357829      1.0354688476e+01
       507      0.0007629395      1.0267176367e+01
       508      0.0008900960      1.0123981836e+01
       509      0.0010172526      9.9765354495e+00
       510      0.0011444092      9.8089882812e+00
       511      0.0012715658      9.7507129884e+00
       512      0.0013987223      9.5982630860e+00
       513      0.0015258789      9.4830705078e+00
       514      0.0016530355      9.3729420899e+00
       515      0.0017801921      9.3100069336e+00
       516      0.0019073486      9.1669411133e+00
       517      0.0020345052      9.0585537110e+00
       518      0.0021616618      8.9851016602e+00
       519      0.0022888184      8.8345611329e+00
       520      0.0024159749      8.7375083008e+00
       521      0.0025431315      8.6689840820e+00
       522      0.0026702881      8.5848563477e+00
       523      0.0027974447      8.4795159180e+00
       524      0.0029246012      8.3762311524e+00
       525      0.0030517578      8.2842560547e+00
       526      0.0031789144      8.2295333985e+00
       527      0.0033060710      8.0868652344e+00
       528      0.0034332275      8.0285838867e+00
       529      0.0035603841      7.9493297853e+00
       530      0.0036875407      7.8719395508e+00
       531      0.0038146973      7.7686637696e+00
       532      0.0039418538      7.6875694337e+00
       533      0.0040690104      7.6446039063e+00
       534      0.0041961670      7.5244471680e+00
       535      0.0043233236      7.4841896485e+00
       536      0.0044504801      7.4060854492e+00
       537      0.0045776367      7.3273330078e+00
       538      0.0047047933      7.2459441407e+00
       539      0.0048319499      7.1884585938e+00
       540      0.0049591064      7.1048910156e+00
       541      0.0050862630      7.0315035157e+00
       542      0.0052134196      6.9534493165e+00
       543      0.0053405762      6.9050582032e+00
       544      0.0054677327      6.8167470704e+00
       545      0.0055948893      6.7451237306e+00
       546      0.0057220459      6.6905303711e+00
       547      0.0058492025      6.6168218751e+00
       548      0.0059763590      6.5462530274e+00
       549      0.0061035156      6.4768128906e+00
       550      0.0062306722      6.4269131836e+00
       551      0.0063578288      6.3649482422e+00
       552      0.0064849854      6.3258780274e+00
       553      0.0066121419      6.2222256837e+00
       554      0.0067392985      6.1711065430e+00
       555      0.0068664551      6.0981724610e+00
       556      0.0069936117      6.0286185547e+00
       557      0.0071207682      6.0004350586e+00
       558      0.0072479248      5.9536048828e+00
       559      0.0073750814      5.8711775391e+00
       560      0.0075022380      5.8052683594e+00
       561      0.0076293945      5.7702204102e+00
       562      0.0077565511      5.7023555664e+00
       563      0.0078837077      5.6522435548e+00
       564      0.0080108643      5.5925446289e+00
       565      0.0081380208      5.5297389649e+00
       566      0.0082651774      5.4810755860e+00
       567      0.0083923340      5.4214431641e+00
       568      0.0085194906      5.3731743164e+00
       569      0.0086466471      5.3139213867e+00
       570      0.0087738037      5.2765010742e+00
       571      0.0089009603      5.2235511719e+00
       572      0.0090281169      5.1597596680e+00
       573      0.0091552734      5.1195961914e+00
       574      0.0092824300      5.0647939454e+00
       575      0.0094095866      5.0280807617e+00
       576      0.0095367432      4.9870790039e+00
       577      0.0096638997      4.9211247071e+00
       578      0.0097910563      4.8741390625e+00
       579      0.0099182129      4.8269379883e+00
       580      0.0100453695      4.7768034180e+00
       581      0.0101725260      4.7463697267e+00
       582      0.0102996826      4.6876964844e+00
       583      0.0104268392      4.6482651368e+00
       584      0.0105539958      4.6016149415e+00
       585      0.0106811523      4.5454711915e+00
       586      0.0108083089      4.5175133789e+00
       587      0.0109354655      4.4679305664e+00
       588      0.0110626221      4.4350934571e+00
       589      0.0111897786      4.3858592774e+00
       590      0.0113169352      4.3482645508e+00
       591      0.0114440918      4.3063552735e+00
       592      0.0115712484      4.2791911133e+00
       593      0.0116984049      4.2263934571e+00
       594      0.0118255615      4.1765646484e+00
       595      0.0119527181      4.1501120117e+00
       596      0.0120798747      4.1046954102e+00
       597      0.0122070312      4.0667571290e+00
       598      0.0123341878      4.0318759765e+00
       599      0.0124613444      3.9873531250e+00
       600      0.0125885010      3.9568568360e+00
       601      0.0127156576      3.9118497071e+00
       602      0.0128428141      3.8717589844e+00
       603      0.0129699707      3.8393077149e+00
       604      0.0130971273      3.8031648438e+00
       605      0.0132242839      3.7728803711e+00
       606      0.0133514404      3.7284766602e+00
       607      0.0134785970      3.6963484376e+00
       608      0.0136057536      3.6707544922e+00
       609      0.0137329102      3.6382325196e+00
       610      0.0138600667      3.5985133790e+00
       611      0.0139872233      3.5665924805e+00
       612      0.0141143799      3.5302362305e+00
       613      0.0142415365      3.4984332032e+00
       614      0.0143686930      3.4659947267e+00
       615      0.0144958496      3.4219080078e+00
       616      0.0146230062      3.3939221680e+00
       617      0.0147501628      3.3789479493e+00
       618      0.0148773193      3.3409656250e+00
       619      0.0150044759      3.3136162110e+00
       620      0.0151316325      3.2871939454e+00
       621      0.0152587891      3.2533880860e+00
       622      0.0153859456      3.2190583008e+00
       623      0.0155131022      3.1859031250e+00
       624      0.0156402588      3.1649140625e+00
       625      0.0157674154      3.1436758789e+00
       626      0.0158945719      3.1168162110e+00
       627      0.0160217285      3.0751494141e+00
       628      0.0161488851      3.0704342774e+00
       629      0.0162760417      3.0278724610e+00
       630      0.0164031982      3.0020255860e+00
       631      0.0165303548      2.9720773438e+00
       632      0.0166575114      2.9529914063e+00
       633      0.0167846680      2.9249335938e+00
       634      0.0169118245      2.9019999024e+00
       635      0.0170389811      2.8673630860e+00
       636      0.0171661377      2.8450205078e+00
       637      0.0172932943      2.8225464844e+00
       638      0.0174204508      2.7927808594e+00
       639      0.0175476074      2.7702849609e+00
       640      0.0176747640      2.7509935548e+00
       641      0.0178019206      2.7252535157e+00
       642      0.0179290771      2.6979780273e+00
       643      0.0180562337      2.6727066407e+00
       644      0.0181833903      2.6616896485e+00
       645      0.0183105469      2.6352153321e+00
       646      0.0184377035      2.6122526368e+00
       647      0.0185648600      2.5969421875e+00
       648      0.0186920166      2.5688883789e+00
       649      0.0188191732      2.5394167969e+00
       650      0.0189463298      2.5272550781e+00
       651      0.0190734863      2.5024367188e+00
       652      0.0192006429      2.4852033204e+00
       653      0.0193277995      2.4511787109e+00
       654      0.0194549561      2.4392616211e+00
       655      0.0195821126      2.4143693360e+00
       656      0.0197092692      2.3960995118e+00
       657      0.0198364258      2.3818447266e+00
       658      0.0199635824      2.3560633789e+00
       659      0.0200907389      2.3385411133e+00
       660      0.0202178955      2.3200732422e+00
       661      0.0203450521      2.3027167969e+00
       662      0.0204722087      2.2814266602e+00
       663      0.0205993652      2.2590143555e+00
       664      0.0207265218      2.2361623047e+00
       665      0.0208536784      2.2237515625e+00
       666      0.0209808350      2.2063037110e+00
       667      0.0211079915      2.1851176758e+00
       668      0.0212351481      2.1737231446e+00
       669      0.0213623047      2.1525182618e+00
       670      0.0214894613      2.1352958985e+00
       671      0.0216166178      2.1190918946e+00
       672      0.0217437744      2.0969076172e+00
       673      0.0218709310      2.0778523437e+00
       674      0.0219980876      2.0700230469e+00
       675      0.0221252441      2.0526399414e+00
       676      0.0222524007      2.0340847656e+00
       677      0.0223795573      2.0187551758e+00
       678      0.0225067139      1.9919856446e+00
       679      0.0226338704      1.9845008790e+00
       680      0.0227610270      1.9651349609e+00
       681      0.0228881836      1.9527218751e+00
       682      0.0230153402      1.9386314454e+00
       683      0.0231424967      1.9225869141e+00
       684      0.0232696533      1.9057263672e+00
       685      0.0233968099      1.8960150391e+00
       686      0.0235239665      1.8786569336e+00
       687      0.0236511230      1.8672088867e+00
       688      0.0237782796      1.8503866211e+00
       689      0.0239054362      1.8338369141e+00
       690      0.0240325928      1.8201208985e+00
       691      0.0241597493      1.8084782227e+00
       692      0.0242869059      1.7894807617e+00
       693      0.0244140625      1.7802221680e+00
       694      0.0245412191      1.7660303711e+00
       695      0.0246683757      1.7565436524e+00
       696      0.0247955322      1.7374117188e+00
       697      0.0249226888      1.7285701173e+00
       698      0.0250498454      1.7132151367e+00
       699      0.0251770020      1.7019832032e+00
       700      0.0253041585      1.6866124024e+00
       701      0.0254313151      1.6690278321e+00
       702      0.0255584717      1.6565911134e+00
       703      0.0256856283      1.6485911133e+00
       704      0.0258127848      1.6351215821e+00
       705      0.0259399414      1.6305396485e+00
       706      0.0260670980      1.6135496094e+00
       707      0.0261942546      1.6005285157e+00
       708      0.0263214111      1.5897262696e+00
       709      0.0264485677      1.5780565430e+00
       710      0.0265757243      1.5603950196e+00
       711      0.0267028809      1.5488205078e+00
       712      0.0268300374      1.5367871094e+00
       713      0.0269571940      1.5308821289e+00
       714      0.0270843506      1.5205931641e+00
       715      0.0272115072      1.5059962891e+00
       716      0.0273386637      1.4998164063e+00
       717      0.0274658203      1.4861892579e+00
       718      0.0275929769      1.4740429688e+00
       719      0.0277201335      1.4642639649e+00
       720      0.0278472900      1.4566004883e+00
       721      0.0279744466      1.4407053711e+00
       722      0.0281016032      1.4344372071e+00
       723      0.0282287598      1.4246477539e+00
       724      0.0283559163      1.4119339844e+00
       725      0.0284830729      1.4013449219e+00
       726      0.0286102295      1.3952334961e+00
       727      0.0287373861      1.3879541992e+00
       728      0.0288645426      1.3764724610e+00
       729      0.0289916992      1.3673687500e+00
       730      0.0291188558      1.3541709961e+00
       731      0.0292460124      1.3434974609e+00
       732      0.0293731689      1.3340342774e+00
       733      0.0295003255      1.3243408203e+00
       734      0.0296274821      1.3166336914e+00
       735      0.0297546387      1.3054678711e+00
       736      0.0298817952      1.3001265625e+00
       737      0.0300089518      1.2904542969e+00
       738      0.0301361084      1.2799715821e+00
       739      0.0302632650      1.2725350586e+00
       740      0.0303904215      1.2618976563e+00
       741      0.0305175781      1.2531912110e+00
       742      0.0306447347      1.2457530274e+00
       743      0.0307718913      1.2393956055e+00
       744      0.0308990479      1.2270855469e+00
       745      0.0310262044      1.2224378907e+00
       746      0.0311533610      1.2145528321e+00
       747      0.0312805176      1.2053240235e+00
       748      0.0314076742      1.1977055665e+00
       749      0.0315348307      1.1926055664e+00
       750      0.0316619873      1.1796823243e+00
       751      0.0317891439      1.1735927735e+00
       752      0.0319163005      1.1678119141e+00
       753      0.0320434570      1.1606083008e+00
       754      0.0321706136      1.1495826172e+00
       755      0.0322977702      1.1441221680e+00
       756      0.0324249268      1.1315031250e+00
       757      0.0325520833      1.1281985352e+00
       758      0.0326792399      1.1169729492e+00
       759      0.0328063965      1.1157105469e+00
       760      0.0329335531      1.1054297852e+00
       761      0.0330607096      1.0991590821e+00
       762      0.0331878662      1.0912674805e+00
       763      0.0333150228      1.0820981446e+00
       764      0.0334421794      1.0775972656e+00
       765      0.0335693359      1.0719511719e+00
       766      0.0336964925      1.0641942383e+00
       767      0.0338236491      1.0558308594e+00
       768      0.0339508057      1.0492067383e+00
       769      0.0340779622      1.0440250000e+00
       770      0.0342051188      1.0379857422e+00
       771      0.0343322754      1.0301170898e+00
       772      0.0344594320      1.0199497071e+00
       773      0.0345865885      1.0148561524e+00
       774      0.0347137451      1.0130583984e+00
       775      0.0348409017      1.0040501953e+00
       776      0.0349680583      9.9608339846e-01
       777      0.0350952148      9.9215917970e-01
       778      0.0352223714      9.8490009765e-01
       779      0.0353495280      9.7925439453e-01
       780      0.0354766846      9.7337353516e-01
       781      0.0356038411      9.6802939454e-01
       782      0.0357309977      9.5972050782e-01
       783      0.0358581543      9.5528457032e-01
       784      0.0359853109      9.4907753907e-01
       785      0.0361124674      9.4335546876e-01
       786      0.0362396240      9.4083378907e-01
       787      0.0363667806      9.3295537110e-01
       788      0.0364939372      9.2582958986e-01
       789      0.0366210938      9.2180283204e-01
       790      0.0367482503      9.1291103516e-01
       791      0.0368754069      9.0820195313e-01
       792      0.0370025635      9.0527011719e-01
       793      0.0371297201      8.9857617188e-01
       794      0.0372568766      8.9462900391e-01
       795      0.0373840332      8.8581953126e-01
       796      0.0375111898      8.8408798829e-01
       797      0.0376383464      8.7625410157e-01
       798      0.0377655029      8.7336181641e-01
       799      0.0378926595      8.6635761720e-01
       800      0.0380198161      8.6170595704e-01
       801      0.0381469727      8.5742470704e-01
       802      0.0382741292      8.5047685548e-01
       803      0.0384012858      8.4653310547e-01
       804      0.0385284424      8.4394658204e-01
       805      0.0386555990      8.3870019532e-01
       806      0.0387827555      8.3018935548e-01
       807      0.0389099121      8.2764912110e-01
       808      0.0390370687      8.2265791017e-01
       809      0.0391642253      8.1609365235e-01
       810      0.0392913818      8.1292021486e-01
       811      0.0394185384      8.0730097657e-01
       812      0.0395456950      8.0191562501e-01
       813      0.0396728516      7.9925703125e-01
       814      0.0398000081      7.9297382813e-01
       815      0.0399271647      7.9009980469e-01
       816      0.0400543213      7.8598613282e-01
       817      0.0401814779      7.8294716798e-01
       818      0.0403086344      7.7445732422e-01
       819      0.0404357910      7.7502939454e-01
       820      0.0405629476      7.6755156251e-01
       821      0.0406901042      7.6217197267e-01
       822      0.0408172607      7.6238437501e-01
       823      0.0409444173      7.5570419923e-01
       824      0.0410715739      7.5205888673e-01
       825      0.0411987305      7.4541513673e-01
       826      0.0413258870      7.4388828126e-01
       827      0.0414530436      7.3822207032e-01
       828      0.0415802002      7.3530498047e-01
       829      0.0417073568      7.3059736329e-01
       830      0.0418345133      7.2660996094e-01
       831      0.0419616699      7.2024101563e-01
       832      0.0420888265      7.1858671876e-01
       833      0.0422159831      7.1488203126e-01
       834      0.0423431396      7.1215546876e-01
       835      0.0424702962      7.0562529297e-01
       836      0.0425974528      7.0355039063e-01
       837      0.0427246094      6.9915976564e-01
       838      0.0428517660      6.9517304688e-01
       839      0.0429789225      6.9314794923e-01
       840      0.0431060791      6.9044091797e-01
       841      0.0432332357      6.8531123048e-01
       842      0.0433603923      6.8070380860e-01
       843      0.0434875488      6.7781015626e-01
       844      0.0436147054      6.7256601563e-01
       845      0.0437418620      6.7110214844e-01
       846      0.0438690186      6.6565117188e-01
       847      0.0439961751      6.6107460938e-01
       848      0.0441233317      6.5951318360e-01
       849      0.0442504883      6.5596699219e-01
       850      0.0443776449      6.5306357423e-01
       851      0.0445048014      6.4915888672e-01
       852      0.0446319580      6.4494736328e-01
       853      0.0447591146      6.4350488282e-01
       854      0.0448862712      6.4084267579e-01
       855      0.0450134277      6.3485048828e-01
       856      0.0451405843      6.3309052735e-01
       857      0.0452677409      6.2861064454e-01
       858      0.0453948975      6.2593007813e-01
       859      0.0455220540      6.2217451172e-01
       860      0.0456492106      6.1842871094e-01
       861      0.0457763672      6.1667021485e-01
       862      0.0459035238      6.1241015626e-01
       863      0.0460306803      6.1207890626e-01
       864      0.0461578369      6.0588857423e-01
       865      0.0462849935      6.0276611329e-01
       866      0.0464121501      6.0038320313e-01
       867      0.0465393066      5.9774599610e-01
       868      0.0466664632      5.9486650391e-01
       869      0.0467936198      5.9024794922e-01
       870      0.0469207764      5.8771328125e-01
       871      0.0470479329      5.8424531251e-01
       872      0.0471750895      5.8273925782e-01
       873      0.0473022461      5.7907431641e-01
       874      0.0474294027      5.7840380860e-01
       875      0.0475565592      5.7491630860e-01
       876      0.0476837158      5.7088779297e-01
       877      0.0478108724      5.6851220704e-01
       878      0.0479380290      5.6572568360e-01
       879      0.0480651855      5.6294433594e-01
       880      0.0481923421      5.6013759766e-01
       881      0.0483194987      5.5716962891e-01
       882      0.0484466553      5.5311074219e-01
       883      0.0485738118      5.5121298829e-01
       884      0.0487009684      5.4850742188e-01
       885      0.0488281250      5.4652275391e-01
       886      0.0489552816      5.4465869141e-01
       887      0.0490824382      5.3997714844e-01
       888      0.0492095947      5.3913818360e-01
       889      0.0493367513      5.3447763672e-01
       890      0.0494639079      5.3288261719e-01
       891      0.0495910645      5.2976572266e-01
       892      0.0497182210      5.2768984376e-01
       893      0.0498453776      5.2420703125e-01
       894      0.0499725342      5.2358828125e-01
       895      0.0500996908      5.2174902344e-01
       896      0.0502268473      5.1733193360e-01
       897      0.0503540039      5.1546201172e-01
       898      0.0504811605      5.1396552735e-01
       899      0.0506083171      5.1025361329e-01
       900      0.0507354736      5.0666826172e-01
       901      0.0508626302      5.0577207032e-01
       902      0.0509897868      5.0421992188e-01
       903      0.0511169434      5.0201953126e-01
       904      0.0512440999      4.9877988282e-01
       905      0.0513712565      4.9577802735e-01
       906      0.0514984131      4.9401171876e-01
       907      0.0516255697      4.9157236329e-01
       908      0.0517527262      4.9013662110e-01
       909      0.0518798828      4.8562617188e-01
       910      0.0520070394      4.8438291016e-01
       911      0.0521341960      4.8175957032e-01
       912      0.0522613525      4.7970527345e-01
       913      0.0523885091      4.7768271485e-01
       914      0.0525156657      4.7546972657e-01
       915      0.0526428223      4.7447255860e-01
       916      0.0527699788      4.7194052735e-01
       917      0.0528971354      4.6894296876e-01
       918      0.0530242920      4.6762265626e-01
       919      0.0531514486      4.6670449220e-01
       920      0.0532786051      4.6329423829e-01
       921      0.0534057617      4.6117763673e-01
       922      0.0535329183      4.5955458985e-01
       923      0.0536600749      4.5740917970e-01
       924      0.0537872314      4.5421718751e-01
       925      0.0539143880      4.5306171876e-01
       926      0.0540415446      4.5033935548e-01
       927      0.0541687012      4.4943671876e-01
       928      0.0542958577      4.4705771484e-01
       929      0.0544230143      4.4381123048e-01
       930      0.0545501709      4.4220830079e-01
       931      0.0546773275      4.4038232423e-01
       932      0.0548044840      4.3859218751e-01
       933      0.0549316406      4.3671464845e-01
       934      0.0550587972      4.3528427735e-01
       935      0.0551859538      4.3214208985e-01
       936      0.0553131104      4.3182529298e-01
       937      0.0554402669      4.2896611329e-01
       938      0.0555674235      4.2850224610e-01
       939      0.0556945801      4.2579306641e-01
       940      0.0558217367      4.2396396485e-01
       941      0.0559488932      4.2190498047e-01
       942      0.0560760498      4.2038212892e-01
       943      0.0562032064      4.1872812501e-01
       944      0.0563303630      4.1652744141e-01
       945      0.0564575195      4.1196269532e-01
       946      0.0565846761      4.1344951173e-01
       947      0.0567118327      4.1118867188e-01
       948      0.0568389893      4.0827685548e-01
       949      0.0569661458      4.0712958985e-01
       950      0.0570933024      4.0396386719e-01
       951      0.0572204590      4.0375791017e-01
       952      0.0573476156      4.0125136720e-01
       953      0.0574747721      4.0181015626e-01
       954      0.0576019287      3.9851005860e-01
       955      0.0577290853      3.9702500001e-01
       956      0.0578562419      3.9480097657e-01
       957      0.0579833984      3.9293681641e-01
       958      0.0581105550      3.9152314454e-01
       959      0.0582377116      3.9062617188e-01
       960      0.0583648682      3.8952568360e-01
       961      0.0584920247      3.8714169923e-01
       962      0.0586191813      3.8494287110e-01
       963      0.0587463379      3.8250966798e-01
       964      0.0588734945      3.8180771484e-01
       965      0.0590006510      3.8023476563e-01
       966      0.0591278076      3.7919072266e-01
       967      0.0592549642      3.7762695314e-01
       968      0.0593821208      3.7603388672e-01
       969      0.0595092773      3.7472041016e-01
       970      0.0596364339      3.7308544923e-01
       971      0.0597635905      3.7039111329e-01
       972      0.0598907471      3.6887666016e-01
       973      0.0600179036      3.6817968750e-01
       974      0.0601450602      3.6671806641e-01
       975      0.0602722168      3.6453125000e-01
       976      0.0603993734      3.6400654297e-01
       977      0.0605265299      3.6184531250e-01
       978      0.0606536865      3.5972363282e-01
       979      0.0607808431      3.5886982423e-01
       980      0.0609079997      3.5720224609e-01
       981      0.0610351562      3.5534804688e-01
       982      0.0611623128      3.5442626954e-01
       983      0.0612894694      3.5388085938e-01
       984      0.0614166260      3.5175371095e-01
       985      0.0615437826      3.4991757813e-01
       986      0.0616709391      3.4870458985e-01
       987      0.0617980957      3.4704121094e-01
       988      0.0619252523      3.4548183594e-01
       989      0.0620524089      3.4367900391e-01
       990      0.0621795654      3.4262871094e-01
       991      0.0623067220      3.4093212891e-01
       992      0.0624338786      3.4081210938e-01
       993      0.0625610352      3.3849189453e-01
       994      0.0626881917      3.3753544922e-01
       995      0.0628153483      3.3602158204e-01
       996      0.0629425049      3.3543623047e-01
       997      0.0630696615      3.3367324220e-01
       998      0.0631968180      3.3207763673e-01
       999      0.0633239746      3.3122568360e-01
      1000      0.0634511312      3.2967753907e-01
      1001      0.0635782878      3.2854453125e-01
