         1      -0.0762939453      2.5656789063e+00
         2      -0.0761413574      2.5676053711e+00
         3      -0.0759887695      2.5694823243e+00
         4      -0.0758361816      2.5711027344e+00
         5      -0.0756835938      2.5723506836e+00
         6      -0.0755310059      2.5746444336e+00
         7      -0.0753784180      2.5769295899e+00
         8      -0.0752258301      2.5770381836e+00
         9      -0.0750732422      2.5791443359e+00
        10      -0.0749206543      2.5820250977e+00
        11      -0.0747680664      2.5830058594e+00
        12      -0.0746154785      2.5838280274e+00
        13      -0.0744628906      2.5849458008e+00
        14      -0.0743103027      2.5883208985e+00
        15      -0.0741577148      2.5900610352e+00
        16      -0.0740051270      2.5906635743e+00
        17      -0.0738525391      2.5915425781e+00
        18      -0.0736999512      2.5942180664e+00
        19      -0.0735473633      2.5966225586e+00
        20      -0.0733947754      2.5996776367e+00
        21      -0.0732421875      2.5987446289e+00
        22      -0.0730895996      2.6017212891e+00
        23      -0.0729370117      2.6026536133e+00
        24      -0.0727844238      2.6054185547e+00
        25      -0.0726318359      2.6074520508e+00
        26      -0.0724792480      2.6075080078e+00
        27      -0.0723266602      2.6084897461e+00
        28      -0.0721740723      2.6111475586e+00
        29      -0.0720214844      2.6132069336e+00
        30      -0.0718688965      2.6137672852e+00
        31      -0.0717163086      2.6154552734e+00
        32      -0.0715637207      2.6175279297e+00
        33      -0.0714111328      2.6199269532e+00
        34      -0.0712585449      2.6217338867e+00
        35      -0.0711059570      2.6228025391e+00
        36      -0.0709533691      2.6250031250e+00
        37      -0.0708007812      2.6271991211e+00
        38      -0.0706481934      2.6284416016e+00
        39      -0.0704956055      2.6300596680e+00
        40      -0.0703430176      2.6317372070e+00
        41      -0.0701904297      2.6350011719e+00
        42      -0.0700378418      2.6350620117e+00
        43      -0.0698852539      2.6376747071e+00
        44      -0.0697326660      2.6399895508e+00
        45      -0.0695800781      2.6431614258e+00
        46      -0.0694274902      2.6424086915e+00
        47      -0.0692749023      2.6452565430e+00
        48      -0.0691223145      2.6468224610e+00
        49      -0.0689697266      2.6488155274e+00
        50      -0.0688171387      2.6500693360e+00
        51      -0.0686645508      2.6524445313e+00
        52      -0.0685119629      2.6546064454e+00
        53      -0.0683593750      2.6571937500e+00
        54      -0.0682067871      2.6587671876e+00
        55      -0.0680541992      2.6614270508e+00
        56      -0.0679016113      2.6621843750e+00
        57      -0.0677490234      2.6637143555e+00
        58      -0.0675964355      2.6661833985e+00
        59      -0.0674438477      2.6688414063e+00
        60      -0.0672912598      2.6708444336e+00
        61      -0.0671386719      2.6724968750e+00
        62      -0.0669860840      2.6749156250e+00
        63      -0.0668334961      2.6770111329e+00
        64      -0.0666809082      2.6776645508e+00
        65      -0.0665283203      2.6823931641e+00
        66      -0.0663757324      2.6821993164e+00
        67      -0.0662231445      2.6852048828e+00
        68      -0.0660705566      2.6871286133e+00
        69      -0.0659179688      2.6874922851e+00
        70      -0.0657653809      2.6906787109e+00
        71      -0.0656127930      2.6919861328e+00
        72      -0.0654602051      2.6945708985e+00
        73      -0.0653076172      2.6963788086e+00
        74      -0.0651550293      2.6992491212e+00
        75      -0.0650024414      2.7005068360e+00
        76      -0.0648498535      2.7017924805e+00
        77      -0.0646972656      2.7045405274e+00
        78      -0.0645446777      2.7064341797e+00
        79      -0.0643920898      2.7081840821e+00
        80      -0.0642395020      2.7107726563e+00
        81      -0.0640869141      2.7132069336e+00
        82      -0.0639343262      2.7153670899e+00
        83      -0.0637817383      2.7168537110e+00
        84      -0.0636291504      2.7198101563e+00
        85      -0.0634765625      2.7217193360e+00
        86      -0.0633239746      2.7236674805e+00
        87      -0.0631713867      2.7259115235e+00
        88      -0.0630187988      2.7275907227e+00
        89      -0.0628662109      2.7308085938e+00
        90      -0.0627136230      2.7323810547e+00
        91      -0.0625610352      2.7339405274e+00
        92      -0.0624084473      2.7365005860e+00
        93      -0.0622558594      2.7386736329e+00
        94      -0.0621032715      2.7427599610e+00
        95      -0.0619506836      2.7428109376e+00
        96      -0.0617980957      2.7464504883e+00
        97      -0.0616455078      2.7479492188e+00
        98      -0.0614929199      2.7523237305e+00
        99      -0.0613403320      2.7531936524e+00
       100      -0.0611877441      2.7551748047e+00
       101      -0.0610351562      2.7587583985e+00
       102      -0.0608825684      2.7598021485e+00
       103      -0.0607299805      2.7617643555e+00
       104      -0.0605773926      2.7633529297e+00
       105      -0.0604248047      2.7663760743e+00
       106      -0.0602722168      2.7700963867e+00
       107      -0.0601196289      2.7712059571e+00
       108      -0.0599670410      2.7722382813e+00
       109      -0.0598144531      2.7771415039e+00
       110      -0.0596618652      2.7790532227e+00
       111      -0.0595092773      2.7830095703e+00
       112      -0.0593566895      2.7865684571e+00
       113      -0.0592041016      2.7879228516e+00
       114      -0.0590515137      2.7887130860e+00
       115      -0.0588989258      2.7917915039e+00
       116      -0.0587463379      2.7934329102e+00
       117      -0.0585937500      2.7948696289e+00
       118      -0.0584411621      2.7991476563e+00
       119      -0.0582885742      2.8008961914e+00
       120      -0.0581359863      2.8060167969e+00
       121      -0.0579833984      2.8093833985e+00
       122      -0.0578308105      2.8092684570e+00
       123      -0.0576782227      2.8123009766e+00
       124      -0.0575256348      2.8152965821e+00
       125      -0.0573730469      2.8167802735e+00
       126      -0.0572204590      2.8204862305e+00
       127      -0.0570678711      2.8221940430e+00
       128      -0.0569152832      2.8238730469e+00
       129      -0.0567626953      2.8275821289e+00
       130      -0.0566101074      2.8300404297e+00
       131      -0.0564575195      2.8345934571e+00
       132      -0.0563049316      2.8355784180e+00
       133      -0.0561523438      2.8370760743e+00
       134      -0.0559997559      2.8412459961e+00
       135      -0.0558471680      2.8427050782e+00
       136      -0.0556945801      2.8453155274e+00
       137      -0.0555419922      2.8470514649e+00
       138      -0.0553894043      2.8511921875e+00
       139      -0.0552368164      2.8556858399e+00
       140      -0.0550842285      2.8585770508e+00
       141      -0.0549316406      2.8614707032e+00
       142      -0.0547790527      2.8640355469e+00
       143      -0.0546264648      2.8660487305e+00
       144      -0.0544738770      2.8688388672e+00
       145      -0.0543212891      2.8719203125e+00
       146      -0.0541687012      2.8734439453e+00
       147      -0.0540161133      2.8774764649e+00
       148      -0.0538635254      2.8796287110e+00
       149      -0.0537109375      2.8842630860e+00
       150      -0.0535583496      2.8874347657e+00
       151      -0.0534057617      2.8888283203e+00
       152      -0.0532531738      2.8938616211e+00
       153      -0.0531005859      2.8955815430e+00
       154      -0.0529479980      2.8985686524e+00
       155      -0.0527954102      2.9003309571e+00
       156      -0.0526428223      2.9058660157e+00
       157      -0.0524902344      2.9085858399e+00
       158      -0.0523376465      2.9129220704e+00
       159      -0.0521850586      2.9137878907e+00
       160      -0.0520324707      2.9162819336e+00
       161      -0.0518798828      2.9207530274e+00
       162      -0.0517272949      2.9231741211e+00
       163      -0.0515747070      2.9266145508e+00
       164      -0.0514221191      2.9312266602e+00
       165      -0.0512695312      2.9326679688e+00
       166      -0.0511169434      2.9366407227e+00
       167      -0.0509643555      2.9414736328e+00
       168      -0.0508117676      2.9429575195e+00
       169      -0.0506591797      2.9455759766e+00
       170      -0.0505065918      2.9488114258e+00
       171      -0.0503540039      2.9535175782e+00
       172      -0.0502014160      2.9548329101e+00
       173      -0.0500488281      2.9627545899e+00
       174      -0.0498962402      2.9612023438e+00
       175      -0.0497436523      2.9663326172e+00
       176      -0.0495910645      2.9713396485e+00
       177      -0.0494384766      2.9757262696e+00
       178      -0.0492858887      2.9778500000e+00
       179      -0.0491333008      2.9819904297e+00
       180      -0.0489807129      2.9856255860e+00
       181      -0.0488281250      2.9885560547e+00
       182      -0.0486755371      2.9927148438e+00
       183      -0.0485229492      2.9965639649e+00
       184      -0.0483703613      2.9997230469e+00
       185      -0.0482177734      3.0013549805e+00
       186      -0.0480651855      3.0060805665e+00
       187      -0.0479125977      3.0102087891e+00
       188      -0.0477600098      3.0112836914e+00
       189      -0.0476074219      3.0196827149e+00
       190      -0.0474548340      3.0210208985e+00
       191      -0.0473022461      3.0255610352e+00
       192      -0.0471496582      3.0283237305e+00
       193      -0.0469970703      3.0343952148e+00
       194      -0.0468444824      3.0370687501e+00
       195      -0.0466918945      3.0402786133e+00
       196      -0.0465393066      3.0443073242e+00
       197      -0.0463867188      3.0466329102e+00
       198      -0.0462341309      3.0514442383e+00
       199      -0.0460815430      3.0561696289e+00
       200      -0.0459289551      3.0602130859e+00
       201      -0.0457763672      3.0655719727e+00
       202      -0.0456237793      3.0698284180e+00
       203      -0.0454711914      3.0724283203e+00
       204      -0.0453186035      3.0755250977e+00
       205      -0.0451660156      3.0802431641e+00
       206      -0.0450134277      3.0827838868e+00
       207      -0.0448608398      3.0861564454e+00
       208      -0.0447082520      3.0937955078e+00
       209      -0.0445556641      3.0988407227e+00
       210      -0.0444030762      3.1010849610e+00
       211      -0.0442504883      3.1089252930e+00
       212      -0.0440979004      3.1111648438e+00
       213      -0.0439453125      3.1147294922e+00
       214      -0.0437927246      3.1180038086e+00
       215      -0.0436401367      3.1229764648e+00
       216      -0.0434875488      3.1261760743e+00
       217      -0.0433349609      3.1350142579e+00
       218      -0.0431823730      3.1378855469e+00
       219      -0.0430297852      3.1406305664e+00
       220      -0.0428771973      3.1461090821e+00
       221      -0.0427246094      3.1516699220e+00
       222      -0.0425720215      3.1573915040e+00
       223      -0.0424194336      3.1643303712e+00
       224      -0.0422668457      3.1641789063e+00
       225      -0.0421142578      3.1705463867e+00
       226      -0.0419616699      3.1740318360e+00
       227      -0.0418090820      3.1802073243e+00
       228      -0.0416564941      3.1853214844e+00
       229      -0.0415039062      3.1906497070e+00
       230      -0.0413513184      3.1959918946e+00
       231      -0.0411987305      3.1999780273e+00
       232      -0.0410461426      3.2033073242e+00
       233      -0.0408935547      3.2093689453e+00
       234      -0.0407409668      3.2154552735e+00
       235      -0.0405883789      3.2220700196e+00
       236      -0.0404357910      3.2240828125e+00
       237      -0.0402832031      3.2338060547e+00
       238      -0.0401306152      3.2377655273e+00
       239      -0.0399780273      3.2418923828e+00
       240      -0.0398254395      3.2457364258e+00
       241      -0.0396728516      3.2528513672e+00
       242      -0.0395202637      3.2590520508e+00
       243      -0.0393676758      3.2616438477e+00
       244      -0.0392150879      3.2696985352e+00
       245      -0.0390625000      3.2722117188e+00
       246      -0.0389099121      3.2799058594e+00
       247      -0.0387573242      3.2822679688e+00
       248      -0.0386047363      3.2910765626e+00
       249      -0.0384521484      3.2988501954e+00
       250      -0.0382995605      3.3062729492e+00
       251      -0.0381469727      3.3091904297e+00
       252      -0.0379943848      3.3137822266e+00
       253      -0.0378417969      3.3204475586e+00
       254      -0.0376892090      3.3286755859e+00
       255      -0.0375366211      3.3324575196e+00
       256      -0.0373840332      3.3404870118e+00
       257      -0.0372314453      3.3469083985e+00
       258      -0.0370788574      3.3513526368e+00
       259      -0.0369262695      3.3615712891e+00
       260      -0.0367736816      3.3612527344e+00
       261      -0.0366210938      3.3684107422e+00
       262      -0.0364685059      3.3741829102e+00
       263      -0.0363159180      3.3830093750e+00
       264      -0.0361633301      3.3884589844e+00
       265      -0.0360107422      3.3960404297e+00
       266      -0.0358581543      3.4060143555e+00
       267      -0.0357055664      3.4109674805e+00
       268      -0.0355529785      3.4128095704e+00
       269      -0.0354003906      3.4245471680e+00
       270      -0.0352478027      3.4284683594e+00
       271      -0.0350952148      3.4348323243e+00
       272      -0.0349426270      3.4453212891e+00
       273      -0.0347900391      3.4497590821e+00
       274      -0.0346374512      3.4575831055e+00
       275      -0.0344848633      3.4649916016e+00
       276      -0.0343322754      3.4699247071e+00
       277      -0.0341796875      3.4782988282e+00
       278      -0.0340270996      3.4881510743e+00
       279      -0.0338745117      3.4990468751e+00
       280      -0.0337219238      3.4996851563e+00
       281      -0.0335693359      3.5122999024e+00
       282      -0.0334167480      3.5140094727e+00
       283      -0.0332641602      3.5206036133e+00
       284      -0.0331115723      3.5360994141e+00
       285      -0.0329589844      3.5392014649e+00
       286      -0.0328063965      3.5479171875e+00
       287      -0.0326538086      3.5586469727e+00
       288      -0.0325012207      3.5665157227e+00
       289      -0.0323486328      3.5745683594e+00
       290      -0.0321960449      3.5771167969e+00
       291      -0.0320434570      3.5898878907e+00
       292      -0.0318908691      3.5932637696e+00
       293      -0.0317382812      3.6025459961e+00
       294      -0.0315856934      3.6131141602e+00
       295      -0.0314331055      3.6251715821e+00
       296      -0.0312805176      3.6321176759e+00
       297      -0.0311279297      3.6420165039e+00
       298      -0.0309753418      3.6518678711e+00
       299      -0.0308227539      3.6528857422e+00
       300      -0.0306701660      3.6656956055e+00
       301      -0.0305175781      3.6708154297e+00
       302      -0.0303649902      3.6849172852e+00
       303      -0.0302124023      3.6931115235e+00
       304      -0.0300598145      3.7051983399e+00
       305      -0.0299072266      3.7155015625e+00
       306      -0.0297546387      3.7180081055e+00
       307      -0.0296020508      3.7326717774e+00
       308      -0.0294494629      3.7418610352e+00
       309      -0.0292968750      3.7565489258e+00
       310      -0.0291442871      3.7622604493e+00
       311      -0.0289916992      3.7714925782e+00
       312      -0.0288391113      3.7807448243e+00
       313      -0.0286865234      3.7889068360e+00
       314      -0.0285339355      3.8029303711e+00
       315      -0.0283813477      3.8126290039e+00
       316      -0.0282287598      3.8206417969e+00
       317      -0.0280761719      3.8331848633e+00
       318      -0.0279235840      3.8406545899e+00
       319      -0.0277709961      3.8567734375e+00
       320      -0.0276184082      3.8620589844e+00
       321      -0.0274658203      3.8780102539e+00
       322      -0.0273132324      3.8872382813e+00
       323      -0.0271606445      3.8945293946e+00
       324      -0.0270080566      3.9127871094e+00
       325      -0.0268554688      3.9214673828e+00
       326      -0.0267028809      3.9352316407e+00
       327      -0.0265502930      3.9447909180e+00
       328      -0.0263977051      3.9606826172e+00
       329      -0.0262451172      3.9698292969e+00
       330      -0.0260925293      3.9818324219e+00
       331      -0.0259399414      3.9928872071e+00
       332      -0.0257873535      4.0015309571e+00
       333      -0.0256347656      4.0117256836e+00
       334      -0.0254821777      4.0337638672e+00
       335      -0.0253295898      4.0475092774e+00
       336      -0.0251770020      4.0586630860e+00
       337      -0.0250244141      4.0624217774e+00
       338      -0.0248718262      4.0776404297e+00
       339      -0.0247192383      4.0990454102e+00
       340      -0.0245666504      4.1072124024e+00
       341      -0.0244140625      4.1211046875e+00
       342      -0.0242614746      4.1355339844e+00
       343      -0.0241088867      4.1518692383e+00
       344      -0.0239562988      4.1673412110e+00
       345      -0.0238037109      4.1746559570e+00
       346      -0.0236511230      4.1873756836e+00
       347      -0.0234985352      4.2053464844e+00
       348      -0.0233459473      4.2227427735e+00
       349      -0.0231933594      4.2373250976e+00
       350      -0.0230407715      4.2458919922e+00
       351      -0.0228881836      4.2668201173e+00
       352      -0.0227355957      4.2723041016e+00
       353      -0.0225830078      4.3027871094e+00
       354      -0.0224304199      4.3105702149e+00
       355      -0.0222778320      4.3251834962e+00
       356      -0.0221252441      4.3395222657e+00
       357      -0.0219726562      4.3624411133e+00
       358      -0.0218200684      4.3773707031e+00
       359      -0.0216674805      4.3895543946e+00
       360      -0.0215148926      4.4044520508e+00
       361      -0.0213623047      4.4225173829e+00
       362      -0.0212097168      4.4471032227e+00
       363      -0.0210571289      4.4621556641e+00
       364      -0.0209045410      4.4853606446e+00
       365      -0.0207519531      4.4926158204e+00
       366      -0.0205993652      4.5054711914e+00
       367      -0.0204467773      4.5299090820e+00
       368      -0.0202941895      4.5409720704e+00
       369      -0.0201416016      4.5658799805e+00
       370      -0.0199890137      4.5807555664e+00
       371      -0.0198364258      4.5992358398e+00
       372      -0.0196838379      4.6278500000e+00
       373      -0.0195312500      4.6422904297e+00
       374      -0.0193786621      4.6576912109e+00
       375      -0.0192260742      4.6824374024e+00
       376      -0.0190734863      4.7099348633e+00
       377      -0.0189208984      4.7204784180e+00
       378      -0.0187683105      4.7362248047e+00
       379      -0.0186157227      4.7547087891e+00
       380      -0.0184631348      4.7796577149e+00
       381      -0.0183105469      4.7983472657e+00
       382      -0.0181579590      4.8134580078e+00
       383      -0.0180053711      4.8400318360e+00
       384      -0.0178527832      4.8728777344e+00
       385      -0.0177001953      4.8891781251e+00
       386      -0.0175476074      4.9040191406e+00
       387      -0.0173950195      4.9356609375e+00
       388      -0.0172424316      4.9541612305e+00
       389      -0.0170898438      4.9702391602e+00
       390      -0.0169372559      5.0103607422e+00
       391      -0.0167846680      5.0272460938e+00
       392      -0.0166320801      5.0464911133e+00
       393      -0.0164794922      5.0741949219e+00
       394      -0.0163269043      5.0980186523e+00
       395      -0.0161743164      5.1185697266e+00
       396      -0.0160217285      5.1505053711e+00
       397      -0.0158691406      5.1783954102e+00
       398      -0.0157165527      5.1912458985e+00
       399      -0.0155639648      5.2281890625e+00
       400      -0.0154113770      5.2556559571e+00
       401      -0.0152587891      5.2813785157e+00
       402      -0.0151062012      5.3043079102e+00
       403      -0.0149536133      5.3337844727e+00
       404      -0.0148010254      5.3580951172e+00
       405      -0.0146484375      5.3803481446e+00
       406      -0.0144958496      5.4156984375e+00
       407      -0.0143432617      5.4518261719e+00
       408      -0.0141906738      5.4670575196e+00
       409      -0.0140380859      5.4995919922e+00
       410      -0.0138854980      5.5359319336e+00
       411      -0.0137329102      5.5656627930e+00
       412      -0.0135803223      5.5959832032e+00
       413      -0.0134277344      5.6274373047e+00
       414      -0.0132751465      5.6561069336e+00
       415      -0.0131225586      5.6881995117e+00
       416      -0.0129699707      5.7176166016e+00
       417      -0.0128173828      5.7554374024e+00
       418      -0.0126647949      5.7719571289e+00
       419      -0.0125122070      5.8093355470e+00
       420      -0.0123596191      5.8507717773e+00
       421      -0.0122070312      5.8842422852e+00
       422      -0.0120544434      5.9085100586e+00
       423      -0.0119018555      5.9532616211e+00
       424      -0.0117492676      5.9957273438e+00
       425      -0.0115966797      6.0308683594e+00
       426      -0.0114440918      6.0589891602e+00
       427      -0.0112915039      6.1026460938e+00
       428      -0.0111389160      6.1315046875e+00
       429      -0.0109863281      6.1675287110e+00
       430      -0.0108337402      6.2063202149e+00
       431      -0.0106811523      6.2531874024e+00
       432      -0.0105285645      6.3096492188e+00
       433      -0.0103759766      6.3294958985e+00
       434      -0.0102233887      6.3731041016e+00
       435      -0.0100708008      6.3974479493e+00
       436      -0.0099182129      6.4428137696e+00
       437      -0.0097656250      6.4885662110e+00
       438      -0.0096130371      6.5274201172e+00
       439      -0.0094604492      6.5698599610e+00
       440      -0.0093078613      6.6060573243e+00
       441      -0.0091552734      6.6546296876e+00
       442      -0.0090026855      6.6829379883e+00
       443      -0.0088500977      6.7427609376e+00
       444      -0.0086975098      6.7710648438e+00
       445      -0.0085449219      6.8267662109e+00
       446      -0.0083923340      6.8738447266e+00
       447      -0.0082397461      6.9207056641e+00
       448      -0.0080871582      6.9714548829e+00
       449      -0.0079345703      7.0160683594e+00
       450      -0.0077819824      7.0559176758e+00
       451      -0.0076293945      7.1246361329e+00
       452      -0.0074768066      7.1629744141e+00
       453      -0.0073242188      7.2251099610e+00
       454      -0.0071716309      7.2695107422e+00
       455      -0.0070190430      7.3106346680e+00
       456      -0.0068664551      7.3707390625e+00
       457      -0.0067138672      7.4315948243e+00
       458      -0.0065612793      7.4808796875e+00
       459      -0.0064086914      7.5254740235e+00
       460      -0.0062561035      7.5940445313e+00
       461      -0.0061035156      7.6606316407e+00
       462      -0.0059509277      7.6999883790e+00
       463      -0.0057983398      7.7640430664e+00
       464      -0.0056457520      7.8315732422e+00
       465      -0.0054931641      7.8927717774e+00
       466      -0.0053405762      7.9534521485e+00
       467      -0.0051879883      8.0070687500e+00
       468      -0.0050354004      8.0971469727e+00
       469      -0.0048828125      8.1622372071e+00
       470      -0.0047302246      8.2472273438e+00
       471      -0.0045776367      8.3304936524e+00
       472      -0.0044250488      8.4355689453e+00
       473      -0.0042724609      8.4878809571e+00
       474      -0.0041198730      8.5645075196e+00
       475      -0.0039672852      8.6658660157e+00
       476      -0.0038146973      8.8010585938e+00
       477      -0.0036621094      8.8933698243e+00
       478      -0.0035095215      8.9765931641e+00
       479      -0.0033569336      9.0996088867e+00
       480      -0.0032043457      9.2380985352e+00
       481      -0.0030517578      9.3308879883e+00
       482      -0.0028991699      9.4330181641e+00
       483      -0.0027465820      9.5604029297e+00
       484      -0.0025939941      9.7220567384e+00
       485      -0.0024414062      9.8207126955e+00
       486      -0.0022888184      9.9344255861e+00
       487      -0.0021362305      1.0082803809e+01
       488      -0.0019836426      1.0180389258e+01
       489      -0.0018310547      1.0349649805e+01
       490      -0.0016784668      1.0433617773e+01
       491      -0.0015258789      1.0554514160e+01
       492      -0.0013732910      1.0617687793e+01
       493      -0.0012207031      1.0732499414e+01
       494      -0.0010681152      1.0719918945e+01
       495      -0.0009155273      1.0749846680e+01
       496      -0.0007629395      1.0740431738e+01
       497      -0.0006103516      1.0789816992e+01
       498      -0.0004577637      1.0745937109e+01
       499      -0.0003051758      1.0689416406e+01
       500      -0.0001525879      1.0626958984e+01
       501      0.0000000000      1.0556435156e+01
       502      0.0001525879      1.0449910547e+01
       503      0.0003051758      1.0440451855e+01
       504      0.0004577637      1.0320300293e+01
       505      0.0006103516      1.0196953321e+01
       506      0.0007629395      1.0043819531e+01
       507      0.0009155273      9.9307804686e+00
       508      0.0010681152      9.8215522461e+00
       509      0.0012207031      9.6722339845e+00
       510      0.0013732910      9.5245662110e+00
       511      0.0015258789      9.3830701172e+00
       512      0.0016784668      9.2730637696e+00
       513      0.0018310547      9.1654461914e+00
       514      0.0019836426      9.0628748047e+00
       515      0.0021362305      8.9469787110e+00
       516      0.0022888184      8.8179094727e+00
       517      0.0024414062      8.7078150391e+00
       518      0.0025939941      8.5972565430e+00
       519      0.0027465820      8.4734306641e+00
       520      0.0028991699      8.3831048828e+00
       521      0.0030517578      8.2562324219e+00
       522      0.0032043457      8.1540360352e+00
       523      0.0033569336      8.0510612305e+00
       524      0.0035095215      7.9535197266e+00
       525      0.0036621094      7.8648183594e+00
       526      0.0038146973      7.7384480469e+00
       527      0.0039672852      7.6533445313e+00
       528      0.0041198730      7.5621102540e+00
       529      0.0042724609      7.4974476563e+00
       530      0.0044250488      7.4261735352e+00
       531      0.0045776367      7.3050859375e+00
       532      0.0047302246      7.2059253907e+00
       533      0.0048828125      7.1221932618e+00
       534      0.0050354004      7.0490907227e+00
       535      0.0051879883      6.9564275391e+00
       536      0.0053405762      6.8676488282e+00
       537      0.0054931641      6.8075016602e+00
       538      0.0056457520      6.6921526368e+00
       539      0.0057983398      6.6306220704e+00
       540      0.0059509277      6.5479781250e+00
       541      0.0061035156      6.4746559570e+00
       542      0.0062561035      6.3871528321e+00
       543      0.0064086914      6.3185507813e+00
       544      0.0065612793      6.2372155273e+00
       545      0.0067138672      6.1545905274e+00
       546      0.0068664551      6.0966606446e+00
       547      0.0070190430      6.0204875977e+00
       548      0.0071716309      5.9502937500e+00
       549      0.0073242188      5.8815390626e+00
       550      0.0074768066      5.8264375000e+00
       551      0.0076293945      5.7606142579e+00
       552      0.0077819824      5.6702545899e+00
       553      0.0079345703      5.6175149415e+00
       554      0.0080871582      5.5382771485e+00
       555      0.0082397461      5.4635205078e+00
       556      0.0083923340      5.4087135742e+00
       557      0.0085449219      5.3493958008e+00
       558      0.0086975098      5.2823400391e+00
       559      0.0088500977      5.2337780274e+00
       560      0.0090026855      5.1564150391e+00
       561      0.0091552734      5.0977051758e+00
       562      0.0093078613      5.0459574219e+00
       563      0.0094604492      4.9928675782e+00
       564      0.0096130371      4.9305237305e+00
       565      0.0097656250      4.8561475586e+00
       566      0.0099182129      4.8189746094e+00
       567      0.0100708008      4.7515679688e+00
       568      0.0102233887      4.7119953125e+00
       569      0.0103759766      4.6536762696e+00
       570      0.0105285645      4.6010308594e+00
       571      0.0106811523      4.5490750000e+00
       572      0.0108337402      4.4958471680e+00
       573      0.0109863281      4.4387737305e+00
       574      0.0111389160      4.4013432618e+00
       575      0.0112915039      4.3470316406e+00
       576      0.0114440918      4.2829882813e+00
       577      0.0115966797      4.2467522461e+00
       578      0.0117492676      4.1919298828e+00
       579      0.0119018555      4.1572644531e+00
       580      0.0120544434      4.0937286133e+00
       581      0.0122070312      4.0370403320e+00
       582      0.0123596191      4.0072262696e+00
       583      0.0125122070      3.9654408204e+00
       584      0.0126647949      3.9181672852e+00
       585      0.0128173828      3.8745708985e+00
       586      0.0129699707      3.8304363282e+00
       587      0.0131225586      3.7837167969e+00
       588      0.0132751465      3.7461673828e+00
       589      0.0134277344      3.6976739258e+00
       590      0.0135803223      3.6599665040e+00
       591      0.0137329102      3.6245629883e+00
       592      0.0138854980      3.5949052735e+00
       593      0.0140380859      3.5387735352e+00
       594      0.0141906738      3.5006743164e+00
       595      0.0143432617      3.4696475586e+00
       596      0.0144958496      3.4317894532e+00
       597      0.0146484375      3.3992987305e+00
       598      0.0148010254      3.3536835938e+00
       599      0.0149536133      3.3180084961e+00
       600      0.0151062012      3.2855123047e+00
       601      0.0152587891      3.2576282227e+00
       602      0.0154113770      3.2029640625e+00
       603      0.0155639648      3.1803587891e+00
       604      0.0157165527      3.1396644532e+00
       605      0.0158691406      3.1110833008e+00
       606      0.0160217285      3.0803698242e+00
       607      0.0161743164      3.0370499024e+00
       608      0.0163269043      3.0092286133e+00
       609      0.0164794922      2.9832420898e+00
       610      0.0166320801      2.9406784180e+00
       611      0.0167846680      2.9164665039e+00
       612      0.0169372559      2.8865389649e+00
       613      0.0170898438      2.8486058594e+00
       614      0.0172424316      2.8337221680e+00
       615      0.0173950195      2.7979346680e+00
       616      0.0175476074      2.7653182618e+00
       617      0.0177001953      2.7439151367e+00
       618      0.0178527832      2.7114945313e+00
       619      0.0180053711      2.6844381836e+00
       620      0.0181579590      2.6513884766e+00
       621      0.0183105469      2.6263102539e+00
       622      0.0184631348      2.5988076172e+00
       623      0.0186157227      2.5749862305e+00
       624      0.0187683105      2.5435569336e+00
       625      0.0189208984      2.5330199219e+00
       626      0.0190734863      2.4942344727e+00
       627      0.0192260742      2.4701304688e+00
       628      0.0193786621      2.4452430665e+00
       629      0.0195312500      2.4242528321e+00
       630      0.0196838379      2.3929731446e+00
       631      0.0198364258      2.3748837891e+00
       632      0.0199890137      2.3477490235e+00
       633      0.0201416016      2.3245304688e+00
       634      0.0202941895      2.2986554688e+00
       635      0.0204467773      2.2824739258e+00
       636      0.0205993652      2.2560708984e+00
       637      0.0207519531      2.2377474610e+00
       638      0.0209045410      2.2119954102e+00
       639      0.0210571289      2.1906785157e+00
       640      0.0212097168      2.1657383789e+00
       641      0.0213623047      2.1494085938e+00
       642      0.0215148926      2.1274042969e+00
       643      0.0216674805      2.1071375000e+00
       644      0.0218200684      2.0855040039e+00
       645      0.0219726562      2.0684362305e+00
       646      0.0221252441      2.0420384766e+00
       647      0.0222778320      2.0222992188e+00
       648      0.0224304199      2.0090436524e+00
       649      0.0225830078      1.9841983399e+00
       650      0.0227355957      1.9715143555e+00
       651      0.0228881836      1.9480506836e+00
       652      0.0230407715      1.9342898438e+00
       653      0.0231933594      1.9084959962e+00
       654      0.0233459473      1.8918291016e+00
       655      0.0234985352      1.8759128907e+00
       656      0.0236511230      1.8583806641e+00
       657      0.0238037109      1.8429544922e+00
       658      0.0239562988      1.8214109376e+00
       659      0.0241088867      1.8082342774e+00
       660      0.0242614746      1.7909331055e+00
       661      0.0244140625      1.7794130860e+00
       662      0.0245666504      1.7635548829e+00
       663      0.0247192383      1.7455486328e+00
       664      0.0248718262      1.7290324219e+00
       665      0.0250244141      1.7095744141e+00
       666      0.0251770020      1.6929188477e+00
       667      0.0253295898      1.6776596680e+00
       668      0.0254821777      1.6649779297e+00
       669      0.0256347656      1.6466289063e+00
       670      0.0257873535      1.6346161133e+00
       671      0.0259399414      1.6240781250e+00
       672      0.0260925293      1.6058955078e+00
       673      0.0262451172      1.5905955079e+00
       674      0.0263977051      1.5766763672e+00
       675      0.0265502930      1.5608185548e+00
       676      0.0267028809      1.5484209961e+00
       677      0.0268554688      1.5383723633e+00
       678      0.0270080566      1.5223609375e+00
       679      0.0271606445      1.5109590821e+00
       680      0.0273132324      1.4994341797e+00
       681      0.0274658203      1.4801148438e+00
       682      0.0276184082      1.4691323242e+00
       683      0.0277709961      1.4579231446e+00
       684      0.0279235840      1.4465019531e+00
       685      0.0280761719      1.4356095703e+00
       686      0.0282287598      1.4177035156e+00
       687      0.0283813477      1.4071539063e+00
       688      0.0285339355      1.4005094727e+00
       689      0.0286865234      1.3908594727e+00
       690      0.0288391113      1.3739687501e+00
       691      0.0289916992      1.3661010743e+00
       692      0.0291442871      1.3528481446e+00
       693      0.0292968750      1.3387072266e+00
       694      0.0294494629      1.3297077148e+00
       695      0.0296020508      1.3151788086e+00
       696      0.0297546387      1.3081552735e+00
       697      0.0299072266      1.2911190430e+00
       698      0.0300598145      1.2853526368e+00
       699      0.0302124023      1.2737261719e+00
       700      0.0303649902      1.2646169922e+00
       701      0.0305175781      1.2547962891e+00
       702      0.0306701660      1.2413830078e+00
       703      0.0308227539      1.2297177734e+00
       704      0.0309753418      1.2232938477e+00
       705      0.0311279297      1.2118013672e+00
       706      0.0312805176      1.2024971680e+00
       707      0.0314331055      1.1954737305e+00
       708      0.0315856934      1.1837232422e+00
       709      0.0317382812      1.1766581055e+00
       710      0.0318908691      1.1623166993e+00
       711      0.0320434570      1.1557612305e+00
       712      0.0321960449      1.1509439453e+00
       713      0.0323486328      1.1399392578e+00
       714      0.0325012207      1.1286000977e+00
       715      0.0326538086      1.1182711914e+00
       716      0.0328063965      1.1118114258e+00
       717      0.0329589844      1.0982761719e+00
       718      0.0331115723      1.0927679688e+00
       719      0.0332641602      1.0855318360e+00
       720      0.0334167480      1.0766106446e+00
       721      0.0335693359      1.0670167969e+00
       722      0.0337219238      1.0576986328e+00
       723      0.0338745117      1.0483916016e+00
       724      0.0340270996      1.0415138672e+00
       725      0.0341796875      1.0378218750e+00
       726      0.0343322754      1.0281225586e+00
       727      0.0344848633      1.0202390625e+00
       728      0.0346374512      1.0110875977e+00
       729      0.0347900391      1.0064077148e+00
       730      0.0349426270      9.9861640629e-01
       731      0.0350952148      9.8668398439e-01
       732      0.0352478027      9.8085283205e-01
       733      0.0354003906      9.7304550783e-01
       734      0.0355529785      9.7087617187e-01
       735      0.0357055664      9.6468378907e-01
       736      0.0358581543      9.5444941407e-01
       737      0.0360107422      9.4765087891e-01
       738      0.0361633301      9.3807558595e-01
       739      0.0363159180      9.3487695314e-01
       740      0.0364685059      9.2636914063e-01
       741      0.0366210938      9.1947578126e-01
       742      0.0367736816      9.0977080079e-01
       743      0.0369262695      9.0926796875e-01
       744      0.0370788574      8.9651220704e-01
       745      0.0372314453      8.9657695313e-01
       746      0.0373840332      8.8715224610e-01
       747      0.0375366211      8.8280244141e-01
       748      0.0376892090      8.7411425782e-01
       749      0.0378417969      8.6741269532e-01
       750      0.0379943848      8.6087158204e-01
       751      0.0381469727      8.5951875001e-01
       752      0.0382995605      8.4997636720e-01
       753      0.0384521484      8.4354072266e-01
       754      0.0386047363      8.3522373048e-01
       755      0.0387573242      8.3068242188e-01
       756      0.0389099121      8.2458085938e-01
       757      0.0390625000      8.1976884766e-01
       758      0.0392150879      8.1467685547e-01
       759      0.0393676758      8.0954912110e-01
       760      0.0395202637      8.0545195314e-01
       761      0.0396728516      7.9526455079e-01
       762      0.0398254395      7.9127949219e-01
       763      0.0399780273      7.8749462892e-01
       764      0.0401306152      7.8354775392e-01
       765      0.0402832031      7.7737197266e-01
       766      0.0404357910      7.7178027345e-01
       767      0.0405883789      7.6534394532e-01
       768      0.0407409668      7.5922744142e-01
       769      0.0408935547      7.5744970704e-01
       770      0.0410461426      7.4999628907e-01
       771      0.0411987305      7.4781806641e-01
       772      0.0413513184      7.4140517578e-01
       773      0.0415039062      7.3643740235e-01
       774      0.0416564941      7.3072441407e-01
       775      0.0418090820      7.2721738282e-01
       776      0.0419616699      7.2338837891e-01
       777      0.0421142578      7.1839267579e-01
       778      0.0422668457      7.1255224610e-01
       779      0.0424194336      7.0751875000e-01
       780      0.0425720215      7.0429443360e-01
       781      0.0427246094      6.9844658204e-01
       782      0.0428771973      6.9558984375e-01
       783      0.0430297852      6.9126855470e-01
       784      0.0431823730      6.8508505860e-01
       785      0.0433349609      6.7914033204e-01
       786      0.0434875488      6.7614111329e-01
       787      0.0436401367      6.7319970704e-01
       788      0.0437927246      6.6644306641e-01
       789      0.0439453125      6.6461787110e-01
       790      0.0440979004      6.5965449219e-01
       791      0.0442504883      6.5590097657e-01
       792      0.0444030762      6.5179433595e-01
       793      0.0445556641      6.4567255860e-01
       794      0.0447082520      6.4488496095e-01
       795      0.0448608398      6.3834326172e-01
       796      0.0450134277      6.3402050782e-01
       797      0.0451660156      6.3214472657e-01
       798      0.0453186035      6.2574892578e-01
       799      0.0454711914      6.2204531250e-01
       800      0.0456237793      6.1799482422e-01
       801      0.0457763672      6.1512050782e-01
       802      0.0459289551      6.1183105469e-01
       803      0.0460815430      6.0758593751e-01
       804      0.0462341309      6.0408037110e-01
       805      0.0463867188      6.0131757813e-01
       806      0.0465393066      5.9790947266e-01
       807      0.0466918945      5.9407050782e-01
       808      0.0468444824      5.8936464844e-01
       809      0.0469970703      5.8606699220e-01
       810      0.0471496582      5.8204267578e-01
       811      0.0473022461      5.7888398439e-01
       812      0.0474548340      5.7711210938e-01
       813      0.0476074219      5.7434013672e-01
       814      0.0477600098      5.6900351564e-01
       815      0.0479125977      5.6711533204e-01
       816      0.0480651855      5.6207802735e-01
       817      0.0482177734      5.5956279298e-01
       818      0.0483703613      5.5609755860e-01
       819      0.0485229492      5.5237197266e-01
       820      0.0486755371      5.4800966797e-01
       821      0.0488281250      5.4675068360e-01
       822      0.0489807129      5.4356992188e-01
       823      0.0491333008      5.3979492188e-01
       824      0.0492858887      5.3646123047e-01
       825      0.0494384766      5.3377626954e-01
       826      0.0495910645      5.3107294922e-01
       827      0.0497436523      5.2755195313e-01
       828      0.0498962402      5.2512832031e-01
       829      0.0500488281      5.2136835938e-01
       830      0.0502014160      5.1705800782e-01
       831      0.0503540039      5.1288447266e-01
       832      0.0505065918      5.1218818360e-01
       833      0.0506591797      5.0942255860e-01
       834      0.0508117676      5.0574980469e-01
       835      0.0509643555      5.0247207032e-01
       836      0.0511169434      5.0135996095e-01
       837      0.0512695312      4.9667539063e-01
       838      0.0514221191      4.9520625001e-01
       839      0.0515747070      4.9250800782e-01
       840      0.0517272949      4.9076884767e-01
       841      0.0518798828      4.8575507814e-01
       842      0.0520324707      4.8318457032e-01
       843      0.0521850586      4.8132568361e-01
       844      0.0523376465      4.7753496095e-01
       845      0.0524902344      4.7641816408e-01
       846      0.0526428223      4.7156416017e-01
       847      0.0527954102      4.7041669923e-01
       848      0.0529479980      4.6979785157e-01
       849      0.0531005859      4.6601005860e-01
       850      0.0532531738      4.6367109376e-01
       851      0.0534057617      4.6228896485e-01
       852      0.0535583496      4.5829414063e-01
       853      0.0537109375      4.5591455079e-01
       854      0.0538635254      4.5415097657e-01
       855      0.0540161133      4.5145429688e-01
       856      0.0541687012      4.4786953126e-01
       857      0.0543212891      4.4596328126e-01
       858      0.0544738770      4.4277285157e-01
       859      0.0546264648      4.4110644532e-01
       860      0.0547790527      4.3880527344e-01
       861      0.0549316406      4.3797011720e-01
       862      0.0550842285      4.3372431642e-01
       863      0.0552368164      4.3139023438e-01
       864      0.0553894043      4.2906347657e-01
       865      0.0555419922      4.2622382814e-01
       866      0.0556945801      4.2434023439e-01
       867      0.0558471680      4.2209267579e-01
       868      0.0559997559      4.1966484376e-01
       869      0.0561523438      4.1784306641e-01
       870      0.0563049316      4.1543662110e-01
       871      0.0564575195      4.1476933594e-01
       872      0.0566101074      4.1234316407e-01
       873      0.0567626953      4.1076240235e-01
       874      0.0569152832      4.0791669923e-01
       875      0.0570678711      4.0461113282e-01
       876      0.0572204590      4.0353164064e-01
       877      0.0573730469      4.0186435547e-01
       878      0.0575256348      3.9957382813e-01
       879      0.0576782227      3.9756318360e-01
       880      0.0578308105      3.9544121095e-01
       881      0.0579833984      3.9325390626e-01
       882      0.0581359863      3.9191279297e-01
       883      0.0582885742      3.8892910157e-01
       884      0.0584411621      3.8763203126e-01
       885      0.0585937500      3.8552480470e-01
       886      0.0587463379      3.8417548829e-01
       887      0.0588989258      3.8095917970e-01
       888      0.0590515137      3.7961230470e-01
       889      0.0592041016      3.7821914063e-01
       890      0.0593566895      3.7618994141e-01
       891      0.0595092773      3.7396025392e-01
       892      0.0596618652      3.7150654298e-01
       893      0.0598144531      3.7024550782e-01
       894      0.0599670410      3.6834140626e-01
       895      0.0601196289      3.6635722657e-01
       896      0.0602722168      3.6439746094e-01
       897      0.0604248047      3.6232753907e-01
       898      0.0605773926      3.6198359375e-01
       899      0.0607299805      3.6000361329e-01
       900      0.0608825684      3.5737861328e-01
       901      0.0610351562      3.5604794922e-01
       902      0.0611877441      3.5469472657e-01
       903      0.0613403320      3.5379296876e-01
       904      0.0614929199      3.5013867188e-01
       905      0.0616455078      3.5000390626e-01
       906      0.0617980957      3.4722714845e-01
       907      0.0619506836      3.4641513672e-01
       908      0.0621032715      3.4393320313e-01
       909      0.0622558594      3.4137968751e-01
       910      0.0624084473      3.3988339844e-01
       911      0.0625610352      3.3914062501e-01
       912      0.0627136230      3.3751611329e-01
       913      0.0628662109      3.3501630860e-01
       914      0.0630187988      3.3349609376e-01
       915      0.0631713867      3.3287265626e-01
       916      0.0633239746      3.3082460938e-01
       917      0.0634765625      3.2718369141e-01
       918      0.0636291504      3.2767929688e-01
       919      0.0637817383      3.2597744142e-01
       920      0.0639343262      3.2447675782e-01
       921      0.0640869141      3.2222265626e-01
       922      0.0642395020      3.2174404297e-01
       923      0.0643920898      3.2091220704e-01
       924      0.0645446777      3.1811494141e-01
       925      0.0646972656      3.1737119141e-01
       926      0.0648498535      3.1536728516e-01
       927      0.0650024414      3.1436083985e-01
       928      0.0651550293      3.1248632813e-01
       929      0.0653076172      3.0987275391e-01
       930      0.0654602051      3.0946240235e-01
       931      0.0656127930      3.0847314453e-01
       932      0.0657653809      3.0629902345e-01
       933      0.0659179688      3.0576669922e-01
       934      0.0660705566      3.0428964845e-01
       935      0.0662231445      3.0289121095e-01
       936      0.0663757324      3.0119355469e-01
       937      0.0665283203      3.0009980469e-01
       938      0.0666809082      2.9759892579e-01
       939      0.0668334961      2.9706005860e-01
       940      0.0669860840      2.9623535157e-01
       941      0.0671386719      2.9449755860e-01
       942      0.0672912598      2.9349394532e-01
       943      0.0674438477      2.9173339844e-01
       944      0.0675964355      2.9110048829e-01
       945      0.0677490234      2.8831933594e-01
       946      0.0679016113      2.8811484376e-01
       947      0.0680541992      2.8645351563e-01
       948      0.0682067871      2.8506962891e-01
       949      0.0683593750      2.8453271485e-01
       950      0.0685119629      2.8225439454e-01
       951      0.0686645508      2.8151230469e-01
       952      0.0688171387      2.8046474610e-01
       953      0.0689697266      2.7975078126e-01
       954      0.0691223145      2.7801933594e-01
       955      0.0692749023      2.7677158204e-01
       956      0.0694274902      2.7493867188e-01
       957      0.0695800781      2.7459384766e-01
       958      0.0697326660      2.7257314454e-01
       959      0.0698852539      2.7142890625e-01
       960      0.0700378418      2.7011777344e-01
       961      0.0701904297      2.6884560547e-01
       962      0.0703430176      2.6741894532e-01
       963      0.0704956055      2.6728808594e-01
       964      0.0706481934      2.6619697266e-01
       965      0.0708007812      2.6438925782e-01
       966      0.0709533691      2.6339101563e-01
       967      0.0711059570      2.6163515626e-01
       968      0.0712585449      2.6149277344e-01
       969      0.0714111328      2.6012392579e-01
       970      0.0715637207      2.5884033203e-01
       971      0.0717163086      2.5771796875e-01
       972      0.0718688965      2.5614394532e-01
       973      0.0720214844      2.5534990235e-01
       974      0.0721740723      2.5437421875e-01
       975      0.0723266602      2.5314619142e-01
       976      0.0724792480      2.5214677735e-01
       977      0.0726318359      2.5124326172e-01
       978      0.0727844238      2.5026972657e-01
       979      0.0729370117      2.4898583985e-01
       980      0.0730895996      2.4826044922e-01
       981      0.0732421875      2.4601777344e-01
       982      0.0733947754      2.4505439454e-01
       983      0.0735473633      2.4430146486e-01
       984      0.0736999512      2.4362080079e-01
       985      0.0738525391      2.4219892579e-01
       986      0.0740051270      2.4146826173e-01
       987      0.0741577148      2.4082812501e-01
       988      0.0743103027      2.3900214844e-01
       989      0.0744628906      2.3937392579e-01
       990      0.0746154785      2.3736357423e-01
       991      0.0747680664      2.3654394532e-01
       992      0.0749206543      2.3493320313e-01
       993      0.0750732422      2.3372607423e-01
       994      0.0752258301      2.3284023438e-01
       995      0.0753784180      2.3220888673e-01
       996      0.0755310059      2.3158583985e-01
       997      0.0756835938      2.3112294923e-01
       998      0.0758361816      2.2904306642e-01
       999      0.0759887695      2.2900869142e-01
      1000      0.0761413574      2.2798935548e-01
      1001      0.0762939453      2.2689638673e-01
