         1      -0.0317891439      3.6051827500e+00
         2      -0.0317255656      3.6023560000e+00
         3      -0.0316619873      3.6149110000e+00
         4      -0.0315984090      3.6184180000e+00
         5      -0.0315348307      3.6141397500e+00
         6      -0.0314712524      3.6192482500e+00
         7      -0.0314076742      3.6249220000e+00
         8      -0.0313440959      3.6262630000e+00
         9      -0.0312805176      3.6353982500e+00
        10      -0.0312169393      3.6406970000e+00
        11      -0.0311533610      3.6387615000e+00
        12      -0.0310897827      3.6389390000e+00
        13      -0.0310262044      3.6441975000e+00
        14      -0.0309626261      3.6460810000e+00
        15      -0.0308990479      3.6507347500e+00
        16      -0.0308354696      3.6573495000e+00
        17      -0.0307718913      3.6649872500e+00
        18      -0.0307083130      3.6657407500e+00
        19      -0.0306447347      3.6660412500e+00
        20      -0.0305811564      3.6728612500e+00
        21      -0.0305175781      3.6806502500e+00
        22      -0.0304539998      3.6895182500e+00
        23      -0.0303904215      3.6845727500e+00
        24      -0.0303268433      3.6913750000e+00
        25      -0.0302632650      3.6994752500e+00
        26      -0.0301996867      3.6980267500e+00
        27      -0.0301361084      3.6981710000e+00
        28      -0.0300725301      3.6968350000e+00
        29      -0.0300089518      3.7145692500e+00
        30      -0.0299453735      3.7204440000e+00
        31      -0.0298817952      3.7190937500e+00
        32      -0.0298182170      3.7176002500e+00
        33      -0.0297546387      3.7215252500e+00
        34      -0.0296910604      3.7298522500e+00
        35      -0.0296274821      3.7311202500e+00
        36      -0.0295639038      3.7358032500e+00
        37      -0.0295003255      3.7399980000e+00
        38      -0.0294367472      3.7447502500e+00
        39      -0.0293731689      3.7445407500e+00
        40      -0.0293095907      3.7562247500e+00
        41      -0.0292460124      3.7539035000e+00
        42      -0.0291824341      3.7638217500e+00
        43      -0.0291188558      3.7700740000e+00
        44      -0.0290552775      3.7688167500e+00
        45      -0.0289916992      3.7695800000e+00
        46      -0.0289281209      3.7713295000e+00
        47      -0.0288645426      3.7797655000e+00
        48      -0.0288009644      3.7878090000e+00
        49      -0.0287373861      3.7886122500e+00
        50      -0.0286738078      3.7941087500e+00
        51      -0.0286102295      3.8020885000e+00
        52      -0.0285466512      3.8004372500e+00
        53      -0.0284830729      3.8065517500e+00
        54      -0.0284194946      3.8184740000e+00
        55      -0.0283559163      3.8219367500e+00
        56      -0.0282923381      3.8222302500e+00
        57      -0.0282287598      3.8274975000e+00
        58      -0.0281651815      3.8277610000e+00
        59      -0.0281016032      3.8379977500e+00
        60      -0.0280380249      3.8389632500e+00
        61      -0.0279744466      3.8457312500e+00
        62      -0.0279108683      3.8472512500e+00
        63      -0.0278472900      3.8497547500e+00
        64      -0.0277837118      3.8552027500e+00
        65      -0.0277201335      3.8649387500e+00
        66      -0.0276565552      3.8629625000e+00
        67      -0.0275929769      3.8649022500e+00
        68      -0.0275293986      3.8696622500e+00
        69      -0.0274658203      3.8748622500e+00
        70      -0.0274022420      3.8863192500e+00
        71      -0.0273386637      3.8807855000e+00
        72      -0.0272750854      3.8920467500e+00
        73      -0.0272115072      3.8876392500e+00
        74      -0.0271479289      3.8977470000e+00
        75      -0.0270843506      3.9085935000e+00
        76      -0.0270207723      3.9167572500e+00
        77      -0.0269571940      3.9093110000e+00
        78      -0.0268936157      3.9219180000e+00
        79      -0.0268300374      3.9224955000e+00
        80      -0.0267664591      3.9211997500e+00
        81      -0.0267028809      3.9310575000e+00
        82      -0.0266393026      3.9360630000e+00
        83      -0.0265757243      3.9403597500e+00
        84      -0.0265121460      3.9471017500e+00
        85      -0.0264485677      3.9605090000e+00
        86      -0.0263849894      3.9605600000e+00
        87      -0.0263214111      3.9647802500e+00
        88      -0.0262578328      3.9717477500e+00
        89      -0.0261942546      3.9751287500e+00
        90      -0.0261306763      3.9823315000e+00
        91      -0.0260670980      3.9858317500e+00
        92      -0.0260035197      3.9915647500e+00
        93      -0.0259399414      3.9881797500e+00
        94      -0.0258763631      3.9945680000e+00
        95      -0.0258127848      4.0064555000e+00
        96      -0.0257492065      4.0075595000e+00
        97      -0.0256856283      4.0092740000e+00
        98      -0.0256220500      4.0166857500e+00
        99      -0.0255584717      4.0263872500e+00
       100      -0.0254948934      4.0413915000e+00
       101      -0.0254313151      4.0370410000e+00
       102      -0.0253677368      4.0489837500e+00
       103      -0.0253041585      4.0443775000e+00
       104      -0.0252405802      4.0494027500e+00
       105      -0.0251770020      4.0610195000e+00
       106      -0.0251134237      4.0685737500e+00
       107      -0.0250498454      4.0607705000e+00
       108      -0.0249862671      4.0694392500e+00
       109      -0.0249226888      4.0714900000e+00
       110      -0.0248591105      4.0802822500e+00
       111      -0.0247955322      4.0953850000e+00
       112      -0.0247319539      4.0949095000e+00
       113      -0.0246683757      4.1058997500e+00
       114      -0.0246047974      4.0930475000e+00
       115      -0.0245412191      4.1171495000e+00
       116      -0.0244776408      4.1218275000e+00
       117      -0.0244140625      4.1191915000e+00
       118      -0.0243504842      4.1342007500e+00
       119      -0.0242869059      4.1353827500e+00
       120      -0.0242233276      4.1434490000e+00
       121      -0.0241597493      4.1419217500e+00
       122      -0.0240961711      4.1521025000e+00
       123      -0.0240325928      4.1611862500e+00
       124      -0.0239690145      4.1765235000e+00
       125      -0.0239054362      4.1755957500e+00
       126      -0.0238418579      4.1654385000e+00
       127      -0.0237782796      4.1860942500e+00
       128      -0.0237147013      4.1815817500e+00
       129      -0.0236511230      4.1961800000e+00
       130      -0.0235875448      4.2087270000e+00
       131      -0.0235239665      4.1965792500e+00
       132      -0.0234603882      4.2076340000e+00
       133      -0.0233968099      4.2205367500e+00
       134      -0.0233332316      4.2324845000e+00
       135      -0.0232696533      4.2317955000e+00
       136      -0.0232060750      4.2371387500e+00
       137      -0.0231424967      4.2433960000e+00
       138      -0.0230789185      4.2522145000e+00
       139      -0.0230153402      4.2480947500e+00
       140      -0.0229517619      4.2691412500e+00
       141      -0.0228881836      4.2584755000e+00
       142      -0.0228246053      4.2665970000e+00
       143      -0.0227610270      4.2882195000e+00
       144      -0.0226974487      4.2863297500e+00
       145      -0.0226338704      4.3049990000e+00
       146      -0.0225702922      4.2983465000e+00
       147      -0.0225067139      4.3030695000e+00
       148      -0.0224431356      4.3148587500e+00
       149      -0.0223795573      4.3272112500e+00
       150      -0.0223159790      4.3170630000e+00
       151      -0.0222524007      4.3385305000e+00
       152      -0.0221888224      4.3354545000e+00
       153      -0.0221252441      4.3451980000e+00
       154      -0.0220616659      4.3500235000e+00
       155      -0.0219980876      4.3584705000e+00
       156      -0.0219345093      4.3654972500e+00
       157      -0.0218709310      4.3714002500e+00
       158      -0.0218073527      4.3787507500e+00
       159      -0.0217437744      4.3838622500e+00
       160      -0.0216801961      4.3842112500e+00
       161      -0.0216166178      4.3992310000e+00
       162      -0.0215530396      4.4035725000e+00
       163      -0.0214894613      4.4020350000e+00
       164      -0.0214258830      4.4254805000e+00
       165      -0.0213623047      4.4235147500e+00
       166      -0.0212987264      4.4295135000e+00
       167      -0.0212351481      4.4492870000e+00
       168      -0.0211715698      4.4625745000e+00
       169      -0.0211079915      4.4520725000e+00
       170      -0.0210444132      4.4610440000e+00
       171      -0.0209808350      4.4800802500e+00
       172      -0.0209172567      4.4822677500e+00
       173      -0.0208536784      4.4861040000e+00
       174      -0.0207901001      4.4981720000e+00
       175      -0.0207265218      4.5052232500e+00
       176      -0.0206629435      4.5069497500e+00
       177      -0.0205993652      4.5162667500e+00
       178      -0.0205357869      4.5204407500e+00
       179      -0.0204722087      4.5279850000e+00
       180      -0.0204086304      4.5413672500e+00
       181      -0.0203450521      4.5445220000e+00
       182      -0.0202814738      4.5586945000e+00
       183      -0.0202178955      4.5663437500e+00
       184      -0.0201543172      4.5727895000e+00
       185      -0.0200907389      4.5796690000e+00
       186      -0.0200271606      4.5840075000e+00
       187      -0.0199635824      4.5868052500e+00
       188      -0.0199000041      4.6037032500e+00
       189      -0.0198364258      4.6060407500e+00
       190      -0.0197728475      4.6171080000e+00
       191      -0.0197092692      4.6237355000e+00
       192      -0.0196456909      4.6258740000e+00
       193      -0.0195821126      4.6503962500e+00
       194      -0.0195185343      4.6315362500e+00
       195      -0.0194549561      4.6591550000e+00
       196      -0.0193913778      4.6637890000e+00
       197      -0.0193277995      4.6746865000e+00
       198      -0.0192642212      4.6816660000e+00
       199      -0.0192006429      4.6820902500e+00
       200      -0.0191370646      4.6950840000e+00
       201      -0.0190734863      4.7140417500e+00
       202      -0.0190099080      4.7113297500e+00
       203      -0.0189463298      4.7191715000e+00
       204      -0.0188827515      4.7299700000e+00
       205      -0.0188191732      4.7518062500e+00
       206      -0.0187555949      4.7394400000e+00
       207      -0.0186920166      4.7616767500e+00
       208      -0.0186284383      4.7534437500e+00
       209      -0.0185648600      4.7716545000e+00
       210      -0.0185012817      4.7829152500e+00
       211      -0.0184377035      4.7865095000e+00
       212      -0.0183741252      4.7989597500e+00
       213      -0.0183105469      4.8198522500e+00
       214      -0.0182469686      4.8223970000e+00
       215      -0.0181833903      4.8165180000e+00
       216      -0.0181198120      4.8366715000e+00
       217      -0.0180562337      4.8463115000e+00
       218      -0.0179926554      4.8519927500e+00
       219      -0.0179290771      4.8627020000e+00
       220      -0.0178654989      4.8762180000e+00
       221      -0.0178019206      4.8757680000e+00
       222      -0.0177383423      4.8950942500e+00
       223      -0.0176747640      4.9131720000e+00
       224      -0.0176111857      4.9059025000e+00
       225      -0.0175476074      4.9061120000e+00
       226      -0.0174840291      4.9142050000e+00
       227      -0.0174204508      4.9453655000e+00
       228      -0.0173568726      4.9372867500e+00
       229      -0.0172932943      4.9526115000e+00
       230      -0.0172297160      4.9662017500e+00
       231      -0.0171661377      4.9686445000e+00
       232      -0.0171025594      4.9807687500e+00
       233      -0.0170389811      4.9969465000e+00
       234      -0.0169754028      5.0145592500e+00
       235      -0.0169118245      5.0287512500e+00
       236      -0.0168482463      5.0235897500e+00
       237      -0.0167846680      5.0316510000e+00
       238      -0.0167210897      5.0345570000e+00
       239      -0.0166575114      5.0485990000e+00
       240      -0.0165939331      5.0634677500e+00
       241      -0.0165303548      5.0803732500e+00
       242      -0.0164667765      5.0890437500e+00
       243      -0.0164031982      5.0833320000e+00
       244      -0.0163396200      5.1100982500e+00
       245      -0.0162760417      5.1137012500e+00
       246      -0.0162124634      5.1291950000e+00
       247      -0.0161488851      5.1355735000e+00
       248      -0.0160853068      5.1450180000e+00
       249      -0.0160217285      5.1433217500e+00
       250      -0.0159581502      5.1670252500e+00
       251      -0.0158945719      5.1729745000e+00
       252      -0.0158309937      5.1902282500e+00
       253      -0.0157674154      5.1834080000e+00
       254      -0.0157038371      5.2187377500e+00
       255      -0.0156402588      5.2497190000e+00
       256      -0.0155766805      5.2285190000e+00
       257      -0.0155131022      5.2554935000e+00
       258      -0.0154495239      5.2487057500e+00
       259      -0.0153859456      5.2745825000e+00
       260      -0.0153223674      5.2688462500e+00
       261      -0.0152587891      5.2783607500e+00
       262      -0.0151952108      5.2971492500e+00
       263      -0.0151316325      5.3022075000e+00
       264      -0.0150680542      5.3212505000e+00
       265      -0.0150044759      5.3458297500e+00
       266      -0.0149408976      5.3329750000e+00
       267      -0.0148773193      5.3670917500e+00
       268      -0.0148137410      5.3550027500e+00
       269      -0.0147501628      5.3770440000e+00
       270      -0.0146865845      5.3895225000e+00
       271      -0.0146230062      5.3951872500e+00
       272      -0.0145594279      5.4218572500e+00
       273      -0.0144958496      5.4211562500e+00
       274      -0.0144322713      5.4417967500e+00
       275      -0.0143686930      5.4570502500e+00
       276      -0.0143051147      5.4626912500e+00
       277      -0.0142415365      5.4722370000e+00
       278      -0.0141779582      5.4856855000e+00
       279      -0.0141143799      5.5014245000e+00
       280      -0.0140508016      5.5116370000e+00
       281      -0.0139872233      5.5237777500e+00
       282      -0.0139236450      5.5302155000e+00
       283      -0.0138600667      5.5470577500e+00
       284      -0.0137964884      5.5494175000e+00
       285      -0.0137329102      5.5561917500e+00
       286      -0.0136693319      5.6038357500e+00
       287      -0.0136057536      5.6045387500e+00
       288      -0.0135421753      5.6231065000e+00
       289      -0.0134785970      5.6126152500e+00
       290      -0.0134150187      5.6208012500e+00
       291      -0.0133514404      5.6382272500e+00
       292      -0.0132878621      5.6704610000e+00
       293      -0.0132242839      5.6574457500e+00
       294      -0.0131607056      5.6891232500e+00
       295      -0.0130971273      5.7102807500e+00
       296      -0.0130335490      5.7072407500e+00
       297      -0.0129699707      5.7204422500e+00
       298      -0.0129063924      5.7352912500e+00
       299      -0.0128428141      5.7498455000e+00
       300      -0.0127792358      5.7621667500e+00
       301      -0.0127156576      5.7826007500e+00
       302      -0.0126520793      5.7947065000e+00
       303      -0.0125885010      5.8143847500e+00
       304      -0.0125249227      5.8253120000e+00
       305      -0.0124613444      5.8359770000e+00
       306      -0.0123977661      5.8713247500e+00
       307      -0.0123341878      5.8649830000e+00
       308      -0.0122706095      5.8753260000e+00
       309      -0.0122070313      5.9022762500e+00
       310      -0.0121434530      5.9039012500e+00
       311      -0.0120798747      5.9324777500e+00
       312      -0.0120162964      5.9405317500e+00
       313      -0.0119527181      5.9528112500e+00
       314      -0.0118891398      5.9651327500e+00
       315      -0.0118255615      5.9890927500e+00
       316      -0.0117619832      5.9768210000e+00
       317      -0.0116984049      6.0060880000e+00
       318      -0.0116348267      6.0235990000e+00
       319      -0.0115712484      6.0473310000e+00
       320      -0.0115076701      6.0643587500e+00
       321      -0.0114440918      6.0563722500e+00
       322      -0.0113805135      6.1004950000e+00
       323      -0.0113169352      6.0926020000e+00
       324      -0.0112533569      6.1351735000e+00
       325      -0.0111897786      6.1502767500e+00
       326      -0.0111262004      6.1564847500e+00
       327      -0.0110626221      6.1610007500e+00
       328      -0.0109990438      6.1741712500e+00
       329      -0.0109354655      6.1927125000e+00
       330      -0.0108718872      6.1938602500e+00
       331      -0.0108083089      6.2116337500e+00
       332      -0.0107447306      6.2222407500e+00
       333      -0.0106811523      6.2757840000e+00
       334      -0.0106175741      6.2517845000e+00
       335      -0.0105539958      6.2782590000e+00
       336      -0.0104904175      6.3086377500e+00
       337      -0.0104268392      6.3071427500e+00
       338      -0.0103632609      6.3394640000e+00
       339      -0.0102996826      6.3466682500e+00
       340      -0.0102361043      6.3544775000e+00
       341      -0.0101725260      6.3659362500e+00
       342      -0.0101089478      6.3936847500e+00
       343      -0.0100453695      6.4301982500e+00
       344      -0.0099817912      6.4356570000e+00
       345      -0.0099182129      6.4537337500e+00
       346      -0.0098546346      6.4736967500e+00
       347      -0.0097910563      6.4815295000e+00
       348      -0.0097274780      6.5288297500e+00
       349      -0.0096638997      6.5228012500e+00
       350      -0.0096003215      6.5423447500e+00
       351      -0.0095367432      6.5735787500e+00
       352      -0.0094731649      6.5780695000e+00
       353      -0.0094095866      6.6086680000e+00
       354      -0.0093460083      6.5926307500e+00
       355      -0.0092824300      6.6273380000e+00
       356      -0.0092188517      6.6530425000e+00
       357      -0.0091552734      6.6522230000e+00
       358      -0.0090916951      6.6779517500e+00
       359      -0.0090281169      6.7138910000e+00
       360      -0.0089645386      6.7046952500e+00
       361      -0.0089009603      6.7386362500e+00
       362      -0.0088373820      6.7460222500e+00
       363      -0.0087738037      6.7726265000e+00
       364      -0.0087102254      6.8261115000e+00
       365      -0.0086466471      6.8292102500e+00
       366      -0.0085830688      6.8224407500e+00
       367      -0.0085194906      6.8471490000e+00
       368      -0.0084559123      6.8718540000e+00
       369      -0.0083923340      6.8806305000e+00
       370      -0.0083287557      6.9298665000e+00
       371      -0.0082651774      6.9341012500e+00
       372      -0.0082015991      6.9397595000e+00
       373      -0.0081380208      6.9433842500e+00
       374      -0.0080744425      6.9864980000e+00
       375      -0.0080108643      7.0049552500e+00
       376      -0.0079472860      7.0186077500e+00
       377      -0.0078837077      7.0309300000e+00
       378      -0.0078201294      7.0559462500e+00
       379      -0.0077565511      7.0751972500e+00
       380      -0.0076929728      7.1005665000e+00
       381      -0.0076293945      7.1450770000e+00
       382      -0.0075658162      7.1589210000e+00
       383      -0.0075022380      7.1465320000e+00
       384      -0.0074386597      7.1947340000e+00
       385      -0.0073750814      7.2063355000e+00
       386      -0.0073115031      7.2380855000e+00
       387      -0.0072479248      7.2532187500e+00
       388      -0.0071843465      7.2702560000e+00
       389      -0.0071207682      7.3006520000e+00
       390      -0.0070571899      7.2964620000e+00
       391      -0.0069936117      7.3194465000e+00
       392      -0.0069300334      7.3498570000e+00
       393      -0.0068664551      7.3734142500e+00
       394      -0.0068028768      7.4115872500e+00
       395      -0.0067392985      7.4183862500e+00
       396      -0.0066757202      7.4455972500e+00
       397      -0.0066121419      7.4896295000e+00
       398      -0.0065485636      7.4836725000e+00
       399      -0.0064849854      7.5300007500e+00
       400      -0.0064214071      7.5337695000e+00
       401      -0.0063578288      7.5308027500e+00
       402      -0.0062942505      7.5988762500e+00
       403      -0.0062306722      7.6059190000e+00
       404      -0.0061670939      7.6375480000e+00
       405      -0.0061035156      7.6488597500e+00
       406      -0.0060399373      7.6676467500e+00
       407      -0.0059763590      7.7181382500e+00
       408      -0.0059127808      7.7284337500e+00
       409      -0.0058492025      7.7727287500e+00
       410      -0.0057856242      7.7840480000e+00
       411      -0.0057220459      7.8242725000e+00
       412      -0.0056584676      7.8233747500e+00
       413      -0.0055948893      7.8444875000e+00
       414      -0.0055313110      7.8678720000e+00
       415      -0.0054677327      7.8730980000e+00
       416      -0.0054041545      7.9438287500e+00
       417      -0.0053405762      7.9818785000e+00
       418      -0.0052769979      7.9561745000e+00
       419      -0.0052134196      8.0166015000e+00
       420      -0.0051498413      8.0353107500e+00
       421      -0.0050862630      8.0248292500e+00
       422      -0.0050226847      8.0680450000e+00
       423      -0.0049591064      8.1208670000e+00
       424      -0.0048955282      8.1379870000e+00
       425      -0.0048319499      8.1289147500e+00
       426      -0.0047683716      8.1679250000e+00
       427      -0.0047047933      8.2085962500e+00
       428      -0.0046412150      8.2048067500e+00
       429      -0.0045776367      8.2097917500e+00
       430      -0.0045140584      8.2502852500e+00
       431      -0.0044504801      8.2981530000e+00
       432      -0.0043869019      8.3293647500e+00
       433      -0.0043233236      8.3554262500e+00
       434      -0.0042597453      8.3678250000e+00
       435      -0.0041961670      8.4193887500e+00
       436      -0.0041325887      8.4438745000e+00
       437      -0.0040690104      8.4632012500e+00
       438      -0.0040054321      8.4807655000e+00
       439      -0.0039418538      8.5488885000e+00
       440      -0.0038782756      8.5812245000e+00
       441      -0.0038146973      8.6054260000e+00
       442      -0.0037511190      8.6261942500e+00
       443      -0.0036875407      8.6178497500e+00
       444      -0.0036239624      8.6419352500e+00
       445      -0.0035603841      8.6937842500e+00
       446      -0.0034968058      8.7622727500e+00
       447      -0.0034332275      8.7726590000e+00
       448      -0.0033696493      8.8179602500e+00
       449      -0.0033060710      8.8098725000e+00
       450      -0.0032424927      8.8577437500e+00
       451      -0.0031789144      8.9186010000e+00
       452      -0.0031153361      8.9173402500e+00
       453      -0.0030517578      8.9519935000e+00
       454      -0.0029881795      9.0188450000e+00
       455      -0.0029246012      9.0236285000e+00
       456      -0.0028610229      9.0821070000e+00
       457      -0.0027974447      9.0699605000e+00
       458      -0.0027338664      9.1585012500e+00
       459      -0.0026702881      9.1521545000e+00
       460      -0.0026067098      9.1752402500e+00
       461      -0.0025431315      9.2152410000e+00
       462      -0.0024795532      9.2251945000e+00
       463      -0.0024159749      9.2704770000e+00
       464      -0.0023523966      9.3297867500e+00
       465      -0.0022888184      9.3132330000e+00
       466      -0.0022252401      9.4188050000e+00
       467      -0.0021616618      9.4043755000e+00
       468      -0.0020980835      9.4712080000e+00
       469      -0.0020345052      9.5324812500e+00
       470      -0.0019709269      9.5591597500e+00
       471      -0.0019073486      9.5865795000e+00
       472      -0.0018437703      9.6608115000e+00
       473      -0.0017801921      9.6986317500e+00
       474      -0.0017166138      9.7511012500e+00
       475      -0.0016530355      9.7662562500e+00
       476      -0.0015894572      9.8773092500e+00
       477      -0.0015258789      9.9275772500e+00
       478      -0.0014623006      9.9728377500e+00
       479      -0.0013987223      1.0012527500e+01
       480      -0.0013351440      1.0096804500e+01
       481      -0.0012715658      1.0071051000e+01
       482      -0.0012079875      1.0267583750e+01
       483      -0.0011444092      1.0352006000e+01
       484      -0.0010808309      1.0299430750e+01
       485      -0.0010172526      1.0484046500e+01
       486      -0.0009536743      1.0561662500e+01
       487      -0.0008900960      1.0656554500e+01
       488      -0.0008265177      1.0717970000e+01
       489      -0.0007629395      1.0807848250e+01
       490      -0.0006993612      1.0876643500e+01
       491      -0.0006357829      1.0942113000e+01
       492      -0.0005722046      1.1091417000e+01
       493      -0.0005086263      1.1182340250e+01
       494      -0.0004450480      1.1276414750e+01
       495      -0.0003814697      1.1233085750e+01
       496      -0.0003178914      1.1337427750e+01
       497      -0.0002543132      1.1368485000e+01
       498      -0.0001907349      1.1249901750e+01
       499      -0.0001271566      1.1365510000e+01
       500      -0.0000635783      1.1346966500e+01
       501      0.0000000000      1.1304108750e+01
       502      0.0000635783      1.1173390750e+01
       503      0.0001271566      1.1144644250e+01
       504      0.0001907349      1.1092620750e+01
       505      0.0002543132      1.0916757750e+01
       506      0.0003178914      1.0916595750e+01
       507      0.0003814697      1.0882105250e+01
       508      0.0004450480      1.0698243250e+01
       509      0.0005086263      1.0675895500e+01
       510      0.0005722046      1.0593322000e+01
       511      0.0006357829      1.0501032250e+01
       512      0.0006993612      1.0431838750e+01
       513      0.0007629395      1.0322138000e+01
       514      0.0008265177      1.0274788750e+01
       515      0.0008900960      1.0150895750e+01
       516      0.0009536743      1.0118674500e+01
       517      0.0010172526      1.0047426750e+01
       518      0.0010808309      9.9705062500e+00
       519      0.0011444092      9.8917207500e+00
       520      0.0012079875      9.8383160000e+00
       521      0.0012715658      9.7439067500e+00
       522      0.0013351440      9.6608425000e+00
       523      0.0013987223      9.6615757500e+00
       524      0.0014623006      9.5718417500e+00
       525      0.0015258789      9.5046902500e+00
       526      0.0015894572      9.4712960000e+00
       527      0.0016530355      9.4143740000e+00
       528      0.0017166138      9.3103340000e+00
       529      0.0017801921      9.2986582500e+00
       530      0.0018437703      9.2295570000e+00
       531      0.0019073486      9.1617660000e+00
       532      0.0019709269      9.1414455000e+00
       533      0.0020345052      9.0967185000e+00
       534      0.0020980835      9.0372990000e+00
       535      0.0021616618      8.9899635000e+00
       536      0.0022252401      8.9305032500e+00
       537      0.0022888184      8.8686395000e+00
       538      0.0023523966      8.8305210000e+00
       539      0.0024159749      8.7959170000e+00
       540      0.0024795532      8.7331175000e+00
       541      0.0025431315      8.6431707500e+00
       542      0.0026067098      8.6576245000e+00
       543      0.0026702881      8.5830772500e+00
       544      0.0027338664      8.5474312500e+00
       545      0.0027974447      8.4802390000e+00
       546      0.0028610229      8.4062345000e+00
       547      0.0029246012      8.3594852500e+00
       548      0.0029881795      8.3573042500e+00
       549      0.0030517578      8.3106622500e+00
       550      0.0031153361      8.2771860000e+00
       551      0.0031789144      8.2343267500e+00
       552      0.0032424927      8.1888642500e+00
       553      0.0033060710      8.1300460000e+00
       554      0.0033696493      8.0740470000e+00
       555      0.0034332275      8.0521805000e+00
       556      0.0034968058      7.9988097500e+00
       557      0.0035603841      7.9711622500e+00
       558      0.0036239624      7.9200020000e+00
       559      0.0036875407      7.8922180000e+00
       560      0.0037511190      7.8249087500e+00
       561      0.0038146973      7.8054545000e+00
       562      0.0038782756      7.8067742500e+00
       563      0.0039418538      7.7175642500e+00
       564      0.0040054321      7.6616945000e+00
       565      0.0040690104      7.6537272500e+00
       566      0.0041325887      7.5856922500e+00
       567      0.0041961670      7.5562725000e+00
       568      0.0042597453      7.5033845000e+00
       569      0.0043233236      7.4826527500e+00
       570      0.0043869019      7.4398502500e+00
       571      0.0044504801      7.4201430000e+00
       572      0.0045140584      7.3814080000e+00
       573      0.0045776367      7.3259520000e+00
       574      0.0046412150      7.3039107500e+00
       575      0.0047047933      7.2586050000e+00
       576      0.0047683716      7.1947717500e+00
       577      0.0048319499      7.2364332500e+00
       578      0.0048955282      7.1760647500e+00
       579      0.0049591064      7.1218527500e+00
       580      0.0050226847      7.0824597500e+00
       581      0.0050862630      7.0374367500e+00
       582      0.0051498413      7.0126605000e+00
       583      0.0052134196      6.9464530000e+00
       584      0.0052769979      6.9484415000e+00
       585      0.0053405762      6.8801530000e+00
       586      0.0054041545      6.8562982500e+00
       587      0.0054677327      6.8287337500e+00
       588      0.0055313110      6.8075315000e+00
       589      0.0055948893      6.7777695000e+00
       590      0.0056584676      6.6996867500e+00
       591      0.0057220459      6.7179052500e+00
       592      0.0057856242      6.6463355000e+00
       593      0.0058492025      6.6168700000e+00
       594      0.0059127808      6.5979397500e+00
       595      0.0059763590      6.5568970000e+00
       596      0.0060399373      6.5336112500e+00
       597      0.0061035156      6.4608550000e+00
       598      0.0061670939      6.4981195000e+00
       599      0.0062306722      6.4258437500e+00
       600      0.0062942505      6.3915127500e+00
       601      0.0063578288      6.3722457500e+00
       602      0.0064214071      6.3116912500e+00
       603      0.0064849854      6.3029757500e+00
       604      0.0065485636      6.2589610000e+00
       605      0.0066121419      6.2463045000e+00
       606      0.0066757202      6.2411520000e+00
       607      0.0067392985      6.1660962500e+00
       608      0.0068028768      6.1317212500e+00
       609      0.0068664551      6.1303915000e+00
       610      0.0069300334      6.0949895000e+00
       611      0.0069936117      6.0667810000e+00
       612      0.0070571899      6.0194252500e+00
       613      0.0071207682      5.9850197500e+00
       614      0.0071843465      5.9932550000e+00
       615      0.0072479248      5.9659075000e+00
       616      0.0073115031      5.8757770000e+00
       617      0.0073750814      5.8739115000e+00
       618      0.0074386597      5.8172867500e+00
       619      0.0075022380      5.8443380000e+00
       620      0.0075658162      5.7671485000e+00
       621      0.0076293945      5.7714665000e+00
       622      0.0076929728      5.7219557500e+00
       623      0.0077565511      5.7103395000e+00
       624      0.0078201294      5.6938070000e+00
       625      0.0078837077      5.6476482500e+00
       626      0.0079472860      5.6248905000e+00
       627      0.0080108643      5.5909797500e+00
       628      0.0080744425      5.5929625000e+00
       629      0.0081380208      5.5156340000e+00
       630      0.0082015991      5.5198065000e+00
       631      0.0082651774      5.4965855000e+00
       632      0.0083287557      5.4671937500e+00
       633      0.0083923340      5.4331100000e+00
       634      0.0084559123      5.4124400000e+00
       635      0.0085194906      5.3770007500e+00
       636      0.0085830688      5.3378882500e+00
       637      0.0086466471      5.3240967500e+00
       638      0.0087102254      5.3011117500e+00
       639      0.0087738037      5.2797857500e+00
       640      0.0088373820      5.2738892500e+00
       641      0.0089009603      5.2423717500e+00
       642      0.0089645386      5.1939910000e+00
       643      0.0090281169      5.1774432500e+00
       644      0.0090916951      5.1181895000e+00
       645      0.0091552734      5.0913957500e+00
       646      0.0092188517      5.1239930000e+00
       647      0.0092824300      5.0607747500e+00
       648      0.0093460083      5.0479470000e+00
       649      0.0094095866      5.0550400000e+00
       650      0.0094731649      4.9884755000e+00
       651      0.0095367432      4.9683157500e+00
       652      0.0096003215      4.9355000000e+00
       653      0.0096638997      4.9275487500e+00
       654      0.0097274780      4.8894545000e+00
       655      0.0097910563      4.8680007500e+00
       656      0.0098546346      4.8827095000e+00
       657      0.0099182129      4.8246172500e+00
       658      0.0099817912      4.7994030000e+00
       659      0.0100453695      4.7750905000e+00
       660      0.0101089478      4.7752465000e+00
       661      0.0101725260      4.7377960000e+00
       662      0.0102361043      4.7049155000e+00
       663      0.0102996826      4.6972102500e+00
       664      0.0103632609      4.6633257500e+00
       665      0.0104268392      4.6514575000e+00
       666      0.0104904175      4.6387712500e+00
       667      0.0105539958      4.5982022500e+00
       668      0.0106175741      4.5815945000e+00
       669      0.0106811523      4.5697447500e+00
       670      0.0107447306      4.5365287500e+00
       671      0.0108083089      4.5215080000e+00
       672      0.0108718872      4.4854785000e+00
       673      0.0109354655      4.4920095000e+00
       674      0.0109990438      4.4602222500e+00
       675      0.0110626221      4.4274090000e+00
       676      0.0111262004      4.4222975000e+00
       677      0.0111897786      4.4067022500e+00
       678      0.0112533569      4.3731025000e+00
       679      0.0113169352      4.3500575000e+00
       680      0.0113805135      4.3296895000e+00
       681      0.0114440918      4.2890377500e+00
       682      0.0115076701      4.2974427500e+00
       683      0.0115712484      4.2700557500e+00
       684      0.0116348267      4.2707797500e+00
       685      0.0116984049      4.2144785000e+00
       686      0.0117619832      4.2120272500e+00
       687      0.0118255615      4.1944360000e+00
       688      0.0118891398      4.1627582500e+00
       689      0.0119527181      4.1532977500e+00
       690      0.0120162964      4.1310442500e+00
       691      0.0120798747      4.1169400000e+00
       692      0.0121434530      4.0916197500e+00
       693      0.0122070312      4.0658002500e+00
       694      0.0122706095      4.0538092500e+00
       695      0.0123341878      4.0070260000e+00
       696      0.0123977661      4.0033395000e+00
       697      0.0124613444      3.9882162500e+00
       698      0.0125249227      3.9699990000e+00
       699      0.0125885010      3.9577527500e+00
       700      0.0126520793      3.9309537500e+00
       701      0.0127156576      3.9330022500e+00
       702      0.0127792358      3.8921082500e+00
       703      0.0128428141      3.8769320000e+00
       704      0.0129063924      3.8473642500e+00
       705      0.0129699707      3.8397787500e+00
       706      0.0130335490      3.8302705000e+00
       707      0.0130971273      3.8125775000e+00
       708      0.0131607056      3.7952182500e+00
       709      0.0132242839      3.7649857500e+00
       710      0.0132878621      3.7480367500e+00
       711      0.0133514404      3.7273260000e+00
       712      0.0134150187      3.7205280000e+00
       713      0.0134785970      3.7128560000e+00
       714      0.0135421753      3.6885985000e+00
       715      0.0136057536      3.6796547500e+00
       716      0.0136693319      3.6580697500e+00
       717      0.0137329102      3.6505447500e+00
       718      0.0137964884      3.6291542500e+00
       719      0.0138600667      3.6076527500e+00
       720      0.0139236450      3.5895570000e+00
       721      0.0139872233      3.5766205000e+00
       722      0.0140508016      3.5474070000e+00
       723      0.0141143799      3.5364402500e+00
       724      0.0141779582      3.5285975000e+00
       725      0.0142415365      3.4979905000e+00
       726      0.0143051147      3.4853682500e+00
       727      0.0143686930      3.4661922500e+00
       728      0.0144322713      3.4648592500e+00
       729      0.0144958496      3.4357297500e+00
       730      0.0145594279      3.4262740000e+00
       731      0.0146230062      3.4036790000e+00
       732      0.0146865845      3.4018582500e+00
       733      0.0147501628      3.3794867500e+00
       734      0.0148137410      3.3499992500e+00
       735      0.0148773193      3.3651600000e+00
       736      0.0149408976      3.3298562500e+00
       737      0.0150044759      3.3027132500e+00
       738      0.0150680542      3.2889030000e+00
       739      0.0151316325      3.2952675000e+00
       740      0.0151952108      3.2765542500e+00
       741      0.0152587891      3.2478217500e+00
       742      0.0153223674      3.2291210000e+00
       743      0.0153859456      3.2261052500e+00
       744      0.0154495239      3.1992500000e+00
       745      0.0155131022      3.2075862500e+00
       746      0.0155766805      3.1833615000e+00
       747      0.0156402588      3.1603712500e+00
       748      0.0157038371      3.1497135000e+00
       749      0.0157674154      3.1445815000e+00
       750      0.0158309937      3.1231417500e+00
       751      0.0158945719      3.1017140000e+00
       752      0.0159581502      3.1067132500e+00
       753      0.0160217285      3.0859827500e+00
       754      0.0160853068      3.0801325000e+00
       755      0.0161488851      3.0638535000e+00
       756      0.0162124634      3.0337977500e+00
       757      0.0162760417      3.0257485000e+00
       758      0.0163396200      3.0247585000e+00
       759      0.0164031982      3.0080102500e+00
       760      0.0164667765      2.9950447500e+00
       761      0.0165303548      2.9669662500e+00
       762      0.0165939331      2.9732455000e+00
       763      0.0166575114      2.9421020000e+00
       764      0.0167210897      2.9328257500e+00
       765      0.0167846680      2.9388785000e+00
       766      0.0168482463      2.9094155000e+00
       767      0.0169118245      2.9002075000e+00
       768      0.0169754028      2.8985060000e+00
       769      0.0170389811      2.8711110000e+00
       770      0.0171025594      2.8506797500e+00
       771      0.0171661377      2.8436557500e+00
       772      0.0172297160      2.8446687500e+00
       773      0.0172932943      2.8221165000e+00
       774      0.0173568726      2.8143607500e+00
       775      0.0174204508      2.7995535000e+00
       776      0.0174840291      2.7888760000e+00
       777      0.0175476074      2.7661670000e+00
       778      0.0176111857      2.7611130000e+00
       779      0.0176747640      2.7586042500e+00
       780      0.0177383423      2.7460155000e+00
       781      0.0178019206      2.7394342500e+00
       782      0.0178654989      2.7297937500e+00
       783      0.0179290771      2.6939147500e+00
       784      0.0179926554      2.6912290000e+00
       785      0.0180562337      2.6753727500e+00
       786      0.0181198120      2.6625125000e+00
       787      0.0181833903      2.6439772500e+00
       788      0.0182469686      2.6471025000e+00
       789      0.0183105469      2.6342532500e+00
       790      0.0183741252      2.6167955000e+00
       791      0.0184377035      2.6101377500e+00
       792      0.0185012817      2.5818660000e+00
       793      0.0185648600      2.5941800000e+00
       794      0.0186284383      2.5707645000e+00
       795      0.0186920166      2.5558112500e+00
       796      0.0187555949      2.5647050000e+00
       797      0.0188191732      2.5509855000e+00
       798      0.0188827515      2.5178762500e+00
       799      0.0189463298      2.5272875000e+00
       800      0.0190099080      2.5149650000e+00
       801      0.0190734863      2.5022370000e+00
       802      0.0191370646      2.5033777500e+00
       803      0.0192006429      2.4868475000e+00
       804      0.0192642212      2.4626065000e+00
       805      0.0193277995      2.4561220000e+00
       806      0.0193913778      2.4493767500e+00
       807      0.0194549561      2.4337092500e+00
       808      0.0195185343      2.4320175000e+00
       809      0.0195821126      2.4314910000e+00
       810      0.0196456909      2.4070000000e+00
       811      0.0197092692      2.4018940000e+00
       812      0.0197728475      2.3969587500e+00
       813      0.0198364258      2.3787010000e+00
       814      0.0199000041      2.3668672500e+00
       815      0.0199635824      2.3550790000e+00
       816      0.0200271606      2.3643240000e+00
       817      0.0200907389      2.3403517500e+00
       818      0.0201543172      2.3313962500e+00
       819      0.0202178955      2.3256107500e+00
       820      0.0202814738      2.3137365000e+00
       821      0.0203450521      2.2954665000e+00
       822      0.0204086304      2.2953800000e+00
       823      0.0204722087      2.2805817500e+00
       824      0.0205357869      2.2678385000e+00
       825      0.0205993652      2.2623172500e+00
       826      0.0206629435      2.2549720000e+00
       827      0.0207265218      2.2432412500e+00
       828      0.0207901001      2.2333437500e+00
       829      0.0208536784      2.2293010000e+00
       830      0.0209172567      2.2123922500e+00
       831      0.0209808350      2.2193620000e+00
       832      0.0210444132      2.2033325000e+00
       833      0.0211079915      2.1794797500e+00
       834      0.0211715698      2.1728667500e+00
       835      0.0212351481      2.1648835000e+00
       836      0.0212987264      2.1606162500e+00
       837      0.0213623047      2.1505882500e+00
       838      0.0214258830      2.1530267500e+00
       839      0.0214894613      2.1393492500e+00
       840      0.0215530396      2.1257587500e+00
       841      0.0216166178      2.1077595000e+00
       842      0.0216801961      2.1134235000e+00
       843      0.0217437744      2.1024462500e+00
       844      0.0218073527      2.1029880000e+00
       845      0.0218709310      2.0897747500e+00
       846      0.0219345093      2.0706300000e+00
       847      0.0219980876      2.0673712500e+00
       848      0.0220616659      2.0608145000e+00
       849      0.0221252441      2.0565395000e+00
       850      0.0221888224      2.0373087500e+00
       851      0.0222524007      2.0322375000e+00
       852      0.0223159790      2.0273382500e+00
       853      0.0223795573      2.0191342500e+00
       854      0.0224431356      2.0103477500e+00
       855      0.0225067139      2.0014065000e+00
       856      0.0225702922      1.9940242500e+00
       857      0.0226338704      1.9962367500e+00
       858      0.0226974487      1.9771322500e+00
       859      0.0227610270      1.9674127500e+00
       860      0.0228246053      1.9492777500e+00
       861      0.0228881836      1.9496082500e+00
       862      0.0229517619      1.9460732500e+00
       863      0.0230153402      1.9420160000e+00
       864      0.0230789185      1.9342630000e+00
       865      0.0231424967      1.9270840000e+00
       866      0.0232060750      1.9107385000e+00
       867      0.0232696533      1.9113532500e+00
       868      0.0233332316      1.9005605000e+00
       869      0.0233968099      1.8963127500e+00
       870      0.0234603882      1.8863435000e+00
       871      0.0235239665      1.8746917500e+00
       872      0.0235875448      1.8766035000e+00
       873      0.0236511230      1.8694245000e+00
       874      0.0237147013      1.8530612500e+00
       875      0.0237782796      1.8455487500e+00
       876      0.0238418579      1.8393555000e+00
       877      0.0239054362      1.8334990000e+00
       878      0.0239690145      1.8247757500e+00
       879      0.0240325928      1.8155925000e+00
       880      0.0240961711      1.8124520000e+00
       881      0.0241597493      1.8020405000e+00
       882      0.0242233276      1.7969485000e+00
       883      0.0242869059      1.7876862500e+00
       884      0.0243504842      1.7799510000e+00
       885      0.0244140625      1.7844325000e+00
       886      0.0244776408      1.7787987500e+00
       887      0.0245412191      1.7667937500e+00
       888      0.0246047974      1.7545475000e+00
       889      0.0246683757      1.7445520000e+00
       890      0.0247319539      1.7450090000e+00
       891      0.0247955322      1.7393575000e+00
       892      0.0248591105      1.7291975000e+00
       893      0.0249226888      1.7302595000e+00
       894      0.0249862671      1.7180685000e+00
       895      0.0250498454      1.7179750000e+00
       896      0.0251134237      1.7073335000e+00
       897      0.0251770020      1.7060792500e+00
       898      0.0252405802      1.6987792500e+00
       899      0.0253041585      1.6868505000e+00
       900      0.0253677368      1.6783867500e+00
       901      0.0254313151      1.6766995000e+00
       902      0.0254948934      1.6711980000e+00
       903      0.0255584717      1.6572650000e+00
       904      0.0256220500      1.6547600000e+00
       905      0.0256856283      1.6417397500e+00
       906      0.0257492065      1.6472035000e+00
       907      0.0258127848      1.6304035000e+00
       908      0.0258763631      1.6310920000e+00
       909      0.0259399414      1.6247950000e+00
       910      0.0260035197      1.6151172500e+00
       911      0.0260670980      1.6108645000e+00
       912      0.0261306763      1.6147010000e+00
       913      0.0261942546      1.5992512500e+00
       914      0.0262578328      1.5932897500e+00
       915      0.0263214111      1.5888582500e+00
       916      0.0263849894      1.5812975000e+00
       917      0.0264485677      1.5810100000e+00
       918      0.0265121460      1.5674542500e+00
       919      0.0265757243      1.5622280000e+00
       920      0.0266393026      1.5580265000e+00
       921      0.0267028809      1.5556690000e+00
       922      0.0267664591      1.5540672500e+00
       923      0.0268300374      1.5377320000e+00
       924      0.0268936157      1.5354562500e+00
       925      0.0269571940      1.5314380000e+00
       926      0.0270207723      1.5249582500e+00
       927      0.0270843506      1.5208835000e+00
       928      0.0271479289      1.5143667500e+00
       929      0.0272115072      1.5073490000e+00
       930      0.0272750854      1.5016585000e+00
       931      0.0273386637      1.4982265000e+00
       932      0.0274022420      1.4858945000e+00
       933      0.0274658203      1.4810642500e+00
       934      0.0275293986      1.4790330000e+00
       935      0.0275929769      1.4702490000e+00
       936      0.0276565552      1.4687095000e+00
       937      0.0277201335      1.4682597500e+00
       938      0.0277837118      1.4577457500e+00
       939      0.0278472900      1.4546785000e+00
       940      0.0279108683      1.4472505000e+00
       941      0.0279744466      1.4480447500e+00
       942      0.0280380249      1.4404802500e+00
       943      0.0281016032      1.4397037500e+00
       944      0.0281651815      1.4261505000e+00
       945      0.0282287598      1.4236947500e+00
       946      0.0282923381      1.4203372500e+00
       947      0.0283559163      1.4082585000e+00
       948      0.0284194946      1.4146670000e+00
       949      0.0284830729      1.4061462500e+00
       950      0.0285466512      1.4000785000e+00
       951      0.0286102295      1.3923380000e+00
       952      0.0286738078      1.3883637500e+00
       953      0.0287373861      1.3869325000e+00
       954      0.0288009644      1.3804332500e+00
       955      0.0288645426      1.3753012500e+00
       956      0.0289281209      1.3644202500e+00
       957      0.0289916992      1.3616017500e+00
       958      0.0290552775      1.3679952500e+00
       959      0.0291188558      1.3571140000e+00
       960      0.0291824341      1.3444310000e+00
       961      0.0292460124      1.3499932500e+00
       962      0.0293095907      1.3393970000e+00
       963      0.0293731689      1.3392857500e+00
       964      0.0294367472      1.3375252500e+00
       965      0.0295003255      1.3284860000e+00
       966      0.0295639038      1.3185135000e+00
       967      0.0296274821      1.3158482500e+00
       968      0.0296910604      1.3128667500e+00
       969      0.0297546387      1.3035165000e+00
       970      0.0298182170      1.3051302500e+00
       971      0.0298817952      1.3035332500e+00
       972      0.0299453735      1.2974822500e+00
       973      0.0300089518      1.2946275000e+00
       974      0.0300725301      1.2867247500e+00
       975      0.0301361084      1.2830330000e+00
       976      0.0301996867      1.2761920000e+00
       977      0.0302632650      1.2728425000e+00
       978      0.0303268433      1.2702382500e+00
       979      0.0303904215      1.2682857500e+00
       980      0.0304539998      1.2616895000e+00
       981      0.0305175781      1.2574840000e+00
       982      0.0305811564      1.2459470000e+00
       983      0.0306447347      1.2492250000e+00
       984      0.0307083130      1.2364890000e+00
       985      0.0307718913      1.2384950000e+00
       986      0.0308354696      1.2353060000e+00
       987      0.0308990479      1.2268822500e+00
       988      0.0309626261      1.2293342500e+00
       989      0.0310262044      1.2187750000e+00
       990      0.0310897827      1.2151580000e+00
       991      0.0311533610      1.2130610000e+00
       992      0.0312169393      1.2053270000e+00
       993      0.0312805176      1.2066450000e+00
       994      0.0313440959      1.1963280000e+00
       995      0.0314076742      1.1947392500e+00
       996      0.0314712524      1.1923865000e+00
       997      0.0315348307      1.1855055000e+00
       998      0.0315984090      1.1835557500e+00
       999      0.0316619873      1.1799552500e+00
      1000      0.0317255656      1.1783610000e+00
      1001      0.0317891439      1.1705805000e+00
