         1      -0.0059604645      7.7276400000e+00
         2      -0.0059366226      7.6219200000e+00
         3      -0.0059127808      7.7660500000e+00
         4      -0.0058889389      7.6604650000e+00
         5      -0.0058650970      7.6719400000e+00
         6      -0.0058412552      7.7639550000e+00
         7      -0.0058174133      7.6755450000e+00
         8      -0.0057935715      7.7826300000e+00
         9      -0.0057697296      7.7955800000e+00
        10      -0.0057458878      7.9353550000e+00
        11      -0.0057220459      7.6631800000e+00
        12      -0.0056982040      7.8387800000e+00
        13      -0.0056743622      7.9371800000e+00
        14      -0.0056505203      7.7705850000e+00
        15      -0.0056266785      7.8415850000e+00
        16      -0.0056028366      7.8514850000e+00
        17      -0.0055789948      7.7346300000e+00
        18      -0.0055551529      7.8306900000e+00
        19      -0.0055313110      7.8904000000e+00
        20      -0.0055074692      7.9278400000e+00
        21      -0.0054836273      7.8363550000e+00
        22      -0.0054597855      7.9340300000e+00
        23      -0.0054359436      7.8704800000e+00
        24      -0.0054121017      7.8994000000e+00
        25      -0.0053882599      7.9128400000e+00
        26      -0.0053644180      8.0749050000e+00
        27      -0.0053405762      7.9351350000e+00
        28      -0.0053167343      7.8866700000e+00
        29      -0.0052928925      7.8794000000e+00
        30      -0.0052690506      7.9061900000e+00
        31      -0.0052452087      7.9664900000e+00
        32      -0.0052213669      7.9984800000e+00
        33      -0.0051975250      8.0894200000e+00
        34      -0.0051736832      8.0868950000e+00
        35      -0.0051498413      7.9803400000e+00
        36      -0.0051259995      8.1528300000e+00
        37      -0.0051021576      8.1019100000e+00
        38      -0.0050783157      8.1206350000e+00
        39      -0.0050544739      8.1792800000e+00
        40      -0.0050306320      8.1603250000e+00
        41      -0.0050067902      8.1679500000e+00
        42      -0.0049829483      7.9128650000e+00
        43      -0.0049591064      8.0532650000e+00
        44      -0.0049352646      8.0572550000e+00
        45      -0.0049114227      8.2104500000e+00
        46      -0.0048875809      8.2104000000e+00
        47      -0.0048637390      8.2097800000e+00
        48      -0.0048398972      7.9063950000e+00
        49      -0.0048160553      8.1328750000e+00
        50      -0.0047922134      8.2579700000e+00
        51      -0.0047683716      8.0706750000e+00
        52      -0.0047445297      8.2315100000e+00
        53      -0.0047206879      8.2034300000e+00
        54      -0.0046968460      8.4326900000e+00
        55      -0.0046730042      8.2978550000e+00
        56      -0.0046491623      8.5453650000e+00
        57      -0.0046253204      8.1815300000e+00
        58      -0.0046014786      8.2503000000e+00
        59      -0.0045776367      8.2525550000e+00
        60      -0.0045537949      8.2195450000e+00
        61      -0.0045299530      8.3904050000e+00
        62      -0.0045061111      8.1308000000e+00
        63      -0.0044822693      8.4313900000e+00
        64      -0.0044584274      8.3670100000e+00
        65      -0.0044345856      8.3019050000e+00
        66      -0.0044107437      8.2556050000e+00
        67      -0.0043869019      8.3151550000e+00
        68      -0.0043630600      8.2627900000e+00
        69      -0.0043392181      8.2055450000e+00
        70      -0.0043153763      8.4169850000e+00
        71      -0.0042915344      8.3757950000e+00
        72      -0.0042676926      8.5218750000e+00
        73      -0.0042438507      8.3860650000e+00
        74      -0.0042200089      8.4737100000e+00
        75      -0.0041961670      8.3602000000e+00
        76      -0.0041723251      8.4713700000e+00
        77      -0.0041484833      8.4728800000e+00
        78      -0.0041246414      8.3491800000e+00
        79      -0.0041007996      8.6799900000e+00
        80      -0.0040769577      8.5658400000e+00
        81      -0.0040531158      8.6466650000e+00
        82      -0.0040292740      8.4935650000e+00
        83      -0.0040054321      8.5579950000e+00
        84      -0.0039815903      8.4801400000e+00
        85      -0.0039577484      8.2922250000e+00
        86      -0.0039339066      8.5076850000e+00
        87      -0.0039100647      8.5811150000e+00
        88      -0.0038862228      8.4380300000e+00
        89      -0.0038623810      8.4518100000e+00
        90      -0.0038385391      8.6149300000e+00
        91      -0.0038146973      8.4335600000e+00
        92      -0.0037908554      8.7297500000e+00
        93      -0.0037670135      8.4476300000e+00
        94      -0.0037431717      8.7862800000e+00
        95      -0.0037193298      8.6498850000e+00
        96      -0.0036954880      8.6677850000e+00
        97      -0.0036716461      8.6460500000e+00
        98      -0.0036478043      8.6869100000e+00
        99      -0.0036239624      8.8282450000e+00
       100      -0.0036001205      8.6443500000e+00
       101      -0.0035762787      8.8249950000e+00
       102      -0.0035524368      8.8553800000e+00
       103      -0.0035285950      8.8076750000e+00
       104      -0.0035047531      8.6575550000e+00
       105      -0.0034809113      8.7778500000e+00
       106      -0.0034570694      8.5369100000e+00
       107      -0.0034332275      8.7467450000e+00
       108      -0.0034093857      8.7935100000e+00
       109      -0.0033855438      8.8791600000e+00
       110      -0.0033617020      8.9425850000e+00
       111      -0.0033378601      8.6792850000e+00
       112      -0.0033140182      8.7360150000e+00
       113      -0.0032901764      8.8852150000e+00
       114      -0.0032663345      8.9492250000e+00
       115      -0.0032424927      8.8242200000e+00
       116      -0.0032186508      8.8311550000e+00
       117      -0.0031948090      8.9946400000e+00
       118      -0.0031709671      8.9908300000e+00
       119      -0.0031471252      9.0618050000e+00
       120      -0.0031232834      8.8083200000e+00
       121      -0.0030994415      9.2921550000e+00
       122      -0.0030755997      9.0265400000e+00
       123      -0.0030517578      8.7904200000e+00
       124      -0.0030279160      8.9108200000e+00
       125      -0.0030040741      8.9088700000e+00
       126      -0.0029802322      8.8664600000e+00
       127      -0.0029563904      8.8229900000e+00
       128      -0.0029325485      9.1312950000e+00
       129      -0.0029087067      9.0806800000e+00
       130      -0.0028848648      9.0763500000e+00
       131      -0.0028610229      8.9851450000e+00
       132      -0.0028371811      8.9269450000e+00
       133      -0.0028133392      8.9695650000e+00
       134      -0.0027894974      9.0180450000e+00
       135      -0.0027656555      9.1773100000e+00
       136      -0.0027418137      9.0152900000e+00
       137      -0.0027179718      8.9049700000e+00
       138      -0.0026941299      9.1404750000e+00
       139      -0.0026702881      9.0691600000e+00
       140      -0.0026464462      9.3969600000e+00
       141      -0.0026226044      9.3281300000e+00
       142      -0.0025987625      9.0588850000e+00
       143      -0.0025749207      9.3172250000e+00
       144      -0.0025510788      9.3649100000e+00
       145      -0.0025272369      9.2408550000e+00
       146      -0.0025033951      9.2200350000e+00
       147      -0.0024795532      9.3750950000e+00
       148      -0.0024557114      9.2302750000e+00
       149      -0.0024318695      9.2741500000e+00
       150      -0.0024080276      9.1675850000e+00
       151      -0.0023841858      9.3323700000e+00
       152      -0.0023603439      9.4059250000e+00
       153      -0.0023365021      9.3922650000e+00
       154      -0.0023126602      9.3077200000e+00
       155      -0.0022888184      9.2192300000e+00
       156      -0.0022649765      9.4196050000e+00
       157      -0.0022411346      9.3420100000e+00
       158      -0.0022172928      9.3194050000e+00
       159      -0.0021934509      9.3842150000e+00
       160      -0.0021696091      9.5353000000e+00
       161      -0.0021457672      9.4596700000e+00
       162      -0.0021219254      9.6238600000e+00
       163      -0.0020980835      9.5526800000e+00
       164      -0.0020742416      9.5052800000e+00
       165      -0.0020503998      9.5769800000e+00
       166      -0.0020265579      9.5156100000e+00
       167      -0.0020027161      9.4201700000e+00
       168      -0.0019788742      9.6421950000e+00
       169      -0.0019550323      9.5305950000e+00
       170      -0.0019311905      9.5205700000e+00
       171      -0.0019073486      9.5036950000e+00
       172      -0.0018835068      9.9699500000e+00
       173      -0.0018596649      9.7535100000e+00
       174      -0.0018358231      9.6576250000e+00
       175      -0.0018119812      9.6128850000e+00
       176      -0.0017881393      9.7204200000e+00
       177      -0.0017642975      9.6703150000e+00
       178      -0.0017404556      9.9217000000e+00
       179      -0.0017166138      9.9564400000e+00
       180      -0.0016927719      9.7321850000e+00
       181      -0.0016689301      9.7852200000e+00
       182      -0.0016450882      9.6840200000e+00
       183      -0.0016212463      9.8388800000e+00
       184      -0.0015974045      9.8433950000e+00
       185      -0.0015735626      9.9468000000e+00
       186      -0.0015497208      9.6855050000e+00
       187      -0.0015258789      9.8800700000e+00
       188      -0.0015020370      9.9395550000e+00
       189      -0.0014781952      1.0247965000e+01
       190      -0.0014543533      9.8185750000e+00
       191      -0.0014305115      9.9379050000e+00
       192      -0.0014066696      1.0019020000e+01
       193      -0.0013828278      9.8266050000e+00
       194      -0.0013589859      1.0008965000e+01
       195      -0.0013351440      9.8467750000e+00
       196      -0.0013113022      1.0087050000e+01
       197      -0.0012874603      1.0339585000e+01
       198      -0.0012636185      1.0103225000e+01
       199      -0.0012397766      1.0146890000e+01
       200      -0.0012159348      1.0093415000e+01
       201      -0.0011920929      9.7179550000e+00
       202      -0.0011682510      1.0232240000e+01
       203      -0.0011444092      1.0026065000e+01
       204      -0.0011205673      1.0344045000e+01
       205      -0.0010967255      1.0059825000e+01
       206      -0.0010728836      1.0127400000e+01
       207      -0.0010490417      1.0192480000e+01
       208      -0.0010251999      1.0097565000e+01
       209      -0.0010013580      1.0318040000e+01
       210      -0.0009775162      1.0108105000e+01
       211      -0.0009536743      1.0340320000e+01
       212      -0.0009298325      1.0315305000e+01
       213      -0.0009059906      1.0238180000e+01
       214      -0.0008821487      1.0526620000e+01
       215      -0.0008583069      1.0158765000e+01
       216      -0.0008344650      1.0282115000e+01
       217      -0.0008106232      1.0372145000e+01
       218      -0.0007867813      1.0625110000e+01
       219      -0.0007629395      1.0854140000e+01
       220      -0.0007390976      1.0675900000e+01
       221      -0.0007152557      1.0869205000e+01
       222      -0.0006914139      1.0380800000e+01
       223      -0.0006675720      1.0769790000e+01
       224      -0.0006437302      1.0682800000e+01
       225      -0.0006198883      1.1034860000e+01
       226      -0.0005960464      1.0716670000e+01
       227      -0.0005722046      1.0890665000e+01
       228      -0.0005483627      1.0594520000e+01
       229      -0.0005245209      1.1013145000e+01
       230      -0.0005006790      1.1137260000e+01
       231      -0.0004768372      1.1441975000e+01
       232      -0.0004529953      1.1169225000e+01
       233      -0.0004291534      1.1492400000e+01
       234      -0.0004053116      1.1337080000e+01
       235      -0.0003814697      1.1371115000e+01
       236      -0.0003576279      1.1532050000e+01
       237      -0.0003337860      1.1263125000e+01
       238      -0.0003099442      1.1544755000e+01
       239      -0.0002861023      1.1628945000e+01
       240      -0.0002622604      1.1484925000e+01
       241      -0.0002384186      1.1604160000e+01
       242      -0.0002145767      1.1432990000e+01
       243      -0.0001907349      1.1644880000e+01
       244      -0.0001668930      1.1353120000e+01
       245      -0.0001430511      1.1653160000e+01
       246      -0.0001192093      1.1564135000e+01
       247      -0.0000953674      1.1525975000e+01
       248      -0.0000715256      1.1442105000e+01
       249      -0.0000476837      1.1555935000e+01
       250      -0.0000238419      1.1761495000e+01
       251      0.0000000000      1.2007435000e+01
       252      0.0000238419      1.1403060000e+01
       253      0.0000476837      1.1169925000e+01
       254      0.0000715256      1.1750090000e+01
       255      0.0000953674      1.1365260000e+01
       256      0.0001192093      1.1538000000e+01
       257      0.0001430511      1.1204510000e+01
       258      0.0001668930      1.1019505000e+01
       259      0.0001907349      1.1326965000e+01
       260      0.0002145767      1.1340960000e+01
       261      0.0002384186      1.1265520000e+01
       262      0.0002622604      1.0953490000e+01
       263      0.0002861023      1.1007185000e+01
       264      0.0003099442      1.1046695000e+01
       265      0.0003337860      1.1124445000e+01
       266      0.0003576279      1.0806175000e+01
       267      0.0003814697      1.0685060000e+01
       268      0.0004053116      1.0282040000e+01
       269      0.0004291534      1.0664550000e+01
       270      0.0004529953      1.0601955000e+01
       271      0.0004768372      1.0702550000e+01
       272      0.0005006790      1.0455775000e+01
       273      0.0005245209      1.0900240000e+01
       274      0.0005483627      1.0484615000e+01
       275      0.0005722046      1.0484510000e+01
       276      0.0005960464      1.0817930000e+01
       277      0.0006198883      1.0664485000e+01
       278      0.0006437302      1.0719885000e+01
       279      0.0006675720      1.0584100000e+01
       280      0.0006914139      1.0237440000e+01
       281      0.0007152557      1.0643310000e+01
       282      0.0007390976      1.0204050000e+01
       283      0.0007629395      1.0485180000e+01
       284      0.0007867813      1.0458945000e+01
       285      0.0008106232      1.0345260000e+01
       286      0.0008344650      1.0376110000e+01
       287      0.0008583069      9.9087850000e+00
       288      0.0008821487      1.0176185000e+01
       289      0.0009059906      9.9500400000e+00
       290      0.0009298325      1.0159565000e+01
       291      0.0009536743      1.0112085000e+01
       292      0.0009775162      1.0068770000e+01
       293      0.0010013580      9.8855600000e+00
       294      0.0010251999      1.0094025000e+01
       295      0.0010490417      9.8864450000e+00
       296      0.0010728836      9.9546650000e+00
       297      0.0010967255      9.8235950000e+00
       298      0.0011205673      9.9530700000e+00
       299      0.0011444092      9.7947300000e+00
       300      0.0011682510      9.7662600000e+00
       301      0.0011920929      9.7266550000e+00
       302      0.0012159348      9.7866850000e+00
       303      0.0012397766      9.5377500000e+00
       304      0.0012636185      9.6042650000e+00
       305      0.0012874603      9.7667700000e+00
       306      0.0013113022      9.7544050000e+00
       307      0.0013351440      9.7676950000e+00
       308      0.0013589859      9.8003700000e+00
       309      0.0013828278      9.6594850000e+00
       310      0.0014066696      9.7821850000e+00
       311      0.0014305115      9.7513900000e+00
       312      0.0014543533      9.4119500000e+00
       313      0.0014781952      9.9235550000e+00
       314      0.0015020370      9.6097650000e+00
       315      0.0015258789      9.5677000000e+00
       316      0.0015497208      9.3486250000e+00
       317      0.0015735626      9.4342850000e+00
       318      0.0015974045      9.4738650000e+00
       319      0.0016212463      9.4806450000e+00
       320      0.0016450882      9.2454600000e+00
       321      0.0016689301      9.4400900000e+00
       322      0.0016927719      9.4692050000e+00
       323      0.0017166138      9.5063100000e+00
       324      0.0017404556      9.0652300000e+00
       325      0.0017642975      9.2783750000e+00
       326      0.0017881393      9.2862050000e+00
       327      0.0018119812      9.2334000000e+00
       328      0.0018358231      9.3192200000e+00
       329      0.0018596649      9.3713550000e+00
       330      0.0018835068      9.2018050000e+00
       331      0.0019073486      9.1679450000e+00
       332      0.0019311905      9.2014950000e+00
       333      0.0019550323      9.3727500000e+00
       334      0.0019788742      9.2302600000e+00
       335      0.0020027161      9.0694000000e+00
       336      0.0020265579      8.8602750000e+00
       337      0.0020503998      8.9891250000e+00
       338      0.0020742416      9.1016550000e+00
       339      0.0020980835      8.8988400000e+00
       340      0.0021219254      8.9499850000e+00
       341      0.0021457672      9.1182200000e+00
       342      0.0021696091      8.9292150000e+00
       343      0.0021934509      9.0346750000e+00
       344      0.0022172928      8.9149350000e+00
       345      0.0022411346      9.0765450000e+00
       346      0.0022649765      8.9613850000e+00
       347      0.0022888184      8.7873650000e+00
       348      0.0023126602      8.9031000000e+00
       349      0.0023365021      8.7784400000e+00
       350      0.0023603439      8.5976850000e+00
       351      0.0023841858      8.8053600000e+00
       352      0.0024080276      8.6995050000e+00
       353      0.0024318695      8.6853850000e+00
       354      0.0024557114      8.9689500000e+00
       355      0.0024795532      8.7276050000e+00
       356      0.0025033951      8.7075800000e+00
       357      0.0025272369      8.6660700000e+00
       358      0.0025510788      8.5727400000e+00
       359      0.0025749207      8.6302800000e+00
       360      0.0025987625      8.6756350000e+00
       361      0.0026226044      8.6623350000e+00
       362      0.0026464462      8.7132750000e+00
       363      0.0026702881      8.5688950000e+00
       364      0.0026941299      8.5191550000e+00
       365      0.0027179718      8.6491350000e+00
       366      0.0027418137      8.6171950000e+00
       367      0.0027656555      8.5384500000e+00
       368      0.0027894974      8.4303750000e+00
       369      0.0028133392      8.5105550000e+00
       370      0.0028371811      8.3238800000e+00
       371      0.0028610229      8.5085150000e+00
       372      0.0028848648      8.4473850000e+00
       373      0.0029087067      8.3207700000e+00
       374      0.0029325485      8.3780850000e+00
       375      0.0029563904      8.4997650000e+00
       376      0.0029802322      8.4826900000e+00
       377      0.0030040741      8.2429950000e+00
       378      0.0030279160      8.4569250000e+00
       379      0.0030517578      8.2616150000e+00
       380      0.0030755997      8.3828350000e+00
       381      0.0030994415      8.2740950000e+00
       382      0.0031232834      8.2319150000e+00
       383      0.0031471252      8.3902350000e+00
       384      0.0031709671      8.2262450000e+00
       385      0.0031948090      8.3178150000e+00
       386      0.0032186508      8.1593950000e+00
       387      0.0032424927      8.2414750000e+00
       388      0.0032663345      8.0228400000e+00
       389      0.0032901764      8.2172050000e+00
       390      0.0033140182      8.1420650000e+00
       391      0.0033378601      7.9818900000e+00
       392      0.0033617020      8.2501850000e+00
       393      0.0033855438      7.9646500000e+00
       394      0.0034093857      8.1326750000e+00
       395      0.0034332275      8.0522750000e+00
       396      0.0034570694      8.3266500000e+00
       397      0.0034809113      7.8947950000e+00
       398      0.0035047531      8.0081050000e+00
       399      0.0035285950      7.8967400000e+00
       400      0.0035524368      8.0550150000e+00
       401      0.0035762787      7.8712950000e+00
       402      0.0036001205      7.9117400000e+00
       403      0.0036239624      7.9660900000e+00
       404      0.0036478043      8.0741700000e+00
       405      0.0036716461      7.9304200000e+00
       406      0.0036954880      8.0934050000e+00
       407      0.0037193298      7.7909900000e+00
       408      0.0037431717      7.9744400000e+00
       409      0.0037670135      7.9691200000e+00
       410      0.0037908554      7.6950000000e+00
       411      0.0038146973      7.9176300000e+00
       412      0.0038385391      7.7891550000e+00
       413      0.0038623810      7.7588050000e+00
       414      0.0038862228      7.8122250000e+00
       415      0.0039100647      7.7838650000e+00
       416      0.0039339066      7.6929650000e+00
       417      0.0039577484      7.5330850000e+00
       418      0.0039815903      7.6474200000e+00
       419      0.0040054321      7.7533700000e+00
       420      0.0040292740      7.6466200000e+00
       421      0.0040531158      7.6252750000e+00
       422      0.0040769577      7.5836050000e+00
       423      0.0041007996      7.6935400000e+00
       424      0.0041246414      7.5453800000e+00
       425      0.0041484833      7.6861600000e+00
       426      0.0041723251      7.6638600000e+00
       427      0.0041961670      7.6581750000e+00
       428      0.0042200089      7.5977450000e+00
       429      0.0042438507      7.4695150000e+00
       430      0.0042676926      7.4593150000e+00
       431      0.0042915344      7.5889450000e+00
       432      0.0043153763      7.6034750000e+00
       433      0.0043392181      7.4004850000e+00
       434      0.0043630600      7.4383950000e+00
       435      0.0043869019      7.4560550000e+00
       436      0.0044107437      7.4875250000e+00
       437      0.0044345856      7.4893150000e+00
       438      0.0044584274      7.3706650000e+00
       439      0.0044822693      7.3442950000e+00
       440      0.0045061111      7.5421350000e+00
       441      0.0045299530      7.3395950000e+00
       442      0.0045537949      7.3968200000e+00
       443      0.0045776367      7.1902200000e+00
       444      0.0046014786      7.3291150000e+00
       445      0.0046253204      7.3024450000e+00
       446      0.0046491623      7.4264550000e+00
       447      0.0046730042      7.2732250000e+00
       448      0.0046968460      7.2742250000e+00
       449      0.0047206879      7.2188950000e+00
       450      0.0047445297      7.2412250000e+00
       451      0.0047683716      7.1826000000e+00
       452      0.0047922134      7.2583550000e+00
       453      0.0048160553      7.0184600000e+00
       454      0.0048398972      7.2791200000e+00
       455      0.0048637390      7.0502750000e+00
       456      0.0048875809      7.1476500000e+00
       457      0.0049114227      7.2895850000e+00
       458      0.0049352646      7.2145850000e+00
       459      0.0049591064      7.2189000000e+00
       460      0.0049829483      7.1939750000e+00
       461      0.0050067902      7.0068400000e+00
       462      0.0050306320      7.0095800000e+00
       463      0.0050544739      7.2560100000e+00
       464      0.0050783157      6.9288850000e+00
       465      0.0051021576      7.1887200000e+00
       466      0.0051259995      7.0644400000e+00
       467      0.0051498413      7.0016200000e+00
       468      0.0051736832      6.9917700000e+00
       469      0.0051975250      6.9026500000e+00
       470      0.0052213669      7.1116750000e+00
       471      0.0052452087      7.0135400000e+00
       472      0.0052690506      6.9040650000e+00
       473      0.0052928925      6.9686150000e+00
       474      0.0053167343      6.9261300000e+00
       475      0.0053405762      6.9949300000e+00
       476      0.0053644180      7.0184950000e+00
       477      0.0053882599      6.9267350000e+00
       478      0.0054121017      6.8922800000e+00
       479      0.0054359436      6.8372450000e+00
       480      0.0054597855      6.9607600000e+00
       481      0.0054836273      6.9224550000e+00
       482      0.0055074692      6.8525200000e+00
       483      0.0055313110      6.8146550000e+00
       484      0.0055551529      6.9304100000e+00
       485      0.0055789948      6.7192950000e+00
       486      0.0056028366      6.6301650000e+00
       487      0.0056266785      6.7786150000e+00
       488      0.0056505203      6.7698200000e+00
       489      0.0056743622      6.6646050000e+00
       490      0.0056982040      6.5772550000e+00
       491      0.0057220459      6.7806600000e+00
       492      0.0057458878      6.5951800000e+00
       493      0.0057697296      6.6251150000e+00
       494      0.0057935715      6.5472250000e+00
       495      0.0058174133      6.6379500000e+00
       496      0.0058412552      6.4579650000e+00
       497      0.0058650970      6.5994200000e+00
       498      0.0058889389      6.6425600000e+00
       499      0.0059127808      6.6187450000e+00
       500      0.0059366226      6.5552550000e+00
       501      0.0059604645      6.4885350000e+00
