       582         35776        1.00000000e-02    6.5104166670e-09
       583         36288        0.00000000e+00    0.0000000000e+00
       584         36800        0.00000000e+00    0.0000000000e+00
       585         37312        0.00000000e+00    0.0000000000e+00
       586         37824        1.00000000e-02    6.5104166670e-09
       587         38336        1.00000000e-02    6.5104166670e-09
       588         38848        0.00000000e+00    0.0000000000e+00
       589         39360        0.00000000e+00    0.0000000000e+00
       590         39872        0.00000000e+00    0.0000000000e+00
       591         40384        0.00000000e+00    0.0000000000e+00
       592         40896        0.00000000e+00    0.0000000000e+00
       593         41408        1.00000000e-02    6.5104166670e-09
       594         41920        4.00000000e-02    2.6041666664e-08
       595         42432        0.00000000e+00    0.0000000000e+00
       596         42944        1.00000000e-02    6.5104166670e-09
       597         43456        1.00000000e-02    6.5104166670e-09
       598         43968        0.00000000e+00    0.0000000000e+00
       599         44480        3.00000000e-02    1.9531250001e-08
       600         44992        1.00000000e-02    6.5104166670e-09
       601         45504        0.00000000e+00    0.0000000000e+00
       602         46016        5.00000000e-02    3.2552083335e-08
       603         46528        1.00000000e-02    6.5104166670e-09
       604         47040        1.00000000e-02    6.5104166670e-09
       605         47552        5.00000000e-02    3.2552083335e-08
       606         48064        2.00000000e-02    1.3020833334e-08
       607         48576        4.00000000e-02    2.6041666668e-08
       608         49088        4.00000000e-02    2.6041666668e-08
       609         49600        3.00000000e-02    1.9531250001e-08
       610         50112        5.00000000e-02    3.2552083335e-08
       611         50624        4.00000000e-02    2.6041666668e-08
       612         51136        3.00000000e-02    1.9531250001e-08
       613         51648        3.00000000e-02    1.9531250001e-08
       614         52160        4.00000000e-02    2.6041666668e-08
       615         52672        7.00000000e-02    4.5572916669e-08
       616         53184        3.00000000e-02    1.9531250001e-08
       617         53696        6.00000000e-02    3.9062500002e-08
       618         54208        7.00000000e-02    4.5572916665e-08
       619         54720        9.00000000e-02    5.8593749999e-08
       620         55232        6.00000000e-02    3.9062500002e-08
       621         55744        7.00000000e-02    4.5572916669e-08
       622         56256        9.00000000e-02    5.8593750003e-08
       623         56768        1.00000000e-01    6.5104166666e-08
       624         57280        4.00000000e-02    2.6041666668e-08
       625         57792        5.00000000e-02    3.2552083335e-08
       626         58304        1.10000000e-01    7.1614583337e-08
       627         58816        1.30000000e-01    8.4635416663e-08
       628         59328        1.60000000e-01    1.0416666666e-07
       629         59840        1.60000000e-01    1.0416666667e-07
       630         60352        1.20000000e-01    7.8124999996e-08
       631         60864        1.90000000e-01    1.2369791666e-07
       632         61376        1.80000000e-01    1.1718750000e-07
       633         61888        1.40000000e-01    9.1145833330e-08
       634         62400        1.50000000e-01    9.7656250005e-08
       635         62912        2.10000000e-01    1.3671875000e-07
       636         63424        1.60000000e-01    1.0416666667e-07
       637         63936        1.10000000e-01    7.1614583333e-08
       638         64448        1.60000000e-01    1.0416666666e-07
       639         64960        2.60000000e-01    1.6927083333e-07
       640         65472        2.90000000e-01    1.8880208332e-07
       641         66496        3.20000000e-01    1.0416666666e-07
       642         67520        4.80000000e-01    1.5624999999e-07
       643         68544        5.90000000e-01    1.9205729166e-07
       644         69568        4.20000000e-01    1.3671874999e-07
       645         70592        5.80000000e-01    1.8880208332e-07
       646         71616        5.60000000e-01    1.8229166666e-07
       647         72640        6.90000000e-01    2.2460937499e-07
       648         73664        5.90000000e-01    1.9205729166e-07
       649         74688        6.80000000e-01    2.2135416666e-07
       650         75712        8.00000000e-01    2.6041666666e-07
       651         76736        8.30000000e-01    2.7018229165e-07
       652         77760        7.90000000e-01    2.5716145832e-07
       653         78784        1.21000000e+00    3.9388020832e-07
       654         79808        9.60000000e-01    3.1249999999e-07
       655         80832        1.03000000e+00    3.3528645832e-07
       656         81856        9.40000000e-01    3.0598958333e-07
       657         82880        1.05000000e+00    3.4179687499e-07
       658         83904        1.21000000e+00    3.9388020831e-07
       659         84928        1.37000000e+00    4.4596354166e-07
       660         85952        1.23000000e+00    4.0039062499e-07
       661         86976        1.34000000e+00    4.3619791666e-07
       662         88000        1.35000000e+00    4.3945312498e-07
       663         89024        1.30000000e+00    4.2317708333e-07
       664         90048        1.55000000e+00    5.0455729166e-07
       665         91072        1.39000000e+00    4.5247395833e-07
       666         92096        1.50000000e+00    4.8828124999e-07
       667         93120        1.76000000e+00    5.7291666665e-07
       668         94144        1.65000000e+00    5.3710937499e-07
       669         95168        1.66000000e+00    5.4036458332e-07
       670         96192        1.79000000e+00    5.8268229164e-07
       671         97216        1.68000000e+00    5.4687500000e-07
       672         98240        1.82000000e+00    5.9244791664e-07
       673         99264        1.89000000e+00    6.1523437499e-07
       674        100288        1.81000000e+00    5.8919270832e-07
       675        101312        1.82000000e+00    5.9244791664e-07
       676        102336        1.63000000e+00    5.3059895832e-07
       677        103360        2.02000000e+00    6.5755208331e-07
       678        104384        2.00000000e+00    6.5104166664e-07
       679        105408        2.05000000e+00    6.6731770832e-07
       680        106432        2.12000000e+00    6.9010416665e-07
       681        107456        2.24000000e+00    7.2916666667e-07
       682        108480        1.92000000e+00    6.2499999998e-07
       683        109504        2.13000000e+00    6.9335937499e-07
       684        110528        2.09000000e+00    6.8033854166e-07
       685        111552        2.38000000e+00    7.7473958331e-07
       686        112576        2.36000000e+00    7.6822916665e-07
       687        113600        2.14000000e+00    6.9661458332e-07
       688        114624        2.43000000e+00    7.9101562498e-07
       689        115648        2.63000000e+00    8.5611979164e-07
       690        116672        2.28000000e+00    7.4218749995e-07
       691        117696        2.36000000e+00    7.6822916662e-07
       692        118720        2.51000000e+00    8.1705729165e-07
       693        119744        2.28000000e+00    7.4218749998e-07
       694        120768        2.60000000e+00    8.4635416667e-07
       695        121792        2.49000000e+00    8.1054687498e-07
       696        122816        2.32000000e+00    7.5520833332e-07
       697        123840        2.31000000e+00    7.5195312499e-07
       698        124864        2.54000000e+00    8.2682291661e-07
       699        125888        2.41000000e+00    7.8450520831e-07
       700        126912        2.56000000e+00    8.3333333332e-07
       701        127936        2.81000000e+00    9.1471354165e-07
       702        128960        2.78000000e+00    9.0494791663e-07
       703        129984        2.82000000e+00    9.1796874997e-07
       704        131008        2.80000000e+00    9.1145833328e-07
       705        133056        5.02000000e+00    8.1705729167e-07
       706        135104        5.55000000e+00    9.0332031251e-07
       707        137152        5.39000000e+00    8.7727864585e-07
       708        139200        5.20000000e+00    8.4635416667e-07
       709        141248        5.59000000e+00    9.0983072919e-07
       710        143296        5.41000000e+00    8.8053385420e-07
       711        145344        5.58000000e+00    9.0820312503e-07
       712        147392        5.78000000e+00    9.4075520835e-07
       713        149440        5.66000000e+00    9.2122395836e-07
       714        151488        5.80000000e+00    9.4401041666e-07
       715        153536        5.80000000e+00    9.4401041670e-07
       716        155584        5.47000000e+00    8.9029947917e-07
       717        157632        4.95000000e+00    8.0566406252e-07
       718        159680        5.34000000e+00    8.6914062502e-07
       719        161728        5.50000000e+00    8.9518229167e-07
       720        163776        5.20000000e+00    8.4635416668e-07
       721        165824        5.49000000e+00    8.9355468749e-07
       722        167872        5.52000000e+00    8.9843750003e-07
       723        169920        5.24000000e+00    8.5286458337e-07
       724        171968        5.65000000e+00    9.1959635415e-07
       725        174016        5.51000000e+00    8.9680989586e-07
       726        176064        5.11000000e+00    8.3170572917e-07
       727        178112        5.40000000e+00    8.7890625003e-07
       728        180160        5.31000000e+00    8.6425781251e-07
       729        182208        5.52000000e+00    8.9843750000e-07
       730        184256        5.63000000e+00    9.1634114586e-07
       731        186304        5.30000000e+00    8.6263020836e-07
       732        188352        5.16000000e+00    8.3984375002e-07
       733        190400        5.68000000e+00    9.2447916670e-07
       734        192448        5.68000000e+00    9.2447916667e-07
       735        194496        5.07000000e+00    8.2519531252e-07
       736        196544        5.56000000e+00    9.0494791668e-07
       737        198592        4.89000000e+00    7.9589843753e-07
       738        200640        5.64000000e+00    9.1796874996e-07
       739        202688        5.55000000e+00    9.0332031251e-07
       740        204736        5.21000000e+00    8.4798177084e-07
       741        206784        5.30000000e+00    8.6263020837e-07
       742        208832        5.61000000e+00    9.1308593753e-07
       743        210880        5.55000000e+00    9.0332031256e-07
       744        212928        5.67000000e+00    9.2285156250e-07
       745        214976        5.18000000e+00    8.4309895834e-07
       746        217024        5.49000000e+00    8.9355468753e-07
       747        219072        5.61000000e+00    9.1308593749e-07
       748        221120        5.34000000e+00    8.6914062503e-07
       749        223168        5.66000000e+00    9.2122395833e-07
       750        225216        4.85000000e+00    7.8938802086e-07
       751        227264        5.49000000e+00    8.9355468752e-07
       752        229312        5.54000000e+00    9.0169270834e-07
       753        231360        5.86000000e+00    9.5377604169e-07
       754        233408        5.68000000e+00    9.2447916669e-07
       755        235456        5.99000000e+00    9.7493489587e-07
       756        237504        6.03000000e+00    9.8144531249e-07
       757        239552        5.79000000e+00    9.4238281251e-07
       758        241600        5.51000000e+00    8.9680989585e-07
       759        243648        6.26000000e+00    1.0188802084e-06
       760        245696        5.78000000e+00    9.4075520836e-07
       761        247744        6.09000000e+00    9.9121093750e-07
       762        249792        6.12000000e+00    9.9609375002e-07
       763        251840        6.10000000e+00    9.9283854166e-07
       764        253888        6.07000000e+00    9.8795572919e-07
       765        255936        5.89000000e+00    9.5865885419e-07
       766        257984        6.49000000e+00    1.0563151041e-06
       767        260032        6.14000000e+00    9.9934895836e-07
       768        262080        6.38000000e+00    1.0384114584e-06
       769        266176        1.32500000e+01    1.0782877604e-06
       770        270272        1.34700000e+01    1.0961914062e-06
       771        274368        1.35400000e+01    1.1018880208e-06
       772        278464        1.42600000e+01    1.1604817709e-06
       773        282560        1.40300000e+01    1.1417643229e-06
       774        286656        1.40900000e+01    1.1466471354e-06
       775        290752        1.53700000e+01    1.2508138021e-06
       776        294848        1.62100000e+01    1.3191731770e-06
       777        298944        1.56300000e+01    1.2719726563e-06
       778        303040        1.64900000e+01    1.3419596354e-06
       779        307136        1.72600000e+01    1.4046223958e-06
       780        311232        1.76100000e+01    1.4331054688e-06
       781        315328        1.71000000e+01    1.3916015625e-06
       782        319424        1.85400000e+01    1.5087890625e-06
       783        323520        1.91400000e+01    1.5576171875e-06
       784        327616        2.10000000e+01    1.7089843750e-06
       785        331712        2.03300000e+01    1.6544596354e-06
       786        335808        2.03900000e+01    1.6593424479e-06
       787        339904        2.24600000e+01    1.8277994791e-06
       788        344000        2.19900000e+01    1.7895507812e-06
       789        348096        2.37200000e+01    1.9303385417e-06
       790        352192        2.38200000e+01    1.9384765625e-06
       791        356288        2.55200000e+01    2.0768229166e-06
       792        360384        2.68800000e+01    2.1875000000e-06
       793        364480        2.73600000e+01    2.2265625000e-06
       794        368576        2.67700000e+01    2.1785481770e-06
       795        372672        2.89100000e+01    2.3527018229e-06
       796        376768        2.93200000e+01    2.3860677084e-06
       797        380864        3.20600000e+01    2.6090494792e-06
       798        384960        3.15000000e+01    2.5634765625e-06
       799        389056        3.23200000e+01    2.6302083333e-06
       800        393152        3.46300000e+01    2.8181966145e-06
       801        397248        3.61100000e+01    2.9386393229e-06
       802        401344        3.61000000e+01    2.9378255209e-06
       803        405440        3.76400000e+01    3.0631510417e-06
       804        409536        3.93000000e+01    3.1982421875e-06
       805        413632        4.07300000e+01    3.3146158854e-06
       806        417728        4.11000000e+01    3.3447265624e-06
       807        421824        4.25300000e+01    3.4611002605e-06
       808        425920        4.28700000e+01    3.4887695312e-06
       809        430016        4.65200000e+01    3.7858072917e-06
       810        434112        4.75900000e+01    3.8728841146e-06
       811        438208        4.85500000e+01    3.9510091146e-06
       812        442304        4.95600000e+01    4.0332031250e-06
       813        446400        5.16600000e+01    4.2041015625e-06
       814        450496        5.10900000e+01    4.1577148437e-06
       815        454592        5.20200000e+01    4.2333984375e-06
       816        458688        5.36500000e+01    4.3660481770e-06
       817        462784        5.50400000e+01    4.4791666667e-06
       818        466880        5.52300000e+01    4.4946289062e-06
       819        470976        5.64300000e+01    4.5922851562e-06
       820        475072        5.81300000e+01    4.7306315104e-06
       821        479168        5.70400000e+01    4.6419270833e-06
       822        483264        5.74900000e+01    4.6785481771e-06
       823        487360        5.73000000e+01    4.6630859375e-06
       824        491456        5.84200000e+01    4.7542317709e-06
       825        495552        5.69000000e+01    4.6305338541e-06
       826        499648        5.49300000e+01    4.4702148437e-06
       827        503744        5.47500000e+01    4.4555664062e-06
       828        507840        5.21100000e+01    4.2407226562e-06
       829        511936        4.97800000e+01    4.0511067709e-06
       830        516032        4.73500000e+01    3.8533528646e-06
       831        520128        4.54700000e+01    3.7003580729e-06
       832        524224        4.30500000e+01    3.5034179688e-06
       833        532416        7.47600000e+01    3.0419921874e-06
       834        540608        6.16700000e+01    2.5093587239e-06
       835        548800        4.82000000e+01    1.9612630207e-06
       836        556992        3.38900000e+01    1.3789876301e-06
       837        565184        2.25900000e+01    9.1918945307e-07
       838        573376        1.41100000e+01    5.7413736979e-07
       839        581568        7.30000000e+00    2.9703776042e-07
       840        589760        3.98000000e+00    1.6194661459e-07
       841        597952        1.94000000e+00    7.8938802086e-08
       842        606144        6.20000000e-01    2.5227864584e-08
       843        614336        1.40000000e-01    5.6966145836e-09
       844        622528        6.00000000e-02    2.4414062502e-09
       845        630720        0.00000000e+00    0.0000000000e+00
       846        638912        1.00000000e-02    4.0690104170e-10
