        65            66        1.00000000e-02    4.8828125000e-08
        66            68        1.00000000e-02    4.8828125000e-08
        67            70        0.00000000e+00    0.0000000000e+00
        68            72        0.00000000e+00    0.0000000000e+00
        69            74        1.00000000e-02    4.8828125000e-08
        70            76        3.00000000e-02    1.4648437500e-07
        71            78        0.00000000e+00    0.0000000000e+00
        72            80        0.00000000e+00    0.0000000000e+00
        73            82        1.00000000e-02    4.8828125000e-08
        74            84        0.00000000e+00    0.0000000000e+00
        75            86        2.00000000e-02    9.7656250000e-08
        76            88        4.00000000e-02    1.9531250000e-07
        77            90        3.00000000e-02    1.4648437500e-07
        78            92        2.00000000e-02    9.7656250000e-08
        79            94        6.00000000e-02    2.9296875000e-07
        80            96        6.00000000e-02    2.9296875000e-07
        81            98        8.00000000e-02    3.9062500000e-07
        82           100        1.00000000e-01    4.8828125000e-07
        83           102        1.20000000e-01    5.8593750000e-07
        84           104        1.30000000e-01    6.3476562500e-07
        85           106        1.80000000e-01    8.7890625000e-07
        86           108        1.40000000e-01    6.8359375000e-07
        87           110        1.90000000e-01    9.2773437500e-07
        88           112        1.80000000e-01    8.7890625000e-07
        89           114        1.50000000e-01    7.3242187500e-07
        90           116        2.20000000e-01    1.0742187500e-06
        91           118        2.80000000e-01    1.3671875000e-06
        92           120        3.00000000e-01    1.4648437500e-06
        93           122        3.10000000e-01    1.5136718750e-06
        94           124        2.90000000e-01    1.4160156250e-06
        95           126        3.90000000e-01    1.9042968750e-06
        96           128        4.10000000e-01    2.0019531250e-06
        97           130        5.50000000e-01    2.6855468750e-06
        98           132        5.70000000e-01    2.7832031250e-06
        99           134        5.20000000e-01    2.5390625000e-06
       100           136        7.50000000e-01    3.6621093750e-06
       101           138        7.30000000e-01    3.5644531250e-06
       102           140        6.30000000e-01    3.0761718750e-06
       103           142        9.40000000e-01    4.5898437500e-06
       104           144        1.00000000e+00    4.8828125000e-06
       105           146        9.70000000e-01    4.7363281250e-06
       106           148        9.20000000e-01    4.4921875000e-06
       107           150        1.17000000e+00    5.7128906250e-06
       108           152        1.13000000e+00    5.5175781250e-06
       109           154        1.24000000e+00    6.0546875000e-06
       110           156        1.37000000e+00    6.6894531250e-06
       111           158        1.44000000e+00    7.0312500000e-06
       112           160        1.52000000e+00    7.4218750000e-06
       113           162        1.37000000e+00    6.6894531250e-06
       114           164        1.76000000e+00    8.5937500000e-06
       115           166        1.97000000e+00    9.6191406250e-06
       116           168        1.96000000e+00    9.5703125000e-06
       117           170        1.85000000e+00    9.0332031250e-06
       118           172        2.39000000e+00    1.1669921875e-05
       119           174        1.90000000e+00    9.2773437500e-06
       120           176        2.40000000e+00    1.1718750000e-05
       121           178        2.70000000e+00    1.3183593750e-05
       122           180        2.30000000e+00    1.1230468750e-05
       123           182        2.87000000e+00    1.4013671875e-05
       124           184        2.81000000e+00    1.3720703125e-05
       125           186        2.88000000e+00    1.4062500000e-05
       126           188        3.22000000e+00    1.5722656250e-05
       127           190        3.21000000e+00    1.5673828125e-05
       128           192        3.30000000e+00    1.6113281250e-05
       129           196        8.01000000e+00    1.9555664063e-05
       130           200        7.78000000e+00    1.8994140625e-05
       131           204        8.39000000e+00    2.0483398437e-05
       132           208        9.26000000e+00    2.2607421875e-05
       133           212        1.00400000e+01    2.4511718750e-05
       134           216        1.03600000e+01    2.5292968750e-05
       135           220        1.11800000e+01    2.7294921875e-05
       136           224        1.20000000e+01    2.9296875000e-05
       137           228        1.23300000e+01    3.0102539062e-05
       138           232        1.32000000e+01    3.2226562500e-05
       139           236        1.41100000e+01    3.4448242188e-05
       140           240        1.46500000e+01    3.5766601563e-05
       141           244        1.55100000e+01    3.7866210937e-05
       142           248        1.64800000e+01    4.0234375000e-05
       143           252        1.86300000e+01    4.5483398438e-05
       144           256        1.85500000e+01    4.5288085938e-05
       145           260        1.85600000e+01    4.5312500000e-05
       146           264        2.01300000e+01    4.9145507813e-05
       147           268        2.09400000e+01    5.1123046875e-05
       148           272        2.14300000e+01    5.2319335938e-05
       149           276        2.15700000e+01    5.2661132812e-05
       150           280        2.41800000e+01    5.9033203125e-05
       151           284        2.50400000e+01    6.1132812500e-05
       152           288        2.46300000e+01    6.0131835937e-05
       153           292        2.61100000e+01    6.3745117188e-05
       154           296        2.76900000e+01    6.7602539063e-05
       155           300        2.84800000e+01    6.9531250000e-05
       156           304        2.97300000e+01    7.2583007814e-05
       157           308        3.03900000e+01    7.4194335938e-05
       158           312        2.99000000e+01    7.2998046876e-05
       159           316        3.10400000e+01    7.5781250001e-05
       160           320        3.27800000e+01    8.0029296875e-05
       161           324        3.41300000e+01    8.3325195315e-05
       162           328        3.50100000e+01    8.5473632814e-05
       163           332        3.58200000e+01    8.7451171878e-05
       164           336        3.73400000e+01    9.1162109376e-05
       165           340        3.73100000e+01    9.1088867193e-05
       166           344        3.88200000e+01    9.4775390628e-05
       167           348        3.92600000e+01    9.5849609380e-05
       168           352        3.86700000e+01    9.4409179697e-05
       169           356        4.11900000e+01    1.0056152344e-04
       170           360        4.23300000e+01    1.0334472657e-04
       171           364        4.35200000e+01    1.0625000000e-04
       172           368        4.28500000e+01    1.0461425782e-04
       173           372        4.49600000e+01    1.0976562501e-04
       174           376        4.47300000e+01    1.0920410157e-04
       175           380        4.57600000e+01    1.1171875001e-04
       176           384        4.68900000e+01    1.1447753907e-04
       177           388        4.74800000e+01    1.1591796876e-04
       178           392        4.84300000e+01    1.1823730470e-04
       179           396        4.81100000e+01    1.1745605470e-04
       180           400        4.97500000e+01    1.2145996094e-04
       181           404        5.08900000e+01    1.2424316407e-04
       182           408        5.03800000e+01    1.2299804689e-04
       183           412        5.23800000e+01    1.2788085938e-04
       184           416        5.24900000e+01    1.2814941407e-04
       185           420        5.41100000e+01    1.3210449220e-04
       186           424        5.53800000e+01    1.3520507814e-04
       187           428        5.48600000e+01    1.3393554688e-04
       188           432        5.62700000e+01    1.3737792970e-04
       189           436        5.80600000e+01    1.4174804688e-04
       190           440        5.76400000e+01    1.4072265626e-04
       191           444        5.80300000e+01    1.4167480470e-04
       192           448        5.77600000e+01    1.4101562500e-04
       193           456        1.18870000e+02    1.4510498047e-04
       194           464        1.20380000e+02    1.4694824219e-04
       195           472        1.22640000e+02    1.4970703126e-04
       196           480        1.24850000e+02    1.5240478516e-04
       197           488        1.29300000e+02    1.5783691406e-04
       198           496        1.29900000e+02    1.5856933594e-04
       199           504        1.33380000e+02    1.6281738281e-04
       200           512        1.32920000e+02    1.6225585938e-04
       201           520        1.34090000e+02    1.6368408203e-04
       202           528        1.36170000e+02    1.6622314453e-04
       203           536        1.38480000e+02    1.6904296875e-04
       204           544        1.41370000e+02    1.7257080079e-04
       205           552        1.40090000e+02    1.7100830078e-04
       206           560        1.41600000e+02    1.7285156251e-04
       207           568        1.41320000e+02    1.7250976563e-04
       208           576        1.44410000e+02    1.7628173828e-04
       209           584        1.44780000e+02    1.7673339844e-04
       210           592        1.44430000e+02    1.7630615235e-04
       211           600        1.43970000e+02    1.7574462891e-04
       212           608        1.44610000e+02    1.7652587891e-04
       213           616        1.46260000e+02    1.7854003907e-04
       214           624        1.49210000e+02    1.8214111328e-04
       215           632        1.47060000e+02    1.7951660157e-04
       216           640        1.48000000e+02    1.8066406250e-04
       217           648        1.49110000e+02    1.8201904297e-04
       218           656        1.48520000e+02    1.8129882813e-04
       219           664        1.46800000e+02    1.7919921876e-04
       220           672        1.49130000e+02    1.8204345703e-04
       221           680        1.49010000e+02    1.8189697266e-04
       222           688        1.47880000e+02    1.8051757813e-04
       223           696        1.48080000e+02    1.8076171876e-04
       224           704        1.47280000e+02    1.7978515626e-04
       225           712        1.47130000e+02    1.7960205079e-04
       226           720        1.46010000e+02    1.7823486328e-04
       227           728        1.45110000e+02    1.7713623048e-04
       228           736        1.45860000e+02    1.7805175781e-04
       229           744        1.44130000e+02    1.7593994142e-04
       230           752        1.46070000e+02    1.7830810548e-04
       231           760        1.45560000e+02    1.7768554688e-04
       232           768        1.43860000e+02    1.7561035156e-04
       233           776        1.46490000e+02    1.7882080079e-04
       234           784        1.42200000e+02    1.7358398438e-04
       235           792        1.43050000e+02    1.7462158204e-04
       236           800        1.43180000e+02    1.7478027344e-04
       237           808        1.40220000e+02    1.7116699219e-04
       238           816        1.43680000e+02    1.7539062500e-04
       239           824        1.41840000e+02    1.7314453125e-04
       240           832        1.37920000e+02    1.6835937500e-04
       241           840        1.38470000e+02    1.6903076172e-04
       242           848        1.37040000e+02    1.6728515626e-04
       243           856        1.37140000e+02    1.6740722657e-04
       244           864        1.37220000e+02    1.6750488282e-04
       245           872        1.32750000e+02    1.6204833985e-04
       246           880        1.32770000e+02    1.6207275391e-04
       247           888        1.32330000e+02    1.6153564454e-04
       248           896        1.32990000e+02    1.6234130860e-04
       249           904        1.32970000e+02    1.6231689454e-04
       250           912        1.28390000e+02    1.5672607422e-04
       251           920        1.29570000e+02    1.5816650391e-04
       252           928        1.28700000e+02    1.5710449219e-04
       253           936        1.27320000e+02    1.5541992188e-04
       254           944        1.28800000e+02    1.5722656250e-04
       255           952        1.26530000e+02    1.5445556641e-04
       256           960        1.27220000e+02    1.5529785157e-04
       257           976        2.51050000e+02    1.5322875977e-04
       258           992        2.47970000e+02    1.5134887696e-04
       259          1008        2.47320000e+02    1.5095214844e-04
       260          1024        2.45890000e+02    1.5007934571e-04
       261          1040        2.44060000e+02    1.4896240235e-04
       262          1056        2.42700000e+02    1.4813232423e-04
       263          1072        2.39170000e+02    1.4597778320e-04
       264          1088        2.39020000e+02    1.4588623046e-04
       265          1104        2.37550000e+02    1.4498901367e-04
       266          1120        2.40020000e+02    1.4649658204e-04
       267          1136        2.35210000e+02    1.4356079102e-04
       268          1152        2.34820000e+02    1.4332275391e-04
       269          1168        2.35560000e+02    1.4377441406e-04
       270          1184        2.36870000e+02    1.4457397461e-04
       271          1200        2.36850000e+02    1.4456176758e-04
       272          1216        2.37380000e+02    1.4488525391e-04
       273          1232        2.36680000e+02    1.4445800782e-04
       274          1248        2.39850000e+02    1.4639282227e-04
       275          1264        2.39910000e+02    1.4642944336e-04
       276          1280        2.43110000e+02    1.4838256836e-04
       277          1296        2.42440000e+02    1.4797363281e-04
       278          1312        2.48190000e+02    1.5148315430e-04
       279          1328        2.49390000e+02    1.5221557617e-04
       280          1344        2.51730000e+02    1.5364379883e-04
       281          1360        2.51220000e+02    1.5333251954e-04
       282          1376        2.54590000e+02    1.5538940430e-04
       283          1392        2.58410000e+02    1.5772094727e-04
       284          1408        2.62070000e+02    1.5995483399e-04
       285          1424        2.61250000e+02    1.5945434570e-04
       286          1440        2.68740000e+02    1.6402587891e-04
       287          1456        2.69760000e+02    1.6464843750e-04
       288          1472        2.69530000e+02    1.6450805665e-04
       289          1488        2.78170000e+02    1.6978149415e-04
       290          1504        2.81570000e+02    1.7185668945e-04
       291          1520        2.87800000e+02    1.7565917969e-04
       292          1536        2.84810000e+02    1.7383422852e-04
       293          1552        2.90490000e+02    1.7730102539e-04
       294          1568        2.96420000e+02    1.8092041016e-04
       295          1584        3.03030000e+02    1.8495483399e-04
       296          1600        3.06450000e+02    1.8704223633e-04
       297          1616        3.10750000e+02    1.8966674805e-04
       298          1632        3.18260000e+02    1.9425048829e-04
       299          1648        3.19740000e+02    1.9515380860e-04
       300          1664        3.25400000e+02    1.9860839844e-04
       301          1680        3.32880000e+02    2.0317382813e-04
       302          1696        3.35220000e+02    2.0460205078e-04
       303          1712        3.38920000e+02    2.0686035157e-04
       304          1728        3.45180000e+02    2.1068115234e-04
       305          1744        3.52470000e+02    2.1513061524e-04
       306          1760        3.57260000e+02    2.1805419922e-04
       307          1776        3.62820000e+02    2.2144775391e-04
       308          1792        3.69120000e+02    2.2529296875e-04
       309          1808        3.79360000e+02    2.3154296875e-04
       310          1824        3.80830000e+02    2.3244018555e-04
       311          1840        3.92230000e+02    2.3939819336e-04
       312          1856        3.95100000e+02    2.4114990235e-04
       313          1872        4.03580000e+02    2.4632568360e-04
       314          1888        4.13960000e+02    2.5266113282e-04
       315          1904        4.19720000e+02    2.5617675782e-04
       316          1920        4.29980000e+02    2.6243896485e-04
       317          1936        4.32670000e+02    2.6408081056e-04
       318          1952        4.41870000e+02    2.6969604493e-04
       319          1968        4.49190000e+02    2.7416381837e-04
       320          1984        4.55170000e+02    2.7781372071e-04
       321          2016        9.39580000e+02    2.8673706055e-04
       322          2048        9.79130000e+02    2.9880676269e-04
       323          2080        1.01316000e+03    3.0919189453e-04
       324          2112        1.04906000e+03    3.2014770508e-04
       325          2144        1.09148000e+03    3.3309326173e-04
       326          2176        1.12480000e+03    3.4326171875e-04
       327          2208        1.16151000e+03    3.5446472168e-04
       328          2240        1.20314000e+03    3.6716918945e-04
       329          2272        1.24388000e+03    3.7960205078e-04
       330          2304        1.28670000e+03    3.9266967773e-04
       331          2336        1.32076000e+03    4.0306396484e-04
       332          2368        1.35878000e+03    4.1466674804e-04
       333          2400        1.40323000e+03    4.2823181153e-04
       334          2432        1.43928000e+03    4.3923339845e-04
       335          2464        1.48058000e+03    4.5183715820e-04
       336          2496        1.52944000e+03    4.6674804688e-04
       337          2528        1.56046000e+03    4.7621459961e-04
       338          2560        1.60222000e+03    4.8895874023e-04
       339          2592        1.63480000e+03    4.9890136719e-04
       340          2624        1.67177000e+03    5.1018371581e-04
       341          2656        1.70567000e+03    5.2052917480e-04
       342          2688        1.73976000e+03    5.3093261718e-04
       343          2720        1.76738000e+03    5.3936157226e-04
       344          2752        1.79506000e+03    5.4780883789e-04
       345          2784        1.81655000e+03    5.5436706543e-04
       346          2816        1.83937000e+03    5.6133117675e-04
       347          2848        1.84945000e+03    5.6440734864e-04
       348          2880        1.86147000e+03    5.6807556152e-04
       349          2912        1.87135000e+03    5.7109069824e-04
       350          2944        1.87516000e+03    5.7225341797e-04
       351          2976        1.86239000e+03    5.6835632324e-04
       352          3008        1.85566000e+03    5.6630249023e-04
       353          3040        1.83321000e+03    5.5945129395e-04
       354          3072        1.80605000e+03    5.5116271973e-04
       355          3104        1.77930000e+03    5.4299926758e-04
       356          3136        1.74138000e+03    5.3142700195e-04
       357          3168        1.69239000e+03    5.1647644043e-04
       358          3200        1.63040000e+03    4.9755859375e-04
       359          3232        1.56133000e+03    4.7648010254e-04
       360          3264        1.48370000e+03    4.5278930664e-04
       361          3296        1.40219000e+03    4.2791442871e-04
       362          3328        1.30719000e+03    3.9892272950e-04
       363          3360        1.20833000e+03    3.6875305176e-04
       364          3392        1.10930000e+03    3.3853149414e-04
       365          3424        1.00479000e+03    3.0663757324e-04
       366          3456        8.88820000e+02    2.7124633789e-04
       367          3488        7.80500000e+02    2.3818969727e-04
       368          3520        6.69280000e+02    2.0424804688e-04
       369          3552        5.64210000e+02    1.7218322754e-04
       370          3584        4.63560000e+02    1.4146728516e-04
       371          3616        3.67910000e+02    1.1227722168e-04
       372          3648        2.76370000e+02    8.4341430665e-05
       373          3680        2.04090000e+02    6.2283325196e-05
       374          3712        1.40660000e+02    4.2926025391e-05
       375          3744        9.18400000e+01    2.8027343751e-05
       376          3776        5.45900000e+01    1.6659545898e-05
       377          3808        2.89800000e+01    8.8439941400e-06
       378          3840        1.33300000e+01    4.0679931641e-06
       379          3872        4.78000000e+00    1.4587402343e-06
       380          3904        1.33000000e+00    4.0588378907e-07
       381          3936        2.10000000e-01    6.4086914072e-08
