       174           376        1.00000000e-02    2.4414062500e-08
       175           380        0.00000000e+00    0.0000000000e+00
       176           384        0.00000000e+00    0.0000000000e+00
       177           388        0.00000000e+00    0.0000000000e+00
       178           392        0.00000000e+00    0.0000000000e+00
       179           396        0.00000000e+00    0.0000000000e+00
       180           400        0.00000000e+00    0.0000000000e+00
       181           404        0.00000000e+00    0.0000000000e+00
       182           408        0.00000000e+00    0.0000000000e+00
       183           412        0.00000000e+00    0.0000000000e+00
       184           416        0.00000000e+00    0.0000000000e+00
       185           420        1.00000000e-02    2.4414062500e-08
       186           424        0.00000000e+00    0.0000000000e+00
       187           428        0.00000000e+00    0.0000000000e+00
       188           432        0.00000000e+00    0.0000000000e+00
       189           436        0.00000000e+00    0.0000000000e+00
       190           440        0.00000000e+00    0.0000000000e+00
       191           444        0.00000000e+00    0.0000000000e+00
       192           448        0.00000000e+00    0.0000000000e+00
       193           456        1.00000000e-02    1.2207031250e-08
       194           464        0.00000000e+00    0.0000000000e+00
       195           472        1.00000000e-02    1.2207031250e-08
       196           480        0.00000000e+00    0.0000000000e+00
       197           488        3.00000000e-02    3.6621093750e-08
       198           496        3.00000000e-02    3.6621093750e-08
       199           504        3.00000000e-02    3.6621093750e-08
       200           512        4.00000000e-02    4.8828125000e-08
       201           520        3.00000000e-02    3.6621093750e-08
       202           528        0.00000000e+00    0.0000000000e+00
       203           536        3.00000000e-02    3.6621093750e-08
       204           544        1.00000000e-02    1.2207031250e-08
       205           552        3.00000000e-02    3.6621093750e-08
       206           560        2.00000000e-02    2.4414062500e-08
       207           568        4.00000000e-02    4.8828125000e-08
       208           576        8.00000000e-02    9.7656250000e-08
       209           584        4.00000000e-02    4.8828125000e-08
       210           592        7.00000000e-02    8.5449218750e-08
       211           600        6.00000000e-02    7.3242187500e-08
       212           608        1.10000000e-01    1.3427734375e-07
       213           616        1.10000000e-01    1.3427734375e-07
       214           624        1.10000000e-01    1.3427734375e-07
       215           632        1.40000000e-01    1.7089843750e-07
       216           640        1.00000000e-01    1.2207031250e-07
       217           648        1.40000000e-01    1.7089843750e-07
       218           656        2.20000000e-01    2.6855468750e-07
       219           664        1.70000000e-01    2.0751953125e-07
       220           672        2.00000000e-01    2.4414062500e-07
       221           680        2.50000000e-01    3.0517578125e-07
       222           688        1.90000000e-01    2.3193359375e-07
       223           696        2.90000000e-01    3.5400390625e-07
       224           704        3.70000000e-01    4.5166015625e-07
       225           712        4.50000000e-01    5.4931640625e-07
       226           720        3.40000000e-01    4.1503906250e-07
       227           728        3.50000000e-01    4.2724609375e-07
       228           736        3.60000000e-01    4.3945312500e-07
       229           744        6.10000000e-01    7.4462890625e-07
       230           752        4.30000000e-01    5.2490234375e-07
       231           760        3.80000000e-01    4.6386718750e-07
       232           768        5.40000000e-01    6.5917968750e-07
       233           776        6.80000000e-01    8.3007812500e-07
       234           784        6.10000000e-01    7.4462890625e-07
       235           792        6.50000000e-01    7.9345703125e-07
       236           800        6.80000000e-01    8.3007812500e-07
       237           808        7.90000000e-01    9.6435546875e-07
       238           816        7.00000000e-01    8.5449218750e-07
       239           824        9.00000000e-01    1.0986328125e-06
       240           832        1.04000000e+00    1.2695312500e-06
       241           840        8.90000000e-01    1.0864257813e-06
       242           848        9.40000000e-01    1.1474609375e-06
       243           856        9.50000000e-01    1.1596679688e-06
       244           864        1.09000000e+00    1.3305664063e-06
       245           872        1.37000000e+00    1.6723632813e-06
       246           880        1.25000000e+00    1.5258789063e-06
       247           888        1.33000000e+00    1.6235351563e-06
       248           896        1.23000000e+00    1.5014648438e-06
       249           904        1.67000000e+00    2.0385742188e-06
       250           912        1.52000000e+00    1.8554687500e-06
       251           920        1.39000000e+00    1.6967773438e-06
       252           928        1.59000000e+00    1.9409179688e-06
       253           936        1.97000000e+00    2.4047851563e-06
       254           944        2.01000000e+00    2.4536132813e-06
       255           952        1.95000000e+00    2.3803710938e-06
       256           960        2.00000000e+00    2.4414062500e-06
       257           976        4.59000000e+00    2.8015136719e-06
       258           992        4.61000000e+00    2.8137207031e-06
       259          1008        5.30000000e+00    3.2348632813e-06
       260          1024        4.99000000e+00    3.0456542969e-06
       261          1040        6.03000000e+00    3.6804199220e-06
       262          1056        6.83000000e+00    4.1687011719e-06
       263          1072        6.43000000e+00    3.9245605470e-06
       264          1088        7.49000000e+00    4.5715332032e-06
       265          1104        8.13000000e+00    4.9621582033e-06
       266          1120        8.40000000e+00    5.1269531250e-06
       267          1136        8.55000000e+00    5.2185058594e-06
       268          1152        9.44000000e+00    5.7617187500e-06
       269          1168        9.89000000e+00    6.0363769531e-06
       270          1184        1.07000000e+01    6.5307617187e-06
       271          1200        1.16700000e+01    7.1228027342e-06
       272          1216        1.21600000e+01    7.4218749999e-06
       273          1232        1.30300000e+01    7.9528808592e-06
       274          1248        1.28200000e+01    7.8247070310e-06
       275          1264        1.39500000e+01    8.5144042967e-06
       276          1280        1.43000000e+01    8.7280273438e-06
       277          1296        1.59600000e+01    9.7412109371e-06
       278          1312        1.62200000e+01    9.8999023437e-06
       279          1328        1.75500000e+01    1.0711669922e-05
       280          1344        1.74100000e+01    1.0626220702e-05
       281          1360        1.90900000e+01    1.1651611328e-05
       282          1376        1.93600000e+01    1.1816406250e-05
       283          1392        1.98800000e+01    1.2133789063e-05
       284          1408        2.02600000e+01    1.2365722657e-05
       285          1424        2.10400000e+01    1.2841796875e-05
       286          1440        2.26600000e+01    1.3830566406e-05
       287          1456        2.31500000e+01    1.4129638672e-05
       288          1472        2.28900000e+01    1.3970947266e-05
       289          1488        2.41600000e+01    1.4746093750e-05
       290          1504        2.65200000e+01    1.6186523438e-05
       291          1520        2.61600000e+01    1.5966796875e-05
       292          1536        2.68000000e+01    1.6357421876e-05
       293          1552        2.76700000e+01    1.6888427734e-05
       294          1568        2.81100000e+01    1.7156982422e-05
       295          1584        2.85400000e+01    1.7419433594e-05
       296          1600        2.94800000e+01    1.7993164063e-05
       297          1616        3.14600000e+01    1.9201660157e-05
       298          1632        3.17700000e+01    1.9390869141e-05
       299          1648        3.16900000e+01    1.9342041015e-05
       300          1664        3.34500000e+01    2.0416259766e-05
       301          1680        3.48300000e+01    2.1258544923e-05
       302          1696        3.60500000e+01    2.2003173828e-05
       303          1712        3.47700000e+01    2.1221923829e-05
       304          1728        3.61900000e+01    2.2088623047e-05
       305          1744        3.73100000e+01    2.2772216797e-05
       306          1760        3.88500000e+01    2.3712158204e-05
       307          1776        3.89800000e+01    2.3791503906e-05
       308          1792        3.97600000e+01    2.4267578125e-05
       309          1808        4.02400000e+01    2.4560546875e-05
       310          1824        4.01500000e+01    2.4505615234e-05
       311          1840        4.12000000e+01    2.5146484376e-05
       312          1856        4.22300000e+01    2.5775146485e-05
       313          1872        4.32900000e+01    2.6422119140e-05
       314          1888        4.34600000e+01    2.6525878907e-05
       315          1904        4.40300000e+01    2.6873779297e-05
       316          1920        4.53600000e+01    2.7685546875e-05
       317          1936        4.66700000e+01    2.8485107422e-05
       318          1952        4.64500000e+01    2.8350830078e-05
       319          1968        4.80500000e+01    2.9327392578e-05
       320          1984        4.62600000e+01    2.8234863281e-05
       321          2016        9.59000000e+01    2.9266357422e-05
       322          2048        1.01860000e+02    3.1085205078e-05
       323          2080        1.03510000e+02    3.1588745117e-05
       324          2112        1.05200000e+02    3.2104492187e-05
       325          2144        1.09700000e+02    3.3477783203e-05
       326          2176        1.10560000e+02    3.3740234375e-05
       327          2208        1.13510000e+02    3.4640502929e-05
       328          2240        1.14330000e+02    3.4890747071e-05
       329          2272        1.16320000e+02    3.5498046875e-05
       330          2304        1.18580000e+02    3.6187744141e-05
       331          2336        1.20020000e+02    3.6627197266e-05
       332          2368        1.21820000e+02    3.7176513672e-05
       333          2400        1.23700000e+02    3.7750244140e-05
       334          2432        1.26070000e+02    3.8473510742e-05
       335          2464        1.25500000e+02    3.8299560547e-05
       336          2496        1.26400000e+02    3.8574218751e-05
       337          2528        1.27100000e+02    3.8787841797e-05
       338          2560        1.31830000e+02    4.0231323242e-05
       339          2592        1.29360000e+02    3.9477539062e-05
       340          2624        1.31780000e+02    4.0216064453e-05
       341          2656        1.32240000e+02    4.0356445313e-05
       342          2688        1.31290000e+02    4.0066528320e-05
       343          2720        1.32570000e+02    4.0457153320e-05
       344          2752        1.34780000e+02    4.1131591797e-05
       345          2784        1.33350000e+02    4.0695190430e-05
       346          2816        1.33430000e+02    4.0719604493e-05
       347          2848        1.33860000e+02    4.0850830078e-05
       348          2880        1.34670000e+02    4.1098022461e-05
       349          2912        1.36670000e+02    4.1708374024e-05
       350          2944        1.35950000e+02    4.1488647461e-05
       351          2976        1.33980000e+02    4.0887451172e-05
       352          3008        1.34690000e+02    4.1104125977e-05
       353          3040        1.35790000e+02    4.1439819335e-05
       354          3072        1.34260000e+02    4.0972900391e-05
       355          3104        1.34990000e+02    4.1195678711e-05
       356          3136        1.33840000e+02    4.0844726563e-05
       357          3168        1.34900000e+02    4.1168212891e-05
       358          3200        1.35920000e+02    4.1479492187e-05
       359          3232        1.35240000e+02    4.1271972656e-05
       360          3264        1.34900000e+02    4.1168212891e-05
       361          3296        1.34480000e+02    4.1040039063e-05
       362          3328        1.35410000e+02    4.1323852539e-05
       363          3360        1.35150000e+02    4.1244506836e-05
       364          3392        1.34310000e+02    4.0988159180e-05
       365          3424        1.32560000e+02    4.0454101563e-05
       366          3456        1.32760000e+02    4.0515136719e-05
       367          3488        1.32290000e+02    4.0371704101e-05
       368          3520        1.33240000e+02    4.0661621094e-05
       369          3552        1.33580000e+02    4.0765380859e-05
       370          3584        1.33650000e+02    4.0786743164e-05
       371          3616        1.31930000e+02    4.0261840820e-05
       372          3648        1.31770000e+02    4.0213012695e-05
       373          3680        1.31610000e+02    4.0164184570e-05
       374          3712        1.30910000e+02    3.9950561524e-05
       375          3744        1.30620000e+02    3.9862060547e-05
       376          3776        1.30970000e+02    3.9968872070e-05
       377          3808        1.30630000e+02    3.9865112305e-05
       378          3840        1.32500000e+02    4.0435791016e-05
       379          3872        1.31960000e+02    4.0270996094e-05
       380          3904        1.32020000e+02    4.0289306640e-05
       381          3936        1.31900000e+02    4.0252685547e-05
       382          3968        1.31820000e+02    4.0228271484e-05
       383          4000        1.28960000e+02    3.9355468750e-05
       384          4032        1.31870000e+02    4.0243530273e-05
       385          4096        2.61300000e+02    3.9871215820e-05
       386          4160        2.68240000e+02    4.0930175781e-05
       387          4224        2.63840000e+02    4.0258789063e-05
       388          4288        2.64300000e+02    4.0328979492e-05
       389          4352        2.65690000e+02    4.0541076660e-05
       390          4416        2.69670000e+02    4.1148376465e-05
       391          4480        2.67970000e+02    4.0888977051e-05
       392          4544        2.72410000e+02    4.1566467285e-05
       393          4608        2.73550000e+02    4.1740417481e-05
       394          4672        2.74750000e+02    4.1923522950e-05
       395          4736        2.78920000e+02    4.2559814453e-05
       396          4800        2.79880000e+02    4.2706298828e-05
       397          4864        2.81940000e+02    4.3020629883e-05
       398          4928        2.89090000e+02    4.4111633301e-05
       399          4992        2.89620000e+02    4.4192504883e-05
       400          5056        2.94860000e+02    4.4992065430e-05
       401          5120        2.98840000e+02    4.5599365234e-05
       402          5184        3.00870000e+02    4.5909118653e-05
       403          5248        3.09580000e+02    4.7238159180e-05
       404          5312        3.11180000e+02    4.7482299805e-05
       405          5376        3.16540000e+02    4.8300170898e-05
       406          5440        3.16830000e+02    4.8344421387e-05
       407          5504        3.23360000e+02    4.9340820313e-05
       408          5568        3.29520000e+02    5.0280761719e-05
       409          5632        3.35760000e+02    5.1232910157e-05
       410          5696        3.44050000e+02    5.2497863770e-05
       411          5760        3.47810000e+02    5.3071594239e-05
       412          5824        3.57400000e+02    5.4534912109e-05
       413          5888        3.64840000e+02    5.5670166016e-05
       414          5952        3.66910000e+02    5.5986022950e-05
       415          6016        3.75090000e+02    5.7234191895e-05
       416          6080        3.81860000e+02    5.8267211914e-05
       417          6144        3.90110000e+02    5.9526062012e-05
       418          6208        3.98780000e+02    6.0848999024e-05
       419          6272        4.06600000e+02    6.2042236328e-05
       420          6336        4.13590000e+02    6.3108825684e-05
       421          6400        4.24700000e+02    6.4804077148e-05
       422          6464        4.34190000e+02    6.6252136230e-05
       423          6528        4.40360000e+02    6.7193603516e-05
       424          6592        4.52140000e+02    6.8991088867e-05
       425          6656        4.63050000e+02    7.0655822754e-05
       426          6720        4.73220000e+02    7.2207641601e-05
       427          6784        4.85610000e+02    7.4098205567e-05
       428          6848        4.92610000e+02    7.5166320801e-05
       429          6912        5.04120000e+02    7.6922607422e-05
       430          6976        5.20500000e+02    7.9421997071e-05
       431          7040        5.30150000e+02    8.0894470215e-05
       432          7104        5.49390000e+02    8.3830261231e-05
       433          7168        5.51180000e+02    8.4103393555e-05
       434          7232        5.71810000e+02    8.7251281738e-05
       435          7296        5.82160000e+02    8.8830566407e-05
       436          7360        5.92870000e+02    9.0464782715e-05
       437          7424        6.09310000e+02    9.2973327637e-05
       438          7488        6.25530000e+02    9.5448303224e-05
       439          7552        6.35710000e+02    9.7001647948e-05
       440          7616        6.51480000e+02    9.9407958981e-05
       441          7680        6.68940000e+02    1.0207214355e-04
       442          7744        6.80730000e+02    1.0387115478e-04
       443          7808        6.97460000e+02    1.0642395020e-04
       444          7872        7.13500000e+02    1.0887145997e-04
       445          7936        7.31620000e+02    1.1163635254e-04
       446          8000        7.47360000e+02    1.1403808594e-04
       447          8064        7.64260000e+02    1.1661682128e-04
       448          8128        7.78250000e+02    1.1875152588e-04
       449          8256        1.60458000e+03    1.2241973877e-04
       450          8384        1.67360000e+03    1.2768554687e-04
       451          8512        1.74552000e+03    1.3317260742e-04
       452          8640        1.81612000e+03    1.3855895997e-04
       453          8768        1.88414000e+03    1.4374847412e-04
       454          8896        1.94841000e+03    1.4865188598e-04
       455          9024        2.01053000e+03    1.5339126587e-04
       456          9152        2.08192000e+03    1.5883789062e-04
       457          9280        2.14006000e+03    1.6327362061e-04
       458          9408        2.20647000e+03    1.6834030152e-04
       459          9536        2.26473000e+03    1.7278518677e-04
       460          9664        2.31589000e+03    1.7668838501e-04
       461          9792        2.35179000e+03    1.7942733764e-04
       462          9920        2.39228000e+03    1.8251647949e-04
       463         10048        2.41043000e+03    1.8390121460e-04
       464         10176        2.42541000e+03    1.8504409790e-04
       465         10304        2.42723000e+03    1.8518295288e-04
       466         10432        2.40756000e+03    1.8368225097e-04
       467         10560        2.38349000e+03    1.8184585571e-04
       468         10688        2.33605000e+03    1.7822647095e-04
       469         10816        2.28193000e+03    1.7409744262e-04
       470         10944        2.19904000e+03    1.6777343750e-04
       471         11072        2.10112000e+03    1.6030273438e-04
       472         11200        1.98898000e+03    1.5174713135e-04
       473         11328        1.85381000e+03    1.4143447876e-04
       474         11456        1.72585000e+03    1.3167190552e-04
       475         11584        1.58464000e+03    1.2089843750e-04
       476         11712        1.42314000e+03    1.0857696533e-04
       477         11840        1.26403000e+03    9.6437835693e-05
       478         11968        1.11172000e+03    8.4817504883e-05
       479         12096        9.53750000e+02    7.2765350342e-05
       480         12224        8.11050000e+02    6.1878204346e-05
       481         12352        6.62580000e+02    5.0550842285e-05
       482         12480        5.35960000e+02    4.0890502930e-05
       483         12608        4.22020000e+02    3.2197570801e-05
       484         12736        3.24070000e+02    2.4724578857e-05
       485         12864        2.39600000e+02    1.8280029297e-05
       486         12992        1.73770000e+02    1.3257598877e-05
       487         13120        1.22200000e+02    9.3231201172e-06
       488         13248        8.19300000e+01    6.2507629395e-06
       489         13376        5.12100000e+01    3.9070129395e-06
       490         13504        2.97600000e+01    2.2705078125e-06
       491         13632        1.81600000e+01    1.3854980469e-06
       492         13760        9.52000000e+00    7.2631835937e-07
       493         13888        4.87000000e+00    3.7155151369e-07
       494         14016        2.15000000e+00    1.6403198241e-07
       495         14144        1.01000000e+00    7.7056884759e-08
       496         14272        3.40000000e-01    2.5939941405e-08
       497         14400        1.30000000e-01    9.9182128901e-09
       498         14528        6.00000000e-02    4.5776367186e-09
