       454          8896        1.00000000e-02    9.7656250000e-09
       455          9024        0.00000000e+00    0.0000000000e+00
       456          9152        0.00000000e+00    0.0000000000e+00
       457          9280        0.00000000e+00    0.0000000000e+00
       458          9408        0.00000000e+00    0.0000000000e+00
       459          9536        0.00000000e+00    0.0000000000e+00
       460          9664        1.00000000e-02    9.7656250000e-09
       461          9792        0.00000000e+00    0.0000000000e+00
       462          9920        0.00000000e+00    0.0000000000e+00
       463         10048        0.00000000e+00    0.0000000000e+00
       464         10176        0.00000000e+00    0.0000000000e+00
       465         10304        1.00000000e-02    9.7656250000e-09
       466         10432        1.00000000e-02    9.7656250000e-09
       467         10560        1.00000000e-02    9.7656250000e-09
       468         10688        0.00000000e+00    0.0000000000e+00
       469         10816        2.00000000e-02    1.9531250000e-08
       470         10944        0.00000000e+00    0.0000000000e+00
       471         11072        3.00000000e-02    2.9296875000e-08
       472         11200        0.00000000e+00    0.0000000000e+00
       473         11328        1.00000000e-02    9.7656250000e-09
       474         11456        1.00000000e-02    9.7656250000e-09
       475         11584        2.00000000e-02    1.9531250000e-08
       476         11712        0.00000000e+00    0.0000000000e+00
       477         11840        1.00000000e-02    9.7656250000e-09
       478         11968        0.00000000e+00    0.0000000000e+00
       479         12096        3.00000000e-02    2.9296875000e-08
       480         12224        4.00000000e-02    3.9062500000e-08
       481         12352        0.00000000e+00    0.0000000000e+00
       482         12480        1.00000000e-02    9.7656250000e-09
       483         12608        1.00000000e-02    9.7656250000e-09
       484         12736        3.00000000e-02    2.9296875000e-08
       485         12864        6.00000000e-02    5.8593750000e-08
       486         12992        8.00000000e-02    7.8125000000e-08
       487         13120        3.00000000e-02    2.9296875000e-08
       488         13248        5.00000000e-02    4.8828125000e-08
       489         13376        5.00000000e-02    4.8828125000e-08
       490         13504        2.00000000e-02    1.9531250000e-08
       491         13632        6.00000000e-02    5.8593750000e-08
       492         13760        8.00000000e-02    7.8125000000e-08
       493         13888        7.00000000e-02    6.8359375000e-08
       494         14016        9.00000000e-02    8.7890625000e-08
       495         14144        9.00000000e-02    8.7890625000e-08
       496         14272        7.00000000e-02    6.8359375000e-08
       497         14400        1.30000000e-01    1.2695312500e-07
       498         14528        4.00000000e-02    3.9062500000e-08
       499         14656        1.10000000e-01    1.0742187500e-07
       500         14784        1.00000000e-01    9.7656250000e-08
       501         14912        1.30000000e-01    1.2695312500e-07
       502         15040        9.00000000e-02    8.7890625000e-08
       503         15168        1.90000000e-01    1.8554687500e-07
       504         15296        1.60000000e-01    1.5625000000e-07
       505         15424        1.20000000e-01    1.1718750000e-07
       506         15552        1.50000000e-01    1.4648437500e-07
       507         15680        1.40000000e-01    1.3671875000e-07
       508         15808        2.00000000e-01    1.9531250000e-07
       509         15936        1.50000000e-01    1.4648437500e-07
       510         16064        2.70000000e-01    2.6367187500e-07
       511         16192        1.90000000e-01    1.8554687500e-07
       512         16320        2.30000000e-01    2.2460937500e-07
       513         16576        4.60000000e-01    2.2460937500e-07
       514         16832        4.80000000e-01    2.3437500000e-07
       515         17088        6.70000000e-01    3.2714843750e-07
       516         17344        5.80000000e-01    2.8320312500e-07
       517         17600        6.50000000e-01    3.1738281250e-07
       518         17856        8.00000000e-01    3.9062500000e-07
       519         18112        7.30000000e-01    3.5644531250e-07
       520         18368        1.01000000e+00    4.9316406250e-07
       521         18624        1.07000000e+00    5.2246093750e-07
       522         18880        8.10000000e-01    3.9550781250e-07
       523         19136        1.12000000e+00    5.4687500000e-07
       524         19392        1.08000000e+00    5.2734375000e-07
       525         19648        1.25000000e+00    6.1035156250e-07
       526         19904        1.27000000e+00    6.2011718750e-07
       527         20160        1.24000000e+00    6.0546875000e-07
       528         20416        1.29000000e+00    6.2988281250e-07
       529         20672        1.59000000e+00    7.7636718750e-07
       530         20928        1.75000000e+00    8.5449218750e-07
       531         21184        1.80000000e+00    8.7890625000e-07
       532         21440        1.90000000e+00    9.2773437500e-07
       533         21696        1.91000000e+00    9.3261718750e-07
       534         21952        2.09000000e+00    1.0205078125e-06
       535         22208        1.83000000e+00    8.9355468750e-07
       536         22464        2.19000000e+00    1.0693359375e-06
       537         22720        2.29000000e+00    1.1181640625e-06
       538         22976        2.33000000e+00    1.1376953125e-06
       539         23232        2.53000000e+00    1.2353515625e-06
       540         23488        2.33000000e+00    1.1376953125e-06
       541         23744        2.63000000e+00    1.2841796875e-06
       542         24000        3.01000000e+00    1.4697265625e-06
       543         24256        2.70000000e+00    1.3183593750e-06
       544         24512        2.55000000e+00    1.2451171875e-06
       545         24768        3.09000000e+00    1.5087890625e-06
       546         25024        3.30000000e+00    1.6113281250e-06
       547         25280        3.35000000e+00    1.6357421875e-06
       548         25536        3.21000000e+00    1.5673828125e-06
       549         25792        3.34000000e+00    1.6308593750e-06
       550         26048        3.37000000e+00    1.6455078125e-06
       551         26304        3.60000000e+00    1.7578125000e-06
       552         26560        3.40000000e+00    1.6601562500e-06
       553         26816        3.37000000e+00    1.6455078125e-06
       554         27072        4.04000000e+00    1.9726562500e-06
       555         27328        3.61000000e+00    1.7626953125e-06
       556         27584        4.00000000e+00    1.9531250000e-06
       557         27840        3.98000000e+00    1.9433593750e-06
       558         28096        4.04000000e+00    1.9726562500e-06
       559         28352        4.31000000e+00    2.1044921875e-06
       560         28608        4.40000000e+00    2.1484375000e-06
       561         28864        4.25000000e+00    2.0751953125e-06
       562         29120        4.18000000e+00    2.0410156250e-06
       563         29376        4.31000000e+00    2.1044921875e-06
       564         29632        4.83000000e+00    2.3583984375e-06
       565         29888        4.50000000e+00    2.1972656250e-06
       566         30144        4.74000000e+00    2.3144531250e-06
       567         30400        4.62000000e+00    2.2558593750e-06
       568         30656        5.13000000e+00    2.5048828125e-06
       569         30912        4.88000000e+00    2.3828125000e-06
       570         31168        4.97000000e+00    2.4267578125e-06
       571         31424        5.08000000e+00    2.4804687500e-06
       572         31680        5.11000000e+00    2.4951171875e-06
       573         31936        5.39000000e+00    2.6318359375e-06
       574         32192        5.43000000e+00    2.6513671875e-06
       575         32448        5.34000000e+00    2.6074218750e-06
       576         32704        4.98000000e+00    2.4316406250e-06
       577         33216        1.13900000e+01    2.7807617188e-06
       578         33728        1.06900000e+01    2.6098632813e-06
       579         34240        1.11100000e+01    2.7124023438e-06
       580         34752        1.19500000e+01    2.9174804687e-06
       581         35264        1.15700000e+01    2.8247070312e-06
       582         35776        1.15000000e+01    2.8076171875e-06
       583         36288        1.17600000e+01    2.8710937500e-06
       584         36800        1.19100000e+01    2.9077148437e-06
       585         37312        1.18900000e+01    2.9028320312e-06
       586         37824        1.18700000e+01    2.8979492188e-06
       587         38336        1.16700000e+01    2.8491210937e-06
       588         38848        1.19100000e+01    2.9077148438e-06
       589         39360        1.17300000e+01    2.8637695312e-06
       590         39872        1.21700000e+01    2.9711914063e-06
       591         40384        1.20100000e+01    2.9321289062e-06
       592         40896        1.19200000e+01    2.9101562500e-06
       593         41408        1.25200000e+01    3.0566406250e-06
       594         41920        1.22200000e+01    2.9833984375e-06
       595         42432        1.28100000e+01    3.1274414062e-06
       596         42944        1.28600000e+01    3.1396484375e-06
       597         43456        1.21400000e+01    2.9638671875e-06
       598         43968        1.24000000e+01    3.0273437500e-06
       599         44480        1.27500000e+01    3.1127929687e-06
       600         44992        1.24800000e+01    3.0468750000e-06
       601         45504        1.23200000e+01    3.0078125000e-06
       602         46016        1.19700000e+01    2.9223632813e-06
       603         46528        1.34700000e+01    3.2885742187e-06
       604         47040        1.26800000e+01    3.0957031250e-06
       605         47552        1.27200000e+01    3.1054687500e-06
       606         48064        1.24000000e+01    3.0273437500e-06
       607         48576        1.19300000e+01    2.9125976563e-06
       608         49088        1.22700000e+01    2.9956054688e-06
       609         49600        1.27300000e+01    3.1079101563e-06
       610         50112        1.25100000e+01    3.0541992188e-06
       611         50624        1.29100000e+01    3.1518554687e-06
       612         51136        1.20400000e+01    2.9394531250e-06
       613         51648        1.26700000e+01    3.0932617187e-06
       614         52160        1.21200000e+01    2.9589843750e-06
       615         52672        1.24300000e+01    3.0346679687e-06
       616         53184        1.25800000e+01    3.0712890625e-06
       617         53696        1.30700000e+01    3.1909179688e-06
       618         54208        1.23600000e+01    3.0175781250e-06
       619         54720        1.26500000e+01    3.0883789062e-06
       620         55232        1.22100000e+01    2.9809570312e-06
       621         55744        1.28600000e+01    3.1396484375e-06
       622         56256        1.30100000e+01    3.1762695312e-06
       623         56768        1.31100000e+01    3.2006835937e-06
       624         57280        1.21400000e+01    2.9638671875e-06
       625         57792        1.24300000e+01    3.0346679687e-06
       626         58304        1.26600000e+01    3.0908203125e-06
       627         58816        1.35500000e+01    3.3081054687e-06
       628         59328        1.29300000e+01    3.1567382812e-06
       629         59840        1.26500000e+01    3.0883789062e-06
       630         60352        1.36000000e+01    3.3203125000e-06
       631         60864        1.30100000e+01    3.1762695312e-06
       632         61376        1.27000000e+01    3.1005859375e-06
       633         61888        1.34500000e+01    3.2836914062e-06
       634         62400        1.29500000e+01    3.1616210937e-06
       635         62912        1.37400000e+01    3.3544921875e-06
       636         63424        1.26800000e+01    3.0957031250e-06
       637         63936        1.39800000e+01    3.4130859375e-06
       638         64448        1.34000000e+01    3.2714843750e-06
       639         64960        1.35800000e+01    3.3154296875e-06
       640         65472        1.40300000e+01    3.4252929687e-06
       641         66496        2.91200000e+01    3.5546875000e-06
       642         67520        2.78800000e+01    3.4033203125e-06
       643         68544        2.86900000e+01    3.5021972657e-06
       644         69568        2.87100000e+01    3.5046386718e-06
       645         70592        2.93600000e+01    3.5839843750e-06
       646         71616        3.03700000e+01    3.7072753907e-06
       647         72640        2.96500000e+01    3.6193847657e-06
       648         73664        3.10600000e+01    3.7915039063e-06
       649         74688        3.15600000e+01    3.8525390626e-06
       650         75712        3.19100000e+01    3.8952636719e-06
       651         76736        3.29900000e+01    4.0270996093e-06
       652         77760        3.33900000e+01    4.0759277344e-06
       653         78784        3.53600000e+01    4.3164062500e-06
       654         79808        3.52400000e+01    4.3017578125e-06
       655         80832        3.68600000e+01    4.4995117188e-06
       656         81856        3.67500000e+01    4.4860839844e-06
       657         82880        3.90800000e+01    4.7705078125e-06
       658         83904        3.97200000e+01    4.8486328126e-06
       659         84928        4.04700000e+01    4.9401855469e-06
       660         85952        4.15500000e+01    5.0720214845e-06
       661         86976        4.34700000e+01    5.3063964844e-06
       662         88000        4.47300000e+01    5.4602050781e-06
       663         89024        4.58000000e+01    5.5908203126e-06
       664         90048        4.66300000e+01    5.6921386720e-06
       665         91072        4.82300000e+01    5.8874511720e-06
       666         92096        5.04300000e+01    6.1560058595e-06
       667         93120        5.24000000e+01    6.3964843751e-06
       668         94144        5.19100000e+01    6.3366699220e-06
       669         95168        5.62100000e+01    6.8615722658e-06
       670         96192        5.62300000e+01    6.8640136719e-06
       671         97216        5.77600000e+01    7.0507812502e-06
       672         98240        6.01100000e+01    7.3376464844e-06
       673         99264        6.18800000e+01    7.5537109375e-06
       674        100288        6.30400000e+01    7.6953125002e-06
       675        101312        6.50900000e+01    7.9455566409e-06
       676        102336        6.84600000e+01    8.3569335938e-06
       677        103360        7.03400000e+01    8.5864257817e-06
       678        104384        7.28700000e+01    8.8952636722e-06
       679        105408        7.40900000e+01    9.0441894535e-06
       680        106432        7.56300000e+01    9.2321777346e-06
       681        107456        7.79600000e+01    9.5166015628e-06
       682        108480        8.24100000e+01    1.0059814454e-05
       683        109504        8.60100000e+01    1.0499267579e-05
       684        110528        8.78300000e+01    1.0721435548e-05
       685        111552        9.00300000e+01    1.0989990235e-05
       686        112576        9.03300000e+01    1.1026611329e-05
       687        113600        9.66700000e+01    1.1800537111e-05
       688        114624        9.80300000e+01    1.1966552735e-05
       689        115648        1.00640000e+02    1.2285156251e-05
       690        116672        1.02190000e+02    1.2474365235e-05
       691        117696        1.06000000e+02    1.2939453126e-05
       692        118720        1.07860000e+02    1.3166503907e-05
       693        119744        1.10490000e+02    1.3487548829e-05
       694        120768        1.14280000e+02    1.3950195313e-05
       695        121792        1.17700000e+02    1.4367675782e-05
       696        122816        1.17430000e+02    1.4334716797e-05
       697        123840        1.23080000e+02    1.5024414063e-05
       698        124864        1.24550000e+02    1.5203857423e-05
       699        125888        1.27460000e+02    1.5559082031e-05
       700        126912        1.31090000e+02    1.6002197266e-05
       701        127936        1.32240000e+02    1.6142578126e-05
       702        128960        1.33750000e+02    1.6326904298e-05
       703        129984        1.36630000e+02    1.6678466797e-05
       704        131008        1.33180000e+02    1.6257324220e-05
       705        133056        2.74970000e+02    1.6782836914e-05
       706        135104        2.76880000e+02    1.6899414063e-05
       707        137152        2.72690000e+02    1.6643676758e-05
       708        139200        2.61670000e+02    1.5971069336e-05
       709        141248        2.54500000e+02    1.5533447266e-05
       710        143296        2.29390000e+02    1.4000854493e-05
       711        145344        2.11060000e+02    1.2882080079e-05
       712        147392        1.83760000e+02    1.1215820313e-05
       713        149440        1.54700000e+02    9.4421386720e-06
       714        151488        1.28590000e+02    7.8485107422e-06
       715        153536        9.83000000e+01    5.9997558594e-06
       716        155584        7.37400000e+01    4.5007324219e-06
       717        157632        5.05700000e+01    3.0865478515e-06
       718        159680        3.36200000e+01    2.0520019531e-06
       719        161728        2.04800000e+01    1.2500000000e-06
       720        163776        1.16200000e+01    7.0922851565e-07
       721        165824        6.28000000e+00    3.8330078127e-07
       722        167872        3.01000000e+00    1.8371582033e-07
       723        169920        1.32000000e+00    8.0566406257e-08
       724        171968        5.40000000e-01    3.2958984377e-08
       725        174016        1.30000000e-01    7.9345703125e-09
       726        176064        5.00000000e-02    3.0517578125e-09
       727        178112        1.00000000e-02    6.1035156250e-10
       728        180160        1.00000000e-02    6.1035156250e-10
