       322          2048        1.00000000e-02    3.9062500000e-08
       323          2080        0.00000000e+00    0.0000000000e+00
       324          2112        0.00000000e+00    0.0000000000e+00
       325          2144        0.00000000e+00    0.0000000000e+00
       326          2176        0.00000000e+00    0.0000000000e+00
       327          2208        0.00000000e+00    0.0000000000e+00
       328          2240        0.00000000e+00    0.0000000000e+00
       329          2272        0.00000000e+00    0.0000000000e+00
       330          2304        0.00000000e+00    0.0000000000e+00
       331          2336        0.00000000e+00    0.0000000000e+00
       332          2368        0.00000000e+00    0.0000000000e+00
       333          2400        0.00000000e+00    0.0000000000e+00
       334          2432        0.00000000e+00    0.0000000000e+00
       335          2464        0.00000000e+00    0.0000000000e+00
       336          2496        1.00000000e-02    3.9062500000e-08
       337          2528        1.00000000e-02    3.9062500000e-08
       338          2560        0.00000000e+00    0.0000000000e+00
       339          2592        1.00000000e-02    3.9062500000e-08
       340          2624        1.00000000e-02    3.9062500000e-08
       341          2656        0.00000000e+00    0.0000000000e+00
       342          2688        0.00000000e+00    0.0000000000e+00
       343          2720        2.00000000e-02    7.8125000000e-08
       344          2752        1.00000000e-02    3.9062500000e-08
       345          2784        0.00000000e+00    0.0000000000e+00
       346          2816        0.00000000e+00    0.0000000000e+00
       347          2848        0.00000000e+00    0.0000000000e+00
       348          2880        0.00000000e+00    0.0000000000e+00
       349          2912        3.00000000e-02    1.1718750000e-07
       350          2944        0.00000000e+00    0.0000000000e+00
       351          2976        3.00000000e-02    1.1718750000e-07
       352          3008        6.00000000e-02    2.3437500000e-07
       353          3040        1.00000000e-02    3.9062500000e-08
       354          3072        3.00000000e-02    1.1718750000e-07
       355          3104        1.00000000e-02    3.9062500000e-08
       356          3136        4.00000000e-02    1.5625000000e-07
       357          3168        3.00000000e-02    1.1718750000e-07
       358          3200        2.00000000e-02    7.8125000000e-08
       359          3232        2.00000000e-02    7.8125000000e-08
       360          3264        7.00000000e-02    2.7343750000e-07
       361          3296        6.00000000e-02    2.3437500000e-07
       362          3328        2.00000000e-02    7.8125000000e-08
       363          3360        1.00000000e-02    3.9062500000e-08
       364          3392        1.00000000e-02    3.9062500000e-08
       365          3424        3.00000000e-02    1.1718750000e-07
       366          3456        4.00000000e-02    1.5625000000e-07
       367          3488        6.00000000e-02    2.3437500000e-07
       368          3520        5.00000000e-02    1.9531250000e-07
       369          3552        5.00000000e-02    1.9531250000e-07
       370          3584        8.00000000e-02    3.1250000000e-07
       371          3616        9.00000000e-02    3.5156250000e-07
       372          3648        9.00000000e-02    3.5156250000e-07
       373          3680        1.30000000e-01    5.0781250000e-07
       374          3712        1.00000000e-01    3.9062500000e-07
       375          3744        1.40000000e-01    5.4687500000e-07
       376          3776        9.00000000e-02    3.5156250000e-07
       377          3808        9.00000000e-02    3.5156250000e-07
       378          3840        7.00000000e-02    2.7343750000e-07
       379          3872        1.20000000e-01    4.6875000000e-07
       380          3904        1.40000000e-01    5.4687500000e-07
       381          3936        8.00000000e-02    3.1250000000e-07
       382          3968        1.70000000e-01    6.6406250000e-07
       383          4000        1.60000000e-01    6.2500000000e-07
       384          4032        1.10000000e-01    4.2968750000e-07
       385          4096        2.70000000e-01    5.2734375000e-07
       386          4160        3.60000000e-01    7.0312500000e-07
       387          4224        3.40000000e-01    6.6406250000e-07
       388          4288        3.80000000e-01    7.4218750000e-07
       389          4352        4.50000000e-01    8.7890625000e-07
       390          4416        3.70000000e-01    7.2265625000e-07
       391          4480        5.60000000e-01    1.0937500000e-06
       392          4544        6.60000000e-01    1.2890625000e-06
       393          4608        5.90000000e-01    1.1523437500e-06
       394          4672        5.20000000e-01    1.0156250000e-06
       395          4736        6.70000000e-01    1.3085937500e-06
       396          4800        7.40000000e-01    1.4453125000e-06
       397          4864        9.90000000e-01    1.9335937500e-06
       398          4928        8.20000000e-01    1.6015625000e-06
       399          4992        8.00000000e-01    1.5625000000e-06
       400          5056        1.16000000e+00    2.2656250000e-06
       401          5120        8.00000000e-01    1.5625000000e-06
       402          5184        1.05000000e+00    2.0507812500e-06
       403          5248        9.30000000e-01    1.8164062500e-06
       404          5312        1.15000000e+00    2.2460937500e-06
       405          5376        1.04000000e+00    2.0312500000e-06
       406          5440        1.35000000e+00    2.6367187500e-06
       407          5504        1.27000000e+00    2.4804687500e-06
       408          5568        1.56000000e+00    3.0468750000e-06
       409          5632        1.40000000e+00    2.7343750000e-06
       410          5696        1.39000000e+00    2.7148437500e-06
       411          5760        1.68000000e+00    3.2812500000e-06
       412          5824        1.66000000e+00    3.2421875000e-06
       413          5888        1.60000000e+00    3.1250000000e-06
       414          5952        1.92000000e+00    3.7500000000e-06
       415          6016        2.10000000e+00    4.1015625000e-06
       416          6080        1.95000000e+00    3.8085937500e-06
       417          6144        2.14000000e+00    4.1796875000e-06
       418          6208        1.81000000e+00    3.5351562500e-06
       419          6272        2.32000000e+00    4.5312500000e-06
       420          6336        2.02000000e+00    3.9453125000e-06
       421          6400        2.10000000e+00    4.1015625000e-06
       422          6464        2.38000000e+00    4.6484375000e-06
       423          6528        2.31000000e+00    4.5117187500e-06
       424          6592        2.78000000e+00    5.4296875000e-06
       425          6656        2.55000000e+00    4.9804687500e-06
       426          6720        2.83000000e+00    5.5273437500e-06
       427          6784        2.72000000e+00    5.3125000000e-06
       428          6848        2.56000000e+00    5.0000000000e-06
       429          6912        2.89000000e+00    5.6445312500e-06
       430          6976        3.13000000e+00    6.1132812500e-06
       431          7040        2.88000000e+00    5.6250000000e-06
       432          7104        3.08000000e+00    6.0156250000e-06
       433          7168        2.76000000e+00    5.3906250000e-06
       434          7232        3.36000000e+00    6.5625000000e-06
       435          7296        3.34000000e+00    6.5234375000e-06
       436          7360        3.45000000e+00    6.7382812500e-06
       437          7424        3.54000000e+00    6.9140625000e-06
       438          7488        3.39000000e+00    6.6210937500e-06
       439          7552        3.63000000e+00    7.0898437500e-06
       440          7616        3.36000000e+00    6.5625000000e-06
       441          7680        3.94000000e+00    7.6953125000e-06
       442          7744        3.75000000e+00    7.3242187500e-06
       443          7808        3.92000000e+00    7.6562500000e-06
       444          7872        3.83000000e+00    7.4804687500e-06
       445          7936        3.78000000e+00    7.3828125000e-06
       446          8000        3.66000000e+00    7.1484375000e-06
       447          8064        4.22000000e+00    8.2421875000e-06
       448          8128        4.38000000e+00    8.5546875000e-06
       449          8256        8.52000000e+00    8.3203125000e-06
       450          8384        8.92000000e+00    8.7109375000e-06
       451          8512        8.29000000e+00    8.0957031250e-06
       452          8640        9.23000000e+00    9.0136718750e-06
       453          8768        9.21000000e+00    8.9941406250e-06
       454          8896        9.56000000e+00    9.3359375000e-06
       455          9024        8.95000000e+00    8.7402343750e-06
       456          9152        9.51000000e+00    9.2871093750e-06
       457          9280        9.94000000e+00    9.7070312500e-06
       458          9408        1.00300000e+01    9.7949218750e-06
       459          9536        9.93000000e+00    9.6972656250e-06
       460          9664        9.92000000e+00    9.6875000000e-06
       461          9792        1.09000000e+01    1.0644531250e-05
       462          9920        1.03500000e+01    1.0107421875e-05
       463         10048        1.03400000e+01    1.0097656250e-05
       464         10176        1.04400000e+01    1.0195312500e-05
       465         10304        1.08200000e+01    1.0566406250e-05
       466         10432        1.11200000e+01    1.0859375000e-05
       467         10560        1.04300000e+01    1.0185546875e-05
       468         10688        1.05300000e+01    1.0283203125e-05
       469         10816        1.02800000e+01    1.0039062500e-05
       470         10944        1.06700000e+01    1.0419921875e-05
       471         11072        1.09800000e+01    1.0722656250e-05
       472         11200        1.03800000e+01    1.0136718750e-05
       473         11328        1.06000000e+01    1.0351562500e-05
       474         11456        1.06000000e+01    1.0351562500e-05
       475         11584        1.03900000e+01    1.0146484375e-05
       476         11712        1.12200000e+01    1.0957031250e-05
       477         11840        1.10900000e+01    1.0830078125e-05
       478         11968        1.15100000e+01    1.1240234375e-05
       479         12096        1.08300000e+01    1.0576171875e-05
       480         12224        1.11200000e+01    1.0859375000e-05
       481         12352        1.11300000e+01    1.0869140625e-05
       482         12480        1.13800000e+01    1.1113281250e-05
       483         12608        1.09800000e+01    1.0722656250e-05
       484         12736        1.05600000e+01    1.0312500000e-05
       485         12864        1.15100000e+01    1.1240234375e-05
       486         12992        1.12600000e+01    1.0996093750e-05
       487         13120        1.11300000e+01    1.0869140625e-05
       488         13248        1.12400000e+01    1.0976562500e-05
       489         13376        1.12800000e+01    1.1015625000e-05
       490         13504        1.11500000e+01    1.0888671875e-05
       491         13632        1.02600000e+01    1.0019531250e-05
       492         13760        1.09500000e+01    1.0693359375e-05
       493         13888        1.09800000e+01    1.0722656250e-05
       494         14016        1.09600000e+01    1.0703125000e-05
       495         14144        1.11900000e+01    1.0927734375e-05
       496         14272        1.12300000e+01    1.0966796875e-05
       497         14400        1.13000000e+01    1.1035156250e-05
       498         14528        1.10500000e+01    1.0791015625e-05
       499         14656        1.15200000e+01    1.1250000000e-05
       500         14784        1.09200000e+01    1.0664062500e-05
       501         14912        1.13000000e+01    1.1035156250e-05
       502         15040        1.12000000e+01    1.0937500000e-05
       503         15168        1.14100000e+01    1.1142578125e-05
       504         15296        1.17000000e+01    1.1425781250e-05
       505         15424        1.15600000e+01    1.1289062500e-05
       506         15552        1.14400000e+01    1.1171875000e-05
       507         15680        1.12700000e+01    1.1005859375e-05
       508         15808        1.18400000e+01    1.1562500000e-05
       509         15936        1.15900000e+01    1.1318359375e-05
       510         16064        1.14300000e+01    1.1162109375e-05
       511         16192        1.15900000e+01    1.1318359375e-05
       512         16320        1.12700000e+01    1.1005859375e-05
       513         16576        2.34900000e+01    1.1469726562e-05
       514         16832        2.50100000e+01    1.2211914062e-05
       515         17088        2.36400000e+01    1.1542968750e-05
       516         17344        2.39400000e+01    1.1689453125e-05
       517         17600        2.39700000e+01    1.1704101562e-05
       518         17856        2.47100000e+01    1.2065429687e-05
       519         18112        2.57600000e+01    1.2578125000e-05
       520         18368        2.52500000e+01    1.2329101562e-05
       521         18624        2.62100000e+01    1.2797851562e-05
       522         18880        2.60400000e+01    1.2714843750e-05
       523         19136        2.65500000e+01    1.2963867187e-05
       524         19392        2.65300000e+01    1.2954101562e-05
       525         19648        2.69500000e+01    1.3159179687e-05
       526         19904        2.69600000e+01    1.3164062500e-05
       527         20160        2.74000000e+01    1.3378906250e-05
       528         20416        2.89100000e+01    1.4116210937e-05
       529         20672        2.84900000e+01    1.3911132812e-05
       530         20928        2.93700000e+01    1.4340820312e-05
       531         21184        3.00800000e+01    1.4687500000e-05
       532         21440        3.09200000e+01    1.5097656250e-05
       533         21696        3.15000000e+01    1.5380859375e-05
       534         21952        3.22000000e+01    1.5722656250e-05
       535         22208        3.34800000e+01    1.6347656250e-05
       536         22464        3.38900000e+01    1.6547851562e-05
       537         22720        3.50100000e+01    1.7094726562e-05
       538         22976        3.58500000e+01    1.7504882812e-05
       539         23232        3.63700000e+01    1.7758789062e-05
       540         23488        3.70400000e+01    1.8085937500e-05
       541         23744        3.71300000e+01    1.8129882812e-05
       542         24000        3.91600000e+01    1.9121093750e-05
       543         24256        3.97400000e+01    1.9404296875e-05
       544         24512        4.25200000e+01    2.0761718750e-05
       545         24768        4.35200000e+01    2.1250000000e-05
       546         25024        4.52500000e+01    2.2094726562e-05
       547         25280        4.59500000e+01    2.2436523437e-05
       548         25536        4.62800000e+01    2.2597656250e-05
       549         25792        4.69600000e+01    2.2929687500e-05
       550         26048        4.88500000e+01    2.3852539062e-05
       551         26304        4.91300000e+01    2.3989257812e-05
       552         26560        5.18400000e+01    2.5312500000e-05
       553         26816        5.38000000e+01    2.6269531250e-05
       554         27072        5.43400000e+01    2.6533203125e-05
       555         27328        5.61800000e+01    2.7431640625e-05
       556         27584        5.73000000e+01    2.7978515625e-05
       557         27840        5.88500000e+01    2.8735351563e-05
       558         28096        5.95500000e+01    2.9077148438e-05
       559         28352        6.27800000e+01    3.0654296875e-05
       560         28608        6.38500000e+01    3.1176757813e-05
       561         28864        6.56000000e+01    3.2031250000e-05
       562         29120        6.87300000e+01    3.3559570312e-05
       563         29376        6.90400000e+01    3.3710937500e-05
       564         29632        7.12900000e+01    3.4809570313e-05
       565         29888        7.19200000e+01    3.5117187500e-05
       566         30144        7.64800000e+01    3.7343750000e-05
       567         30400        7.65600000e+01    3.7382812500e-05
       568         30656        7.89500000e+01    3.8549804687e-05
       569         30912        8.17900000e+01    3.9936523438e-05
       570         31168        8.27500000e+01    4.0405273438e-05
       571         31424        8.71200000e+01    4.2539062500e-05
       572         31680        8.71200000e+01    4.2539062500e-05
       573         31936        8.82300000e+01    4.3081054688e-05
       574         32192        9.05600000e+01    4.4218750000e-05
       575         32448        9.26900000e+01    4.5258789063e-05
       576         32704        9.53300000e+01    4.6547851563e-05
       577         33216        1.96230000e+02    4.7907714844e-05
       578         33728        2.04330000e+02    4.9885253907e-05
       579         34240        2.10280000e+02    5.1337890626e-05
       580         34752        2.19640000e+02    5.3623046876e-05
       581         35264        2.26460000e+02    5.5288085938e-05
       582         35776        2.30080000e+02    5.6171875000e-05
       583         36288        2.33030000e+02    5.6892089845e-05
       584         36800        2.33470000e+02    5.6999511720e-05
       585         37312        2.38040000e+02    5.8115234376e-05
       586         37824        2.30590000e+02    5.6296386719e-05
       587         38336        2.27640000e+02    5.5576171876e-05
       588         38848        2.22980000e+02    5.4438476563e-05
       589         39360        2.05760000e+02    5.0234375001e-05
       590         39872        1.94010000e+02    4.7365722657e-05
       591         40384        1.77160000e+02    4.3251953126e-05
       592         40896        1.62510000e+02    3.9675292969e-05
       593         41408        1.42920000e+02    3.4892578126e-05
       594         41920        1.21420000e+02    2.9643554688e-05
       595         42432        1.01850000e+02    2.4865722656e-05
       596         42944        8.28200000e+01    2.0219726563e-05
       597         43456        6.72600000e+01    1.6420898439e-05
       598         43968        5.10600000e+01    1.2465820314e-05
       599         44480        3.67100000e+01    8.9624023440e-06
       600         44992        2.71300000e+01    6.6235351563e-06
       601         45504        1.77600000e+01    4.3359375000e-06
       602         46016        1.13400000e+01    2.7685546875e-06
       603         46528        6.92000000e+00    1.6894531250e-06
       604         47040        3.91000000e+00    9.5458984375e-07
       605         47552        2.10000000e+00    5.1269531250e-07
       606         48064        1.17000000e+00    2.8564453125e-07
       607         48576        5.50000000e-01    1.3427734375e-07
       608         49088        1.90000000e-01    4.6386718750e-08
       609         49600        5.00000000e-02    1.2207031250e-08
       610         50112        2.00000000e-02    4.8828125000e-09
