         1      -0.0079472860      7.4333711961e-03
         2      -0.0079154968      7.4821356030e-03
         3      -0.0078837077      7.5313095523e-03
         4      -0.0078519185      7.5809634906e-03
         5      -0.0078201294      7.6314962949e-03
         6      -0.0077883403      7.6817532063e-03
         7      -0.0077565511      7.7329207324e-03
         8      -0.0077247620      7.7841453480e-03
         9      -0.0076929728      7.8376187249e-03
        10      -0.0076611837      7.8895174418e-03
        11      -0.0076293945      7.9423451514e-03
        12      -0.0075976054      7.9956058887e-03
        13      -0.0075658162      8.0507304587e-03
        14      -0.0075340271      8.1054532979e-03
        15      -0.0075022380      8.1602715272e-03
        16      -0.0074704488      8.2152794663e-03
        17      -0.0074386597      8.2727274073e-03
        18      -0.0074068705      8.3306539465e-03
        19      -0.0073750814      8.3896884096e-03
        20      -0.0073432922      8.4485725517e-03
        21      -0.0073115031      8.5082041404e-03
        22      -0.0072797139      8.5685206227e-03
        23      -0.0072479248      8.6290204480e-03
        24      -0.0072161357      8.6898529078e-03
        25      -0.0071843465      8.7513578390e-03
        26      -0.0071525574      8.8136025270e-03
        27      -0.0071207682      8.8760643972e-03
        28      -0.0070889791      8.9390765853e-03
        29      -0.0070571899      9.0027594973e-03
        30      -0.0070254008      9.0675021843e-03
        31      -0.0069936117      9.1333439856e-03
        32      -0.0069618225      9.1983619784e-03
        33      -0.0069300334      9.2642761812e-03
        34      -0.0068982442      9.3320397536e-03
        35      -0.0068664551      9.3997209000e-03
        36      -0.0068346659      9.4707935281e-03
        37      -0.0068028768      9.5397557002e-03
        38      -0.0067710876      9.6109679297e-03
        39      -0.0067392985      9.6837822596e-03
        40      -0.0067075094      9.7560292437e-03
        41      -0.0066757202      9.8298663036e-03
        42      -0.0066439311      9.9040610412e-03
        43      -0.0066121419      9.9786628557e-03
        44      -0.0065803528      1.0052414740e-02
        45      -0.0065485636      1.0130694088e-02
        46      -0.0065167745      1.0208205016e-02
        47      -0.0064849854      1.0285622482e-02
        48      -0.0064531962      1.0367167253e-02
        49      -0.0064214071      1.0448490055e-02
        50      -0.0063896179      1.0530280407e-02
        51      -0.0063578288      1.0610251232e-02
        52      -0.0063260396      1.0693643581e-02
        53      -0.0062942505      1.0775242141e-02
        54      -0.0062624613      1.0859110852e-02
        55      -0.0062306722      1.0945273042e-02
        56      -0.0061988831      1.1031624756e-02
        57      -0.0061670939      1.1120639041e-02
        58      -0.0061353048      1.1210137578e-02
        59      -0.0061035156      1.1299867548e-02
        60      -0.0060717265      1.1391924245e-02
        61      -0.0060399373      1.1487139413e-02
        62      -0.0060081482      1.1581102149e-02
        63      -0.0059763590      1.1676000772e-02
        64      -0.0059445699      1.1772509000e-02
        65      -0.0059127808      1.1870143373e-02
        66      -0.0058809916      1.1969028432e-02
        67      -0.0058492025      1.2069766048e-02
        68      -0.0058174133      1.2171163749e-02
        69      -0.0057856242      1.2272958367e-02
        70      -0.0057538350      1.2375244701e-02
        71      -0.0057220459      1.2480494552e-02
        72      -0.0056902568      1.2586594048e-02
        73      -0.0056584676      1.2694195956e-02
        74      -0.0056266785      1.2803040829e-02
        75      -0.0055948893      1.2916296413e-02
        76      -0.0055631002      1.3027367872e-02
        77      -0.0055313110      1.3140503453e-02
        78      -0.0054995219      1.3258514147e-02
        79      -0.0054677327      1.3373829682e-02
        80      -0.0054359436      1.3494585699e-02
        81      -0.0054041545      1.3614929179e-02
        82      -0.0053723653      1.3736530258e-02
        83      -0.0053405762      1.3860779306e-02
        84      -0.0053087870      1.3988426002e-02
        85      -0.0052769979      1.4114535736e-02
        86      -0.0052452087      1.4242452148e-02
        87      -0.0052134196      1.4375012521e-02
        88      -0.0051816305      1.4505323921e-02
        89      -0.0051498413      1.4639122572e-02
        90      -0.0051180522      1.4775792875e-02
        91      -0.0050862630      1.4913674123e-02
        92      -0.0050544739      1.5053751726e-02
        93      -0.0050226847      1.5197322455e-02
        94      -0.0049908956      1.5341628861e-02
        95      -0.0049591064      1.5487119248e-02
        96      -0.0049273173      1.5634701262e-02
        97      -0.0048955282      1.5783682800e-02
        98      -0.0048637390      1.5936069105e-02
        99      -0.0048319499      1.6094252467e-02
       100      -0.0048001607      1.6252497268e-02
       101      -0.0047683716      1.6416769999e-02
       102      -0.0047365824      1.6582180817e-02
       103      -0.0047047933      1.6746758782e-02
       104      -0.0046730042      1.6915882207e-02
       105      -0.0046412150      1.7084690861e-02
       106      -0.0046094259      1.7257365263e-02
       107      -0.0045776367      1.7430904322e-02
       108      -0.0045458476      1.7609474649e-02
       109      -0.0045140584      1.7790085447e-02
       110      -0.0044822693      1.7972088957e-02
       111      -0.0044504801      1.8158595819e-02
       112      -0.0044186910      1.8348432603e-02
       113      -0.0043869019      1.8544514003e-02
       114      -0.0043551127      1.8741864508e-02
       115      -0.0043233236      1.8941033582e-02
       116      -0.0042915344      1.9140116143e-02
       117      -0.0042597453      1.9345522794e-02
       118      -0.0042279561      1.9556455635e-02
       119      -0.0041961670      1.9768772347e-02
       120      -0.0041643778      1.9988198511e-02
       121      -0.0041325887      2.0209787367e-02
       122      -0.0041007996      2.0433168285e-02
       123      -0.0040690104      2.0660720549e-02
       124      -0.0040372213      2.0900313100e-02
       125      -0.0040054321      2.1137268493e-02
       126      -0.0039736430      2.1375623910e-02
       127      -0.0039418538      2.1619777652e-02
       128      -0.0039100647      2.1870784001e-02
       129      -0.0038782756      2.2130071678e-02
       130      -0.0038464864      2.2391876357e-02
       131      -0.0038146973      2.2647455904e-02
       132      -0.0037829081      2.2915678909e-02
       133      -0.0037511190      2.3190258886e-02
       134      -0.0037193298      2.3464349824e-02
       135      -0.0036875407      2.3748985060e-02
       136      -0.0036557515      2.4038680791e-02
       137      -0.0036239624      2.4332669368e-02
       138      -0.0035921733      2.4631102058e-02
       139      -0.0035603841      2.4939101568e-02
       140      -0.0035285950      2.5246558695e-02
       141      -0.0034968058      2.5558837910e-02
       142      -0.0034650167      2.5888201427e-02
       143      -0.0034332275      2.6212521009e-02
       144      -0.0034014384      2.6554076094e-02
       145      -0.0033696493      2.6901247727e-02
       146      -0.0033378601      2.7253643681e-02
       147      -0.0033060710      2.7609541777e-02
       148      -0.0032742818      2.7976860278e-02
       149      -0.0032424927      2.8349953370e-02
       150      -0.0032107035      2.8732021108e-02
       151      -0.0031789144      2.9125639186e-02
       152      -0.0031471252      2.9515813449e-02
       153      -0.0031153361      2.9922471349e-02
       154      -0.0030835470      3.0337011855e-02
       155      -0.0030517578      3.0758259830e-02
       156      -0.0030199687      3.1191664130e-02
       157      -0.0029881795      3.1625663331e-02
       158      -0.0029563904      3.2073263716e-02
       159      -0.0029246012      3.2529800404e-02
       160      -0.0028928121      3.2992400771e-02
       161      -0.0028610229      3.3471279632e-02
       162      -0.0028292338      3.3962155906e-02
       163      -0.0027974447      3.4459689219e-02
       164      -0.0027656555      3.4972804956e-02
       165      -0.0027338664      3.5500298870e-02
       166      -0.0027020772      3.6039270383e-02
       167      -0.0026702881      3.6594740265e-02
       168      -0.0026384989      3.7156918284e-02
       169      -0.0026067098      3.7721057837e-02
       170      -0.0025749207      3.8305084547e-02
       171      -0.0025431315      3.8898197688e-02
       172      -0.0025113424      3.9519611204e-02
       173      -0.0024795532      4.0158719136e-02
       174      -0.0024477641      4.0810352875e-02
       175      -0.0024159749      4.1475004238e-02
       176      -0.0023841858      4.2153860638e-02
       177      -0.0023523966      4.2846897583e-02
       178      -0.0023206075      4.3562416900e-02
       179      -0.0022888184      4.4288553428e-02
       180      -0.0022570292      4.5037919793e-02
       181      -0.0022252401      4.5802490309e-02
       182      -0.0021934509      4.6591987285e-02
       183      -0.0021616618      4.7399629810e-02
       184      -0.0021298726      4.8237924101e-02
       185      -0.0020980835      4.9087899066e-02
       186      -0.0020662944      4.9945804938e-02
       187      -0.0020345052      5.0865687516e-02
       188      -0.0020027161      5.1764686396e-02
       189      -0.0019709269      5.2718233525e-02
       190      -0.0019391378      5.3690075399e-02
       191      -0.0019073486      5.4681503439e-02
       192      -0.0018755595      5.5705282873e-02
       193      -0.0018437703      5.6759848576e-02
       194      -0.0018119812      5.7803748038e-02
       195      -0.0017801921      5.8900506050e-02
       196      -0.0017484029      6.0046540503e-02
       197      -0.0017166138      6.1208962262e-02
       198      -0.0016848246      6.2387741587e-02
       199      -0.0016530355      6.3588058090e-02
       200      -0.0016212463      6.4853703836e-02
       201      -0.0015894572      6.6148711898e-02
       202      -0.0015576681      6.7481249516e-02
       203      -0.0015258789      6.8836181167e-02
       204      -0.0014940898      7.0237195718e-02
       205      -0.0014623006      7.1691411946e-02
       206      -0.0014305115      7.3157599749e-02
       207      -0.0013987223      7.4661384049e-02
       208      -0.0013669332      7.6196166141e-02
       209      -0.0013351440      7.7769046783e-02
       210      -0.0013033549      7.9405000788e-02
       211      -0.0012715658      8.1104978066e-02
       212      -0.0012397766      8.2863063460e-02
       213      -0.0012079875      8.4642944706e-02
       214      -0.0011761983      8.6502325160e-02
       215      -0.0011444092      8.8357241380e-02
       216      -0.0011126200      9.0284103819e-02
       217      -0.0010808309      9.2250750028e-02
       218      -0.0010490417      9.4275406265e-02
       219      -0.0010172526      9.6325637961e-02
       220      -0.0009854635      9.8488696000e-02
       221      -0.0009536743      1.0067073402e-01
       222      -0.0009218852      1.0290559425e-01
       223      -0.0008900960      1.0519355832e-01
       224      -0.0008583069      1.0759533543e-01
       225      -0.0008265177      1.1002914733e-01
       226      -0.0007947286      1.1254742564e-01
       227      -0.0007629395      1.1510707217e-01
       228      -0.0007311503      1.1768268387e-01
       229      -0.0006993612      1.2041581217e-01
       230      -0.0006675720      1.2318945010e-01
       231      -0.0006357829      1.2597807669e-01
       232      -0.0006039937      1.2883191950e-01
       233      -0.0005722046      1.3178590689e-01
       234      -0.0005404154      1.3480352066e-01
       235      -0.0005086263      1.3790204912e-01
       236      -0.0004768372      1.4103863707e-01
       237      -0.0004450480      1.4427033348e-01
       238      -0.0004132589      1.4752532090e-01
       239      -0.0003814697      1.5082874409e-01
       240      -0.0003496806      1.5424516371e-01
       241      -0.0003178914      1.5771730297e-01
       242      -0.0002861023      1.6128319034e-01
       243      -0.0002543132      1.6490755585e-01
       244      -0.0002225240      1.6858098566e-01
       245      -0.0001907349      1.7236158907e-01
       246      -0.0001589457      1.7620220278e-01
       247      -0.0001271566      1.8005113829e-01
       248      -0.0000953674      1.8398864348e-01
       249      -0.0000635783      1.8798325431e-01
       250      -0.0000317891      1.9210528173e-01
       251      0.0000000000      1.9623140176e-01
       252      0.0000317891      3.4597512178e-01
       253      0.0000635783      3.5140430328e-01
       254      0.0000953674      3.5672572544e-01
       255      0.0001271566      3.6200508881e-01
       256      0.0001589457      3.6722033272e-01
       257      0.0001907349      3.7246547508e-01
       258      0.0002225240      3.7758115288e-01
       259      0.0002543132      3.8261270776e-01
       260      0.0002861023      3.8762600542e-01
       261      0.0003178914      3.9262339703e-01
       262      0.0003496806      3.9752814014e-01
       263      0.0003814697      4.0237070274e-01
       264      0.0004132589      4.0714880413e-01
       265      0.0004450480      4.1184988675e-01
       266      0.0004768372      4.1651782261e-01
       267      0.0005086263      4.2112267723e-01
       268      0.0005404154      4.2569102257e-01
       269      0.0005722046      4.3017128734e-01
       270      0.0006039937      4.3458165085e-01
       271      0.0006357829      4.3891668677e-01
       272      0.0006675720      4.4319435733e-01
       273      0.0006993612      4.4739936765e-01
       274      0.0007311503      4.5157982400e-01
       275      0.0007629395      4.5568316599e-01
       276      0.0007947286      4.5970888458e-01
       277      0.0008265177      4.6370082979e-01
       278      0.0008583069      4.6759611767e-01
       279      0.0008900960      4.7143975828e-01
       280      0.0009218852      4.7522571028e-01
       281      0.0009536743      4.7898064022e-01
       282      0.0009854635      4.8264819957e-01
       283      0.0010172526      4.8630191367e-01
       284      0.0010490417      4.8987072527e-01
       285      0.0010808309      4.9340470606e-01
       286      0.0011126200      4.9685189605e-01
       287      0.0011444092      5.0022669505e-01
       288      0.0011761983      5.0354840766e-01
       289      0.0012079875      5.0684988564e-01
       290      0.0012397766      5.1011535942e-01
       291      0.0012715658      5.1329773664e-01
       292      0.0013033549      5.1642468197e-01
       293      0.0013351440      5.1950084065e-01
       294      0.0013669332      5.2251781008e-01
       295      0.0013987223      5.2548040600e-01
       296      0.0014305115      5.2843215227e-01
       297      0.0014623006      5.3133224378e-01
       298      0.0014940898      5.3416598238e-01
       299      0.0015258789      5.3698071147e-01
       300      0.0015576681      5.3974496235e-01
       301      0.0015894572      5.4248350882e-01
       302      0.0016212463      5.4515938003e-01
       303      0.0016530355      5.4779518495e-01
       304      0.0016848246      5.5037909642e-01
       305      0.0017166138      5.5289948790e-01
       306      0.0017484029      5.5541806967e-01
       307      0.0017801921      5.5791946422e-01
       308      0.0018119812      5.6034477956e-01
       309      0.0018437703      5.6274810454e-01
       310      0.0018755595      5.6510731141e-01
       311      0.0019073486      5.6745831711e-01
       312      0.0019391378      5.6976073892e-01
       313      0.0019709269      5.7203034061e-01
       314      0.0020027161      5.7426169408e-01
       315      0.0020345052      5.7647827053e-01
       316      0.0020662944      5.7864941601e-01
       317      0.0020980835      5.8079816183e-01
       318      0.0021298726      5.8292657194e-01
       319      0.0021616618      5.8500758124e-01
       320      0.0021934509      5.8707063360e-01
       321      0.0022252401      5.8909716500e-01
       322      0.0022570292      5.9109556928e-01
       323      0.0022888184      5.9306609543e-01
       324      0.0023206075      5.9501616174e-01
       325      0.0023523966      5.9694509081e-01
       326      0.0023841858      5.9883087932e-01
       327      0.0024159749      6.0069696299e-01
       328      0.0024477641      6.0254684068e-01
       329      0.0024795532      6.0435953682e-01
       330      0.0025113424      6.0615622490e-01
       331      0.0025431315      6.0794952874e-01
       332      0.0025749207      6.0971766639e-01
       333      0.0026067098      6.1145626284e-01
       334      0.0026384989      6.1318561778e-01
       335      0.0026702881      6.1489836484e-01
       336      0.0027020772      6.1658386299e-01
       337      0.0027338664      6.1825765793e-01
       338      0.0027656555      6.1990967360e-01
       339      0.0027974447      6.2154589372e-01
       340      0.0028292338      6.2315837256e-01
       341      0.0028610229      6.2474569549e-01
       342      0.0028928121      6.2633880109e-01
       343      0.0029246012      6.2790554696e-01
       344      0.0029563904      6.2945300427e-01
       345      0.0029881795      6.3098689117e-01
       346      0.0030199687      6.3250956702e-01
       347      0.0030517578      6.3400995156e-01
       348      0.0030835470      6.3550259495e-01
       349      0.0031153361      6.3697922733e-01
       350      0.0031471252      6.3845012650e-01
       351      0.0031789144      6.3990229457e-01
       352      0.0032107035      6.4134589881e-01
       353      0.0032424927      6.4277713314e-01
       354      0.0032742818      6.4418568081e-01
       355      0.0033060710      6.4557664152e-01
       356      0.0033378601      6.4696667481e-01
       357      0.0033696493      6.4834165447e-01
       358      0.0034014384      6.4970308894e-01
       359      0.0034332275      6.5105620057e-01
       360      0.0034650167      6.5239294151e-01
       361      0.0034968058      6.5372542024e-01
       362      0.0035285950      6.5503642653e-01
       363      0.0035603841      6.5634073422e-01
       364      0.0035921733      6.5764038309e-01
       365      0.0036239624      6.5892416170e-01
       366      0.0036557515      6.6019743589e-01
       367      0.0036875407      6.6145838423e-01
       368      0.0037193298      6.6270728661e-01
       369      0.0037511190      6.6394967498e-01
       370      0.0037829081      6.6518967543e-01
       371      0.0038146973      6.6641657722e-01
       372      0.0038464864      6.6763195274e-01
       373      0.0038782756      6.6884013429e-01
       374      0.0039100647      6.7003534101e-01
       375      0.0039418538      6.7122467395e-01
       376      0.0039736430      6.7240394848e-01
       377      0.0040054321      6.7357822962e-01
       378      0.0040372213      6.7474627783e-01
       379      0.0040690104      6.7589966616e-01
       380      0.0041007996      6.7704674460e-01
       381      0.0041325887      6.7818417345e-01
       382      0.0041643778      6.7931472837e-01
       383      0.0041961670      6.8043581157e-01
       384      0.0042279561      6.8155328317e-01
       385      0.0042597453      6.8266158857e-01
       386      0.0042915344      6.8375688460e-01
       387      0.0043233236      6.8485321675e-01
       388      0.0043551127      6.8593690780e-01
       389      0.0043869019      6.8701856586e-01
       390      0.0044186910      6.8809025508e-01
       391      0.0044504801      6.8916002319e-01
       392      0.0044822693      6.9021923747e-01
       393      0.0045140584      6.9126737323e-01
       394      0.0045458476      6.9231188719e-01
       395      0.0045776367      6.9335166363e-01
       396      0.0046094259      6.9438582026e-01
       397      0.0046412150      6.9541395483e-01
       398      0.0046730042      6.9644111340e-01
       399      0.0047047933      6.9745235598e-01
       400      0.0047365824      6.9845664302e-01
       401      0.0047683716      6.9945903329e-01
       402      0.0048001607      7.0045723329e-01
       403      0.0048319499      7.0144637134e-01
       404      0.0048637390      7.0243194125e-01
       405      0.0048955282      7.0341378188e-01
       406      0.0049273173      7.0438604697e-01
       407      0.0049591064      7.0535329335e-01
       408      0.0049908956      7.0631500236e-01
       409      0.0050226847      7.0727414356e-01
       410      0.0050544739      7.0822310187e-01
       411      0.0050862630      7.0916479585e-01
       412      0.0051180522      7.1011004844e-01
       413      0.0051498413      7.1104522345e-01
       414      0.0051816305      7.1197375266e-01
       415      0.0052134196      7.1289739907e-01
       416      0.0052452087      7.1381369160e-01
       417      0.0052769979      7.1472860727e-01
       418      0.0053087870      7.1563775471e-01
       419      0.0053405762      7.1654633851e-01
       420      0.0053723653      7.1744328161e-01
       421      0.0054041545      7.1833693178e-01
       422      0.0054359436      7.1922875988e-01
       423      0.0054677327      7.2011011025e-01
       424      0.0054995219      7.2098907484e-01
       425      0.0055313110      7.2186415291e-01
       426      0.0055631002      7.2273622181e-01
       427      0.0055948893      7.2360560177e-01
       428      0.0056266785      7.2447041678e-01
       429      0.0056584676      7.2532836616e-01
       430      0.0056902568      7.2617916134e-01
       431      0.0057220459      7.2702833129e-01
       432      0.0057538350      7.2787279422e-01
       433      0.0057856242      7.2871312827e-01
       434      0.0058174133      7.2954814557e-01
       435      0.0058492025      7.3038179907e-01
       436      0.0058809916      7.3120931688e-01
       437      0.0059127808      7.3203525271e-01
       438      0.0059445699      7.3285394425e-01
       439      0.0059763590      7.3367117634e-01
       440      0.0060081482      7.3448103571e-01
       441      0.0060399373      7.3528927393e-01
       442      0.0060717265      7.3609322598e-01
       443      0.0061035156      7.3689286762e-01
       444      0.0061353048      7.3768815418e-01
       445      0.0061670939      7.3847929894e-01
       446      0.0061988831      7.3926648428e-01
       447      0.0062306722      7.4005298210e-01
       448      0.0062624613      7.4083171337e-01
       449      0.0062942505      7.4160911019e-01
       450      0.0063260396      7.4238418928e-01
       451      0.0063578288      7.4315452140e-01
       452      0.0063896179      7.4392005413e-01
       453      0.0064214071      7.4468513506e-01
       454      0.0064531962      7.4544253346e-01
       455      0.0064849854      7.4619937646e-01
       456      0.0065167745      7.4695283493e-01
       457      0.0065485636      7.4770187668e-01
       458      0.0065803528      7.4844803961e-01
       459      0.0066121419      7.4919004811e-01
       460      0.0066439311      7.4993018308e-01
       461      0.0066757202      7.5066590200e-01
       462      0.0067075094      7.5139682400e-01
       463      0.0067392985      7.5212661457e-01
       464      0.0067710876      7.5285394235e-01
       465      0.0068028768      7.5357512375e-01
       466      0.0068346659      7.5429459057e-01
       467      0.0068664551      7.5500958334e-01
       468      0.0068982442      7.5572266312e-01
       469      0.0069300334      7.5643152634e-01
       470      0.0069618225      7.5713617638e-01
       471      0.0069936117      7.5784131349e-01
       472      0.0070254008      7.5854261943e-01
       473      0.0070571899      7.5924067595e-01
       474      0.0070889791      7.5993566101e-01
       475      0.0071207682      7.6062646341e-01
       476      0.0071525574      7.6131311110e-01
       477      0.0071843465      7.6199611662e-01
       478      0.0072161357      7.6267590855e-01
       479      0.0072479248      7.6335530390e-01
       480      0.0072797139      7.6402941239e-01
       481      0.0073115031      7.6470297856e-01
       482      0.0073432922      7.6537205222e-01
       483      0.0073750814      7.6604143356e-01
       484      0.0074068705      7.6670654460e-01
       485      0.0074386597      7.6736981968e-01
       486      0.0074704488      7.6802838093e-01
       487      0.0075022380      7.6868554016e-01
       488      0.0075340271      7.6933834160e-01
       489      0.0075658162      7.6998842131e-01
       490      0.0075976054      7.7063622253e-01
       491      0.0076293945      7.7128220170e-01
       492      0.0076611837      7.7192263518e-01
       493      0.0076929728      7.7256298930e-01
       494      0.0077247620      7.7319983124e-01
       495      0.0077565511      7.7383153781e-01
       496      0.0077883403      7.7446369500e-01
       497      0.0078201294      7.7509199526e-01
       498      0.0078519185      7.7571736899e-01
       499      0.0078837077      7.7634144402e-01
       500      0.0079154968      7.7696283156e-01
       501      0.0079472860      7.7758250088e-01
