         1      -0.0762939453      3.5950850830e-03
         2      -0.0759887695      3.6175708008e-03
         3      -0.0756835938      3.6402219238e-03
         4      -0.0753784180      3.6631132812e-03
         5      -0.0750732422      3.6864781494e-03
         6      -0.0747680664      3.7103497315e-03
         7      -0.0744628906      3.7341578369e-03
         8      -0.0741577148      3.7580536499e-03
         9      -0.0738525391      3.7823495483e-03
        10      -0.0735473633      3.8071326294e-03
        11      -0.0732421875      3.8323907471e-03
        12      -0.0729370117      3.8574402466e-03
        13      -0.0726318359      3.8831071167e-03
        14      -0.0723266602      3.9088104248e-03
        15      -0.0720214844      3.9350599976e-03
        16      -0.0717163086      3.9616357421e-03
        17      -0.0714111328      3.9884166869e-03
        18      -0.0711059570      4.0155761719e-03
        19      -0.0708007812      4.0429225464e-03
        20      -0.0704956055      4.0706442871e-03
        21      -0.0701904297      4.0988220215e-03
        22      -0.0698852539      4.1271333008e-03
        23      -0.0695800781      4.1556622925e-03
        24      -0.0692749023      4.1843246460e-03
        25      -0.0689697266      4.2135156860e-03
        26      -0.0686645508      4.2427285157e-03
        27      -0.0683593750      4.2726866455e-03
        28      -0.0680541992      4.3031111451e-03
        29      -0.0677490234      4.3340675659e-03
        30      -0.0674438477      4.3649559937e-03
        31      -0.0671386719      4.3963801270e-03
        32      -0.0668334961      4.4280040283e-03
        33      -0.0665283203      4.4604444580e-03
        34      -0.0662231445      4.4928847046e-03
        35      -0.0659179688      4.5259017944e-03
        36      -0.0656127930      4.5593895263e-03
        37      -0.0653076172      4.5935532837e-03
        38      -0.0650024414      4.6280107422e-03
        39      -0.0646972656      4.6625972290e-03
        40      -0.0643920898      4.6974320678e-03
        41      -0.0640869141      4.7331139527e-03
        42      -0.0637817383      4.7692335816e-03
        43      -0.0634765625      4.8060761719e-03
        44      -0.0631713867      4.8429802857e-03
        45      -0.0628662109      4.8804509278e-03
        46      -0.0625610352      4.9186949463e-03
        47      -0.0622558594      4.9571817627e-03
        48      -0.0619506836      4.9963457031e-03
        49      -0.0616455078      5.0358401489e-03
        50      -0.0613403320      5.0765732422e-03
        51      -0.0610351562      5.1168718872e-03
        52      -0.0607299805      5.1583606567e-03
        53      -0.0604248047      5.1996594238e-03
        54      -0.0601196289      5.2418361816e-03
        55      -0.0598144531      5.2843448487e-03
        56      -0.0595092773      5.3276243897e-03
        57      -0.0592041016      5.3721009521e-03
        58      -0.0588989258      5.4162984009e-03
        59      -0.0585937500      5.4614420166e-03
        60      -0.0582885742      5.5077601929e-03
        61      -0.0579833984      5.5542163696e-03
        62      -0.0576782227      5.6018287354e-03
        63      -0.0573730469      5.6494758911e-03
        64      -0.0570678711      5.6981164551e-03
        65      -0.0567626953      5.7471054078e-03
        66      -0.0564575195      5.7972653809e-03
        67      -0.0561523438      5.8486783447e-03
        68      -0.0558471680      5.8999373779e-03
        69      -0.0555419922      5.9528126831e-03
        70      -0.0552368164      6.0055835571e-03
        71      -0.0549316406      6.0592451782e-03
        72      -0.0546264648      6.1129102783e-03
        73      -0.0543212891      6.1685016479e-03
        74      -0.0540161133      6.2248623047e-03
        75      -0.0537109375      6.2815145874e-03
        76      -0.0534057617      6.3392492066e-03
        77      -0.0531005859      6.3982555542e-03
        78      -0.0527954102      6.4581150512e-03
        79      -0.0524902344      6.5196578980e-03
        80      -0.0521850586      6.5817670288e-03
        81      -0.0518798828      6.6439591675e-03
        82      -0.0515747070      6.7075761108e-03
        83      -0.0512695312      6.7719053955e-03
        84      -0.0509643555      6.8374335327e-03
        85      -0.0506591797      6.9037350464e-03
        86      -0.0503540039      6.9715339356e-03
        87      -0.0500488281      7.0400316162e-03
        88      -0.0497436523      7.1104448853e-03
        89      -0.0494384766      7.1805902100e-03
        90      -0.0491333008      7.2524826050e-03
        91      -0.0488281250      7.3264841919e-03
        92      -0.0485229492      7.4006943970e-03
        93      -0.0482177734      7.4754216919e-03
        94      -0.0479125977      7.5534215088e-03
        95      -0.0476074219      7.6320278320e-03
        96      -0.0473022461      7.7119299927e-03
        97      -0.0469970703      7.7928782349e-03
        98      -0.0466918945      7.8750213013e-03
        99      -0.0463867188      7.9582474365e-03
       100      -0.0460815430      8.0432926636e-03
       101      -0.0457763672      8.1302377320e-03
       102      -0.0454711914      8.2191571655e-03
       103      -0.0451660156      8.3103079834e-03
       104      -0.0448608398      8.4017926026e-03
       105      -0.0445556641      8.4941275635e-03
       106      -0.0442504883      8.5891252442e-03
       107      -0.0439453125      8.6865856324e-03
       108      -0.0436401367      8.7846384888e-03
       109      -0.0433349609      8.8847871094e-03
       110      -0.0430297852      8.9875670776e-03
       111      -0.0427246094      9.0922227783e-03
       112      -0.0424194336      9.1978178101e-03
       113      -0.0421142578      9.3051276855e-03
       114      -0.0418090820      9.4154171143e-03
       115      -0.0415039062      9.5274581299e-03
       116      -0.0411987305      9.6421007080e-03
       117      -0.0408935547      9.7580611572e-03
       118      -0.0405883789      9.8771260986e-03
       119      -0.0402832031      9.9982285158e-03
       120      -0.0399780273      1.0120913452e-02
       121      -0.0396728516      1.0245975342e-02
       122      -0.0393676758      1.0374287353e-02
       123      -0.0390625000      1.0504184754e-02
       124      -0.0387573242      1.0638379456e-02
       125      -0.0384521484      1.0775050231e-02
       126      -0.0381469727      1.0914668762e-02
       127      -0.0378417969      1.1056838012e-02
       128      -0.0375366211      1.1201711609e-02
       129      -0.0372314453      1.1349110412e-02
       130      -0.0369262695      1.1502216492e-02
       131      -0.0366210938      1.1657361268e-02
       132      -0.0363159180      1.1814806274e-02
       133      -0.0360107422      1.1975576233e-02
       134      -0.0357055664      1.2140771484e-02
       135      -0.0354003906      1.2309813843e-02
       136      -0.0350952148      1.2481715088e-02
       137      -0.0347900391      1.2659194213e-02
       138      -0.0344848633      1.2839000732e-02
       139      -0.0341796875      1.3023207336e-02
       140      -0.0338745117      1.3212990112e-02
       141      -0.0335693359      1.3406320923e-02
       142      -0.0332641602      1.3604614075e-02
       143      -0.0329589844      1.3806392639e-02
       144      -0.0326538086      1.4014216919e-02
       145      -0.0323486328      1.4223952941e-02
       146      -0.0320434570      1.4440097778e-02
       147      -0.0317382812      1.4661736389e-02
       148      -0.0314331055      1.4890692322e-02
       149      -0.0311279297      1.5124364746e-02
       150      -0.0308227539      1.5364020752e-02
       151      -0.0305175781      1.5610065734e-02
       152      -0.0302124023      1.5858494934e-02
       153      -0.0299072266      1.6113566467e-02
       154      -0.0296020508      1.6377281494e-02
       155      -0.0292968750      1.6646261170e-02
       156      -0.0289916992      1.6924963562e-02
       157      -0.0286865234      1.7209837891e-02
       158      -0.0283813477      1.7501092041e-02
       159      -0.0280761719      1.7802026001e-02
       160      -0.0277709961      1.8110920532e-02
       161      -0.0274658203      1.8428943603e-02
       162      -0.0271606445      1.8754367066e-02
       163      -0.0268554688      1.9092164612e-02
       164      -0.0265502930      1.9436540466e-02
       165      -0.0262451172      1.9790794800e-02
       166      -0.0259399414      2.0157355102e-02
       167      -0.0256347656      2.0533143860e-02
       168      -0.0253295898      2.0921217163e-02
       169      -0.0250244141      2.1320498474e-02
       170      -0.0247192383      2.1732546021e-02
       171      -0.0244140625      2.2157580567e-02
       172      -0.0241088867      2.2593302307e-02
       173      -0.0238037109      2.3040224610e-02
       174      -0.0234985352      2.3503043580e-02
       175      -0.0231933594      2.3983533630e-02
       176      -0.0228881836      2.4477539368e-02
       177      -0.0225830078      2.4987993774e-02
       178      -0.0222778320      2.5513523376e-02
       179      -0.0219726562      2.6053190979e-02
       180      -0.0216674805      2.6609899658e-02
       181      -0.0213623047      2.7191924377e-02
       182      -0.0210571289      2.7788942810e-02
       183      -0.0207519531      2.8404627075e-02
       184      -0.0204467773      2.9043405579e-02
       185      -0.0201416016      2.9710981506e-02
       186      -0.0198364258      3.0395493286e-02
       187      -0.0195312500      3.1106057617e-02
       188      -0.0192260742      3.1844372009e-02
       189      -0.0189208984      3.2605633606e-02
       190      -0.0186157227      3.3391759278e-02
       191      -0.0183105469      3.4212458557e-02
       192      -0.0180053711      3.5069432617e-02
       193      -0.0177001953      3.5950310059e-02
       194      -0.0173950195      3.6869566468e-02
       195      -0.0170898438      3.7821941101e-02
       196      -0.0167846680      3.8810460938e-02
       197      -0.0164794922      3.9837522766e-02
       198      -0.0161743164      4.0908399475e-02
       199      -0.0158691406      4.2023341491e-02
       200      -0.0155639648      4.3182337036e-02
       201      -0.0152587891      4.4388382752e-02
       202      -0.0149536133      4.5646344665e-02
       203      -0.0146484375      4.6956664856e-02
       204      -0.0143432617      4.8327309326e-02
       205      -0.0140380859      4.9751525146e-02
       206      -0.0137329102      5.1234973084e-02
       207      -0.0134277344      5.2790593201e-02
       208      -0.0131225586      5.4409853272e-02
       209      -0.0128173828      5.6101228943e-02
       210      -0.0125122070      5.7875324463e-02
       211      -0.0122070312      5.9721596497e-02
       212      -0.0119018555      6.1660214111e-02
       213      -0.0115966797      6.3681287293e-02
       214      -0.0112915039      6.5780395447e-02
       215      -0.0109863281      6.7997181945e-02
       216      -0.0106811523      7.0312296143e-02
       217      -0.0103759766      7.2733135315e-02
       218      -0.0100708008      7.5251713379e-02
       219      -0.0097656250      7.7903063233e-02
       220      -0.0094604492      8.0687644470e-02
       221      -0.0091552734      8.3586509094e-02
       222      -0.0088500977      8.6643430359e-02
       223      -0.0085449219      8.9829144165e-02
       224      -0.0082397461      9.3155111206e-02
       225      -0.0079345703      9.6637793029e-02
       226      -0.0076293945      1.0030156861e-01
       227      -0.0073242188      1.0412108502e-01
       228      -0.0070190430      1.0809592914e-01
       229      -0.0067138672      1.1226070349e-01
       230      -0.0064086914      1.1660947943e-01
       231      -0.0061035156      1.2117714130e-01
       232      -0.0057983398      1.2591704090e-01
       233      -0.0054931641      1.3089371118e-01
       234      -0.0051879883      1.3608709284e-01
       235      -0.0048828125      1.4149434760e-01
       236      -0.0045776367      1.4711541076e-01
       237      -0.0042724609      1.5298781799e-01
       238      -0.0039672852      1.5910554858e-01
       239      -0.0036621094      1.6542903180e-01
       240      -0.0033569336      1.7200646423e-01
       241      -0.0030517578      1.7887149414e-01
       242      -0.0027465820      1.8597847369e-01
       243      -0.0024414062      1.9337878296e-01
       244      -0.0021362305      2.0096911109e-01
       245      -0.0018310547      2.0880770654e-01
       246      -0.0015258789      2.1695254365e-01
       247      -0.0012207031      2.2535262641e-01
       248      -0.0009155273      2.3400034985e-01
       249      -0.0006103516      2.4283829700e-01
       250      -0.0003051758      2.5193749890e-01
       251      0.0000000000      2.6126781580e-01
       252      0.0003051758      4.7320759314e-01
       253      0.0006103516      4.8582679144e-01
       254      0.0009155273      4.9835190363e-01
       255      0.0012207031      5.1066917157e-01
       256      0.0015258789      5.2277490936e-01
       257      0.0018310547      5.3473776874e-01
       258      0.0021362305      5.4648972638e-01
       259      0.0024414062      5.5807032544e-01
       260      0.0027465820      5.6938561334e-01
       261      0.0030517578      5.8047346167e-01
       262      0.0033569336      5.9136140313e-01
       263      0.0036621094      6.0202795374e-01
       264      0.0039672852      6.1241074432e-01
       265      0.0042724609      6.2258133899e-01
       266      0.0045776367      6.3250393024e-01
       267      0.0048828125      6.4215009790e-01
       268      0.0051879883      6.5158951337e-01
       269      0.0054931641      6.6075603449e-01
       270      0.0057983398      6.6969924762e-01
       271      0.0061035156      6.7840032721e-01
       272      0.0064086914      6.8688916498e-01
       273      0.0067138672      6.9509231238e-01
       274      0.0070190430      7.0308076196e-01
       275      0.0073242188      7.1086654523e-01
       276      0.0076293945      7.1838602234e-01
       277      0.0079345703      7.2571824201e-01
       278      0.0082397461      7.3285044251e-01
       279      0.0085449219      7.3974492286e-01
       280      0.0088500977      7.4642788489e-01
       281      0.0091552734      7.5291186841e-01
       282      0.0094604492      7.5921612854e-01
       283      0.0097656250      7.6531159870e-01
       284      0.0100708008      7.7123256293e-01
       285      0.0103759766      7.7695464411e-01
       286      0.0106811523      7.8251030322e-01
       287      0.0109863281      7.8791533862e-01
       288      0.0112915039      7.9314036310e-01
       289      0.0115966797      7.9819645795e-01
       290      0.0119018555      8.0308649384e-01
       291      0.0122070312      8.0784337537e-01
       292      0.0125122070      8.1245526575e-01
       293      0.0128173828      8.1691557697e-01
       294      0.0131225586      8.2125569672e-01
       295      0.0134277344      8.2544889850e-01
       296      0.0137329102      8.2950561096e-01
       297      0.0140380859      8.3345702863e-01
       298      0.0143432617      8.3730575305e-01
       299      0.0146484375      8.4101053173e-01
       300      0.0149536133      8.4461286292e-01
       301      0.0152587891      8.4811251019e-01
       302      0.0155639648      8.5150168017e-01
       303      0.0158691406      8.5478955719e-01
       304      0.0161743164      8.5799262036e-01
       305      0.0164794922      8.6110242963e-01
       306      0.0167846680      8.6410833961e-01
       307      0.0170898438      8.6704060962e-01
       308      0.0173950195      8.6986509455e-01
       309      0.0177001953      8.7262141742e-01
       310      0.0180053711      8.7529980981e-01
       311      0.0183105469      8.7789801586e-01
       312      0.0186157227      8.8042482721e-01
       313      0.0189208984      8.8288723010e-01
       314      0.0192260742      8.8527728077e-01
       315      0.0195312500      8.8759970587e-01
       316      0.0198364258      8.8985556811e-01
       317      0.0201416016      8.9205542468e-01
       318      0.0204467773      8.9418994831e-01
       319      0.0207519531      8.9626323627e-01
       320      0.0210571289      8.9828829718e-01
       321      0.0213623047      9.0026196741e-01
       322      0.0216674805      9.0217896039e-01
       323      0.0219726562      9.0404817920e-01
       324      0.0222778320      9.0586382489e-01
       325      0.0225830078      9.0762944086e-01
       326      0.0228881836      9.0935135706e-01
       327      0.0231933594      9.1102771973e-01
       328      0.0234985352      9.1265491736e-01
       329      0.0238037109      9.1424661273e-01
       330      0.0241088867      9.1579910785e-01
       331      0.0244140625      9.1731307434e-01
       332      0.0247192383      9.1878924677e-01
       333      0.0250244141      9.2022586608e-01
       334      0.0253295898      9.2162878632e-01
       335      0.0256347656      9.2300275574e-01
       336      0.0259399414      9.2433123920e-01
       337      0.0262451172      9.2563127515e-01
       338      0.0265502930      9.2690329010e-01
       339      0.0268554688      9.2814373077e-01
       340      0.0271606445      9.2935638776e-01
       341      0.0274658203      9.3053740540e-01
       342      0.0277709961      9.3168489233e-01
       343      0.0280761719      9.3281432978e-01
       344      0.0283813477      9.3391485584e-01
       345      0.0286865234      9.3499072449e-01
       346      0.0289916992      9.3604037982e-01
       347      0.0292968750      9.3706609925e-01
       348      0.0296020508      9.3806976868e-01
       349      0.0299072266      9.3904951166e-01
       350      0.0302124023      9.4001185845e-01
       351      0.0305175781      9.4094852112e-01
       352      0.0308227539      9.4186507856e-01
       353      0.0311279297      9.4275775543e-01
       354      0.0314331055      9.4363295716e-01
       355      0.0317382812      9.4449241382e-01
       356      0.0320434570      9.4533021326e-01
       357      0.0323486328      9.4614970856e-01
       358      0.0326538086      9.4695419537e-01
       359      0.0329589844      9.4774049213e-01
       360      0.0332641602      9.4851210090e-01
       361      0.0335693359      9.4926745264e-01
       362      0.0338745117      9.5000557825e-01
       363      0.0341796875      9.5072593665e-01
       364      0.0344848633      9.5143340271e-01
       365      0.0347900391      9.5212734357e-01
       366      0.0350952148      9.5280522467e-01
       367      0.0354003906      9.5346978882e-01
       368      0.0357055664      9.5412154871e-01
       369      0.0360107422      9.5475997638e-01
       370      0.0363159180      9.5538837652e-01
       371      0.0366210938      9.5600337409e-01
       372      0.0369262695      9.5660410571e-01
       373      0.0372314453      9.5719469031e-01
       374      0.0375366211      9.5777412604e-01
       375      0.0378417969      9.5834382300e-01
       376      0.0381469727      9.5889933972e-01
       377      0.0384521484      9.5944600049e-01
       378      0.0387573242      9.5998296271e-01
       379      0.0390625000      9.6050815350e-01
       380      0.0393676758      9.6102519336e-01
       381      0.0396728516      9.6153017169e-01
       382      0.0399780273      9.6202677533e-01
       383      0.0402832031      9.6251541638e-01
       384      0.0405883789      9.6299520794e-01
       385      0.0408935547      9.6346543231e-01
       386      0.0411987305      9.6392634015e-01
       387      0.0415039062      9.6438139569e-01
       388      0.0418090820      9.6482630182e-01
       389      0.0421142578      9.6526450372e-01
       390      0.0424194336      9.6569467920e-01
       391      0.0427246094      9.6611711072e-01
       392      0.0430297852      9.6653370978e-01
       393      0.0433349609      9.6694235876e-01
       394      0.0436401367      9.6734359924e-01
       395      0.0439453125      9.6773824566e-01
       396      0.0442504883      9.6812586231e-01
       397      0.0445556641      9.6850788550e-01
       398      0.0448608398      9.6888274359e-01
       399      0.0451660156      9.6925114575e-01
       400      0.0454711914      9.6961357446e-01
       401      0.0457763672      9.6996972748e-01
       402      0.0460815430      9.7031982379e-01
       403      0.0463867188      9.7066526605e-01
       404      0.0466918945      9.7100397369e-01
       405      0.0469970703      9.7133687976e-01
       406      0.0473022461      9.7166580261e-01
       407      0.0476074219      9.7198896930e-01
       408      0.0479125977      9.7230623926e-01
       409      0.0482177734      9.7261781556e-01
       410      0.0485229492      9.7292515045e-01
       411      0.0488281250      9.7322938275e-01
       412      0.0491333008      9.7352815015e-01
       413      0.0494384766      9.7382250885e-01
       414      0.0497436523      9.7411200281e-01
       415      0.0500488281      9.7439537238e-01
       416      0.0503540039      9.7467573389e-01
       417      0.0506591797      9.7495218060e-01
       418      0.0509643555      9.7522354785e-01
       419      0.0512695312      9.7549159418e-01
       420      0.0515747070      9.7575542261e-01
       421      0.0518798828      9.7601462348e-01
       422      0.0521850586      9.7627087952e-01
       423      0.0524902344      9.7652407703e-01
       424      0.0527954102      9.7677251312e-01
       425      0.0531005859      9.7701753693e-01
       426      0.0534057617      9.7725958368e-01
       427      0.0537109375      9.7749709368e-01
       428      0.0540161133      9.7773218261e-01
       429      0.0543212891      9.7796407165e-01
       430      0.0546264648      9.7819121106e-01
       431      0.0549316406      9.7841555237e-01
       432      0.0552368164      9.7863736987e-01
       433      0.0555419922      9.7885607551e-01
       434      0.0558471680      9.7907190808e-01
       435      0.0561523438      9.7928455548e-01
       436      0.0564575195      9.7949504974e-01
       437      0.0567626953      9.7970168909e-01
       438      0.0570678711      9.7990623773e-01
       439      0.0573730469      9.8010729578e-01
       440      0.0576782227      9.8030629083e-01
       441      0.0579833984      9.8050170911e-01
       442      0.0582885742      9.8069531091e-01
       443      0.0585937500      9.8088670319e-01
       444      0.0588989258      9.8107497736e-01
       445      0.0592041016      9.8126088501e-01
       446      0.0595092773      9.8144417071e-01
       447      0.0598144531      9.8162489716e-01
       448      0.0601196289      9.8180352582e-01
       449      0.0604248047      9.8197963818e-01
       450      0.0607299805      9.8215396447e-01
       451      0.0610351562      9.8232601868e-01
       452      0.0613403320      9.8249645447e-01
       453      0.0616455078      9.8266369079e-01
       454      0.0619506836      9.8282935211e-01
       455      0.0622558594      9.8299313409e-01
       456      0.0625610352      9.8315488446e-01
       457      0.0628662109      9.8331479022e-01
       458      0.0631713867      9.8347260028e-01
       459      0.0634765625      9.8362842072e-01
       460      0.0637817383      9.8378224378e-01
       461      0.0640869141      9.8393463513e-01
       462      0.0643920898      9.8408437286e-01
       463      0.0646972656      9.8423308642e-01
       464      0.0650024414      9.8437919824e-01
       465      0.0653076172      9.8452401184e-01
       466      0.0656127930      9.8466664642e-01
       467      0.0659179688      9.8480817932e-01
       468      0.0662231445      9.8494730481e-01
       469      0.0665283203      9.8508526367e-01
       470      0.0668334961      9.8522187176e-01
       471      0.0671386719      9.8535685615e-01
       472      0.0674438477      9.8549002887e-01
       473      0.0677490234      9.8562193554e-01
       474      0.0680541992      9.8575226904e-01
       475      0.0683593750      9.8588123694e-01
       476      0.0686645508      9.8600873315e-01
       477      0.0689697266      9.8613431427e-01
       478      0.0692749023      9.8625902569e-01
       479      0.0695800781      9.8638267499e-01
       480      0.0698852539      9.8650444971e-01
       481      0.0701904297      9.8662434766e-01
       482      0.0704956055      9.8674339019e-01
       483      0.0708007812      9.8686150122e-01
       484      0.0711059570      9.8697789014e-01
       485      0.0714111328      9.8709326446e-01
       486      0.0717163086      9.8720689429e-01
       487      0.0720214844      9.8731935760e-01
       488      0.0723266602      9.8743094098e-01
       489      0.0726318359      9.8754111853e-01
       490      0.0729370117      9.8765031586e-01
       491      0.0732421875      9.8775804322e-01
       492      0.0735473633      9.8786465637e-01
       493      0.0738525391      9.8797000128e-01
       494      0.0741577148      9.8807451728e-01
       495      0.0744628906      9.8817771747e-01
       496      0.0747680664      9.8828013238e-01
       497      0.0750732422      9.8838137664e-01
       498      0.0753784180      9.8848146484e-01
       499      0.0756835938      9.8858067102e-01
       500      0.0759887695      9.8867885388e-01
       501      0.0762939453      9.8877627655e-01
