         1      -0.0158945719      6.6115126848e-03
         2      -0.0158309937      6.6563308597e-03
         3      -0.0157674154      6.7020054459e-03
         4      -0.0157038371      6.7465912580e-03
         5      -0.0156402588      6.7933103681e-03
         6      -0.0155766805      6.8409835934e-03
         7      -0.0155131022      6.8877175092e-03
         8      -0.0154495239      6.9349665165e-03
         9      -0.0153859456      6.9823927641e-03
        10      -0.0153223674      7.0317481399e-03
        11      -0.0152587891      7.0809241890e-03
        12      -0.0151952108      7.1308465480e-03
        13      -0.0151316325      7.1817831039e-03
        14      -0.0150680542      7.2319735647e-03
        15      -0.0150044759      7.2825236917e-03
        16      -0.0149408976      7.3338485837e-03
        17      -0.0148773193      7.3866853238e-03
        18      -0.0148137410      7.4403226256e-03
        19      -0.0147501628      7.4937176347e-03
        20      -0.0146865845      7.5475821614e-03
        21      -0.0146230062      7.6025605321e-03
        22      -0.0145594279      7.6584438920e-03
        23      -0.0144958496      7.7147448540e-03
        24      -0.0144322713      7.7717838526e-03
        25      -0.0143686930      7.8285751224e-03
        26      -0.0143051147      7.8863806128e-03
        27      -0.0142415365      7.9460234761e-03
        28      -0.0141779582      8.0056734562e-03
        29      -0.0141143799      8.0658078909e-03
        30      -0.0140508016      8.1260885954e-03
        31      -0.0139872233      8.1881653904e-03
        32      -0.0139236450      8.2503261567e-03
        33      -0.0138600667      8.3130604148e-03
        34      -0.0137964884      8.3764789462e-03
        35      -0.0137329102      8.4413240790e-03
        36      -0.0136693319      8.5063840270e-03
        37      -0.0136057536      8.5725979328e-03
        38      -0.0135421753      8.6395716548e-03
        39      -0.0134785970      8.7068329453e-03
        40      -0.0134150187      8.7753899455e-03
        41      -0.0133514404      8.8447270513e-03
        42      -0.0132878621      8.9145285010e-03
        43      -0.0132242839      8.9866833926e-03
        44      -0.0131607056      9.0576489329e-03
        45      -0.0130971273      9.1293178082e-03
        46      -0.0130335490      9.2019240856e-03
        47      -0.0129699707      9.2776230931e-03
        48      -0.0129063924      9.3515922189e-03
        49      -0.0128428141      9.4267145753e-03
        50      -0.0127792358      9.5050079346e-03
        51      -0.0127156576      9.5831696034e-03
        52      -0.0126520793      9.6632988572e-03
        53      -0.0125885010      9.7437608957e-03
        54      -0.0125249227      9.8248934865e-03
        55      -0.0124613444      9.9063522221e-03
        56      -0.0123977661      9.9906965494e-03
        57      -0.0123341878      1.0076274157e-02
        58      -0.0122706095      1.0162714899e-02
        59      -0.0122070313      1.0250789952e-02
        60      -0.0121434530      1.0339152002e-02
        61      -0.0120798747      1.0427708387e-02
        62      -0.0120162964      1.0517667318e-02
        63      -0.0119527181      1.0606713414e-02
        64      -0.0118891398      1.0699997413e-02
        65      -0.0118255615      1.0792699885e-02
        66      -0.0117619832      1.0887421441e-02
        67      -0.0116984049      1.0982878244e-02
        68      -0.0116348267      1.1077903831e-02
        69      -0.0115712484      1.1175126004e-02
        70      -0.0115076701      1.1271982527e-02
        71      -0.0114440918      1.1371822428e-02
        72      -0.0113805135      1.1474759471e-02
        73      -0.0113169352      1.1578428698e-02
        74      -0.0112533569      1.1685352051e-02
        75      -0.0111897786      1.1790912604e-02
        76      -0.0111262004      1.1900449550e-02
        77      -0.0110626221      1.2010010469e-02
        78      -0.0109990438      1.2121904850e-02
        79      -0.0109354655      1.2235209405e-02
        80      -0.0108718872      1.2349649966e-02
        81      -0.0108083089      1.2465665066e-02
        82      -0.0107447306      1.2579691685e-02
        83      -0.0106811523      1.2696442032e-02
        84      -0.0106175741      1.2814853752e-02
        85      -0.0105539958      1.2936453748e-02
        86      -0.0104904175      1.3059686684e-02
        87      -0.0104268392      1.3186223149e-02
        88      -0.0103632609      1.3315678990e-02
        89      -0.0102996826      1.3444608009e-02
        90      -0.0102361043      1.3574939597e-02
        91      -0.0101725260      1.3708654558e-02
        92      -0.0101089478      1.3845965099e-02
        93      -0.0100453695      1.3983833456e-02
        94      -0.0099817912      1.4124609244e-02
        95      -0.0099182129      1.4266562283e-02
        96      -0.0098546346      1.4411428988e-02
        97      -0.0097910563      1.4560723865e-02
        98      -0.0097274780      1.4708711636e-02
        99      -0.0096638997      1.4858783758e-02
       100      -0.0096003215      1.5011387777e-02
       101      -0.0095367432      1.5167398191e-02
       102      -0.0094731649      1.5323687900e-02
       103      -0.0094095866      1.5485134781e-02
       104      -0.0093460083      1.5648391867e-02
       105      -0.0092824300      1.5813713014e-02
       106      -0.0092188517      1.5981029522e-02
       107      -0.0091552734      1.6152348757e-02
       108      -0.0090916951      1.6322873592e-02
       109      -0.0090281169      1.6496805477e-02
       110      -0.0089645386      1.6675653994e-02
       111      -0.0089009603      1.6857679057e-02
       112      -0.0088373820      1.7041292524e-02
       113      -0.0087738037      1.7230300557e-02
       114      -0.0087102254      1.7419097876e-02
       115      -0.0086466471      1.7612303436e-02
       116      -0.0085830688      1.7809457707e-02
       117      -0.0085194906      1.8012853432e-02
       118      -0.0084559123      1.8218184281e-02
       119      -0.0083923340      1.8426414490e-02
       120      -0.0083287557      1.8640917658e-02
       121      -0.0082651774      1.8857106268e-02
       122      -0.0082015991      1.9075059032e-02
       123      -0.0081380208      1.9296122682e-02
       124      -0.0080744425      1.9525897098e-02
       125      -0.0080108643      1.9759251702e-02
       126      -0.0079472860      1.9992684519e-02
       127      -0.0078837077      2.0234475136e-02
       128      -0.0078201294      2.0481893385e-02
       129      -0.0077565511      2.0730214060e-02
       130      -0.0076929728      2.0984809911e-02
       131      -0.0076293945      2.1242330837e-02
       132      -0.0075658162      2.1504301894e-02
       133      -0.0075022380      2.1771659911e-02
       134      -0.0074386597      2.2044593048e-02
       135      -0.0073750814      2.2323897112e-02
       136      -0.0073115031      2.2609192062e-02
       137      -0.0072479248      2.2901946474e-02
       138      -0.0071843465      2.3200672423e-02
       139      -0.0071207682      2.3495068955e-02
       140      -0.0070571899      2.3805262720e-02
       141      -0.0069936117      2.4119397258e-02
       142      -0.0069300334      2.4437903905e-02
       143      -0.0068664551      2.4764076101e-02
       144      -0.0068028768      2.5098001326e-02
       145      -0.0067392985      2.5438586891e-02
       146      -0.0066757202      2.5789862752e-02
       147      -0.0066121419      2.6141199458e-02
       148      -0.0065485636      2.6504658115e-02
       149      -0.0064849854      2.6867308558e-02
       150      -0.0064214071      2.7239964258e-02
       151      -0.0063578288      2.7626458395e-02
       152      -0.0062942505      2.8020358789e-02
       153      -0.0062306722      2.8422103012e-02
       154      -0.0061670939      2.8838317311e-02
       155      -0.0061035156      2.9256358862e-02
       156      -0.0060399373      2.9686457240e-02
       157      -0.0059763590      3.0132203472e-02
       158      -0.0059127808      3.0587304998e-02
       159      -0.0058492025      3.1041245484e-02
       160      -0.0057856242      3.1513243854e-02
       161      -0.0057220459      3.2003005505e-02
       162      -0.0056584676      3.2505050587e-02
       163      -0.0055948893      3.3013739574e-02
       164      -0.0055313110      3.3530763984e-02
       165      -0.0054677327      3.4053632974e-02
       166      -0.0054041545      3.4593516565e-02
       167      -0.0053405762      3.5147366774e-02
       168      -0.0052769979      3.5709450532e-02
       169      -0.0052134196      3.6295132434e-02
       170      -0.0051498413      3.6892542028e-02
       171      -0.0050862630      3.7507592273e-02
       172      -0.0050226847      3.8136848927e-02
       173      -0.0049591064      3.8784780073e-02
       174      -0.0048955282      3.9448319996e-02
       175      -0.0048319499      4.0128251016e-02
       176      -0.0047683716      4.0821097552e-02
       177      -0.0047047933      4.1532870698e-02
       178      -0.0046412150      4.2267021525e-02
       179      -0.0045776367      4.3031601774e-02
       180      -0.0045140584      4.3804278565e-02
       181      -0.0044504801      4.4597866345e-02
       182      -0.0043869019      4.5415928208e-02
       183      -0.0043233236      4.6256882787e-02
       184      -0.0042597453      4.7109884238e-02
       185      -0.0041961670      4.7998489476e-02
       186      -0.0041325887      4.8918965733e-02
       187      -0.0040690104      4.9850651800e-02
       188      -0.0040054321      5.0814491987e-02
       189      -0.0039418538      5.1798262977e-02
       190      -0.0038782756      5.2807516039e-02
       191      -0.0038146973      5.3842807532e-02
       192      -0.0037511190      5.4943521917e-02
       193      -0.0036875407      5.6032368719e-02
       194      -0.0036239624      5.7169338429e-02
       195      -0.0035603841      5.8340236413e-02
       196      -0.0034968058      5.9549707424e-02
       197      -0.0034332275      6.0797711945e-02
       198      -0.0033696493      6.2086937976e-02
       199      -0.0033060710      6.3394157779e-02
       200      -0.0032424927      6.4739888763e-02
       201      -0.0031789144      6.6147589648e-02
       202      -0.0031153361      6.7567711914e-02
       203      -0.0030517578      6.9045018351e-02
       204      -0.0029881795      7.0558779943e-02
       205      -0.0029246012      7.2119233107e-02
       206      -0.0028610229      7.3741072167e-02
       207      -0.0027974447      7.5393153954e-02
       208      -0.0027338664      7.7097217977e-02
       209      -0.0026702881      7.8866497147e-02
       210      -0.0026067098      8.0700120115e-02
       211      -0.0025431315      8.2578386188e-02
       212      -0.0024795532      8.4516212463e-02
       213      -0.0024159749      8.6535849834e-02
       214      -0.0023523966      8.8582304156e-02
       215      -0.0022888184      9.0683961832e-02
       216      -0.0022252401      9.2888915336e-02
       217      -0.0021616618      9.5149304175e-02
       218      -0.0020980835      9.7460026371e-02
       219      -0.0020345052      9.9852888953e-02
       220      -0.0019709269      1.0230030573e-01
       221      -0.0019073486      1.0480938900e-01
       222      -0.0018437703      1.0741581556e-01
       223      -0.0017801921      1.1008293947e-01
       224      -0.0017166138      1.1282914715e-01
       225      -0.0016530355      1.1566406825e-01
       226      -0.0015894572      1.1858830892e-01
       227      -0.0015258789      1.2154983741e-01
       228      -0.0014623006      1.2461241828e-01
       229      -0.0013987223      1.2775549472e-01
       230      -0.0013351440      1.3098894638e-01
       231      -0.0012715658      1.3427180064e-01
       232      -0.0012079875      1.3768416755e-01
       233      -0.0011444092      1.4120070918e-01
       234      -0.0010808309      1.4478625365e-01
       235      -0.0010172526      1.4844188722e-01
       236      -0.0009536743      1.5220095049e-01
       237      -0.0008900960      1.5603117474e-01
       238      -0.0008265177      1.6000230658e-01
       239      -0.0007629395      1.6401863680e-01
       240      -0.0006993612      1.6811333811e-01
       241      -0.0006357829      1.7233042894e-01
       242      -0.0005722046      1.7661912242e-01
       243      -0.0005086263      1.8096470722e-01
       244      -0.0004450480      1.8547266257e-01
       245      -0.0003814697      1.9005747011e-01
       246      -0.0003178914      1.9465647675e-01
       247      -0.0002543132      1.9941921981e-01
       248      -0.0001907349      2.0424539285e-01
       249      -0.0001271566      2.0914760757e-01
       250      -0.0000635783      2.1420073926e-01
       251      0.0000000000      2.1932381297e-01
       252      0.0000635783      3.8228914685e-01
       253      0.0001271566      3.8897639757e-01
       254      0.0001907349      3.9551466338e-01
       255      0.0002543132      4.0199028458e-01
       256      0.0003178914      4.0845568930e-01
       257      0.0003814697      4.1481605622e-01
       258      0.0004450480      4.2118173037e-01
       259      0.0005086263      4.2741640334e-01
       260      0.0005722046      4.3358047157e-01
       261      0.0006357829      4.3964217068e-01
       262      0.0006993612      4.4568015496e-01
       263      0.0007629395      4.5163757003e-01
       264      0.0008265177      4.5749788646e-01
       265      0.0008900960      4.6329298896e-01
       266      0.0009536743      4.6897289581e-01
       267      0.0010172526      4.7463424873e-01
       268      0.0010808309      4.8009780627e-01
       269      0.0011444092      4.8557305902e-01
       270      0.0012079875      4.9092581014e-01
       271      0.0012715658      4.9620337070e-01
       272      0.0013351440      5.0141749419e-01
       273      0.0013987223      5.0654649307e-01
       274      0.0014623006      5.1161587401e-01
       275      0.0015258789      5.1654365625e-01
       276      0.0015894572      5.2142259082e-01
       277      0.0016530355      5.2619765511e-01
       278      0.0017166138      5.3092903114e-01
       279      0.0017801921      5.3558401420e-01
       280      0.0018437703      5.4017129628e-01
       281      0.0019073486      5.4464096023e-01
       282      0.0019709269      5.4904812451e-01
       283      0.0020345052      5.5334336480e-01
       284      0.0020980835      5.5758584095e-01
       285      0.0021616618      5.6172950411e-01
       286      0.0022252401      5.6581570030e-01
       287      0.0022888184      5.6985451056e-01
       288      0.0023523966      5.7384829989e-01
       289      0.0024159749      5.7774834982e-01
       290      0.0024795532      5.8159116225e-01
       291      0.0025431315      5.8533890773e-01
       292      0.0026067098      5.8904645295e-01
       293      0.0026702881      5.9269490375e-01
       294      0.0027338664      5.9628653895e-01
       295      0.0027974447      5.9979923487e-01
       296      0.0028610229      6.0325550529e-01
       297      0.0029246012      6.0665218481e-01
       298      0.0029881795      6.0998672250e-01
       299      0.0030517578      6.1327255197e-01
       300      0.0031153361      6.1650548301e-01
       301      0.0031789144      6.1968021937e-01
       302      0.0032424927      6.2281270697e-01
       303      0.0033060710      6.2587899097e-01
       304      0.0033696493      6.2887611877e-01
       305      0.0034332275      6.3184017687e-01
       306      0.0034968058      6.3476802231e-01
       307      0.0035603841      6.3766735583e-01
       308      0.0036239624      6.4051031215e-01
       309      0.0036875407      6.4329973280e-01
       310      0.0037511190      6.4604584672e-01
       311      0.0038146973      6.4877408172e-01
       312      0.0038782756      6.5144704860e-01
       313      0.0039418538      6.5407648467e-01
       314      0.0040054321      6.5667698166e-01
       315      0.0040690104      6.5923402246e-01
       316      0.0041325887      6.6174699430e-01
       317      0.0041961670      6.6423961667e-01
       318      0.0042597453      6.6669554479e-01
       319      0.0043233236      6.6910867822e-01
       320      0.0043869019      6.7148881344e-01
       321      0.0044504801      6.7383479782e-01
       322      0.0045140584      6.7615332427e-01
       323      0.0045776367      6.7844333381e-01
       324      0.0046412150      6.8069944829e-01
       325      0.0047047933      6.8291329614e-01
       326      0.0047683716      6.8511583129e-01
       327      0.0048319499      6.8728440882e-01
       328      0.0048955282      6.8943118873e-01
       329      0.0049591064      6.9155332888e-01
       330      0.0050226847      6.9363943180e-01
       331      0.0050862630      6.9569099392e-01
       332      0.0051498413      6.9773882234e-01
       333      0.0052134196      6.9975389283e-01
       334      0.0052769979      7.0173818687e-01
       335      0.0053405762      7.0371032409e-01
       336      0.0054041545      7.0565449002e-01
       337      0.0054677327      7.0757334920e-01
       338      0.0055313110      7.0947246038e-01
       339      0.0055948893      7.1135830677e-01
       340      0.0056584676      7.1321741676e-01
       341      0.0057220459      7.1506437172e-01
       342      0.0057856242      7.1688650279e-01
       343      0.0058492025      7.1869146679e-01
       344      0.0059127808      7.2046644736e-01
       345      0.0059763590      7.2223211956e-01
       346      0.0060399373      7.2397141931e-01
       347      0.0061035156      7.2570097756e-01
       348      0.0061670939      7.2740432147e-01
       349      0.0062306722      7.2908722266e-01
       350      0.0062942505      7.3076549105e-01
       351      0.0063578288      7.3241113476e-01
       352      0.0064214071      7.3404914386e-01
       353      0.0064849854      7.3566610871e-01
       354      0.0065485636      7.3727539708e-01
       355      0.0066121419      7.3886052749e-01
       356      0.0066757202      7.4043808844e-01
       357      0.0067392985      7.4199125879e-01
       358      0.0068028768      7.4353834771e-01
       359      0.0068664551      7.4507670020e-01
       360      0.0069300334      7.4659242062e-01
       361      0.0069936117      7.4809327644e-01
       362      0.0070571899      7.4958151404e-01
       363      0.0071207682      7.5105350857e-01
       364      0.0071843465      7.5251094667e-01
       365      0.0072479248      7.5395664780e-01
       366      0.0073115031      7.5538644074e-01
       367      0.0073750814      7.5680290885e-01
       368      0.0074386597      7.5821106869e-01
       369      0.0075022380      7.5960064954e-01
       370      0.0075658162      7.6098099439e-01
       371      0.0076293945      7.6235309032e-01
       372      0.0076929728      7.6371269707e-01
       373      0.0077565511      7.6506193962e-01
       374      0.0078201294      7.6639746218e-01
       375      0.0078837077      7.6772552584e-01
       376      0.0079472860      7.6904250553e-01
       377      0.0080108643      7.7034516880e-01
       378      0.0080744425      7.7163333571e-01
       379      0.0081380208      7.7291833124e-01
       380      0.0082015991      7.7418984837e-01
       381      0.0082651774      7.7545125050e-01
       382      0.0083287557      7.7670017842e-01
       383      0.0083923340      7.7793644628e-01
       384      0.0084559123      7.7916928591e-01
       385      0.0085194906      7.8038690425e-01
       386      0.0085830688      7.8159948432e-01
       387      0.0086466471      7.8279999769e-01
       388      0.0087102254      7.8399458534e-01
       389      0.0087738037      7.8517580452e-01
       390      0.0088373820      7.8634794967e-01
       391      0.0089009603      7.8750995739e-01
       392      0.0089645386      7.8866079691e-01
       393      0.0090281169      7.8980559361e-01
       394      0.0090916951      7.9093808872e-01
       395      0.0091552734      7.9206623119e-01
       396      0.0092188517      7.9318071538e-01
       397      0.0092824300      7.9429065131e-01
       398      0.0093460083      7.9538888862e-01
       399      0.0094095866      7.9648227508e-01
       400      0.0094731649      7.9756370874e-01
       401      0.0095367432      7.9863773537e-01
       402      0.0096003215      7.9970341447e-01
       403      0.0096638997      8.0076673211e-01
       404      0.0097274780      8.0181471357e-01
       405      0.0097910563      8.0285678637e-01
       406      0.0098546346      8.0389061787e-01
       407      0.0099182129      8.0491763152e-01
       408      0.0099817912      8.0593782225e-01
       409      0.0100453695      8.0694999849e-01
       410      0.0101089478      8.0795811019e-01
       411      0.0101725260      8.0895791415e-01
       412      0.0102361043      8.0994889210e-01
       413      0.0102996826      8.1093179843e-01
       414      0.0103632609      8.1190629186e-01
       415      0.0104268392      8.1287625413e-01
       416      0.0104904175      8.1383985691e-01
       417      0.0105539958      8.1479119517e-01
       418      0.0106175741      8.1573922754e-01
       419      0.0106811523      8.1667899800e-01
       420      0.0107447306      8.1761266823e-01
       421      0.0108083089      8.1853902946e-01
       422      0.0108718872      8.1945846874e-01
       423      0.0109354655      8.2037223195e-01
       424      0.0109990438      8.2128102927e-01
       425      0.0110626221      8.2218303795e-01
       426      0.0111262004      8.2307864772e-01
       427      0.0111897786      8.2397074845e-01
       428      0.0112533569      8.2485232618e-01
       429      0.0113169352      8.2572945112e-01
       430      0.0113805135      8.2660111978e-01
       431      0.0114440918      8.2746544249e-01
       432      0.0115076701      8.2832472746e-01
       433      0.0115712484      8.2917480105e-01
       434      0.0116348267      8.3002641322e-01
       435      0.0116984049      8.3086453746e-01
       436      0.0117619832      8.3169777189e-01
       437      0.0118255615      8.3252739916e-01
       438      0.0118891398      8.3335307185e-01
       439      0.0119527181      8.3417257447e-01
       440      0.0120162964      8.3498562104e-01
       441      0.0120798747      8.3579276391e-01
       442      0.0121434530      8.3659554641e-01
       443      0.0122070312      8.3739335704e-01
       444      0.0122706095      8.3818469914e-01
       445      0.0123341878      8.3896862236e-01
       446      0.0123977661      8.3974895634e-01
       447      0.0124613444      8.4052472832e-01
       448      0.0125249227      8.4129311722e-01
       449      0.0125885010      8.4205721451e-01
       450      0.0126520793      8.4281643032e-01
       451      0.0127156576      8.4356983813e-01
       452      0.0127792358      8.4431799106e-01
       453      0.0128428141      8.4506351081e-01
       454      0.0129063924      8.4580342217e-01
       455      0.0129699707      8.4653696188e-01
       456      0.0130335490      8.4726728735e-01
       457      0.0130971273      8.4799000457e-01
       458      0.0131607056      8.4870983730e-01
       459      0.0132242839      8.4942466124e-01
       460      0.0132878621      8.5013312331e-01
       461      0.0133514404      8.5083899076e-01
       462      0.0134150187      8.5154010928e-01
       463      0.0134785970      8.5223716019e-01
       464      0.0135421753      8.5292901672e-01
       465      0.0136057536      8.5361816615e-01
       466      0.0136693319      8.5430237935e-01
       467      0.0137329102      8.5498176992e-01
       468      0.0137964884      8.5565602693e-01
       469      0.0138600667      8.5632971785e-01
       470      0.0139236450      8.5699638233e-01
       471      0.0139872233      8.5765835594e-01
       472      0.0140508016      8.5831470042e-01
       473      0.0141143799      8.5896884557e-01
       474      0.0141779582      8.5962061455e-01
       475      0.0142415365      8.6026638110e-01
       476      0.0143051147      8.6090865040e-01
       477      0.0143686930      8.6154525448e-01
       478      0.0144322713      8.6217546376e-01
       479      0.0144958496      8.6280473476e-01
       480      0.0145594279      8.6343187903e-01
       481      0.0146230062      8.6405371751e-01
       482      0.0146865845      8.6466890619e-01
       483      0.0147501628      8.6528237116e-01
       484      0.0148137410      8.6589205245e-01
       485      0.0148773193      8.6649495230e-01
       486      0.0149408976      8.6709856045e-01
       487      0.0150044759      8.6769497637e-01
       488      0.0150680542      8.6828761581e-01
       489      0.0151316325      8.6888015075e-01
       490      0.0151952108      8.6946712221e-01
       491      0.0152587891      8.7004955762e-01
       492      0.0153223674      8.7062960709e-01
       493      0.0153859456      8.7120597711e-01
       494      0.0154495239      8.7177715569e-01
       495      0.0155131022      8.7234581940e-01
       496      0.0155766805      8.7291191980e-01
       497      0.0156402588      8.7347393736e-01
       498      0.0157038371      8.7403353277e-01
       499      0.0157674154      8.7458832568e-01
       500      0.0158309937      8.7514015122e-01
       501      0.0158945719      8.7568847869e-01
