         1      -0.0381469727      4.0652713623e-03
         2      -0.0379943848      4.0936485138e-03
         3      -0.0378417969      4.1221526641e-03
         4      -0.0376892090      4.1515593109e-03
         5      -0.0375366211      4.1809366608e-03
         6      -0.0373840332      4.2102633514e-03
         7      -0.0372314453      4.2403126526e-03
         8      -0.0370788574      4.2706737213e-03
         9      -0.0369262695      4.3015812378e-03
        10      -0.0367736816      4.3325914611e-03
        11      -0.0366210938      4.3643902588e-03
        12      -0.0364685059      4.3960485076e-03
        13      -0.0363159180      4.4281786041e-03
        14      -0.0361633301      4.4609299164e-03
        15      -0.0360107422      4.4940259094e-03
        16      -0.0358581543      4.5269655457e-03
        17      -0.0357055664      4.5605465851e-03
        18      -0.0355529785      4.5944838562e-03
        19      -0.0354003906      4.6289552765e-03
        20      -0.0352478027      4.6638338318e-03
        21      -0.0350952148      4.6988416748e-03
        22      -0.0349426270      4.7346323395e-03
        23      -0.0347900391      4.7707481232e-03
        24      -0.0346374512      4.8069937286e-03
        25      -0.0344848633      4.8440409241e-03
        26      -0.0343322754      4.8814498444e-03
        27      -0.0341796875      4.9189603576e-03
        28      -0.0340270996      4.9573576355e-03
        29      -0.0338745117      4.9960730133e-03
        30      -0.0337219238      5.0355162811e-03
        31      -0.0335693359      5.0749348145e-03
        32      -0.0334167480      5.1150993042e-03
        33      -0.0332641602      5.1554896240e-03
        34      -0.0331115723      5.1964991149e-03
        35      -0.0329589844      5.2380445557e-03
        36      -0.0328063965      5.2800992585e-03
        37      -0.0326538086      5.3224641418e-03
        38      -0.0325012207      5.3653481751e-03
        39      -0.0323486328      5.4092238464e-03
        40      -0.0321960449      5.4529372559e-03
        41      -0.0320434570      5.4976376800e-03
        42      -0.0318908691      5.5425899659e-03
        43      -0.0317382812      5.5884158630e-03
        44      -0.0315856934      5.6352519990e-03
        45      -0.0314331055      5.6825798645e-03
        46      -0.0312805176      5.7306649323e-03
        47      -0.0311279297      5.7791740265e-03
        48      -0.0309753418      5.8285393371e-03
        49      -0.0308227539      5.8784667816e-03
        50      -0.0306701660      5.9289624786e-03
        51      -0.0305175781      5.9796992188e-03
        52      -0.0303649902      6.0313576355e-03
        53      -0.0302124023      6.0829184876e-03
        54      -0.0300598145      6.1362015839e-03
        55      -0.0299072266      6.1905438080e-03
        56      -0.0297546387      6.2450063476e-03
        57      -0.0296020508      6.3002323304e-03
        58      -0.0294494629      6.3559034119e-03
        59      -0.0292968750      6.4126663971e-03
        60      -0.0291442871      6.4707184753e-03
        61      -0.0289916992      6.5297991791e-03
        62      -0.0288391113      6.5893925171e-03
        63      -0.0286865234      6.6493966217e-03
        64      -0.0285339355      6.7108491669e-03
        65      -0.0283813477      6.7721698456e-03
        66      -0.0282287598      6.8342680969e-03
        67      -0.0280761719      6.8978303222e-03
        68      -0.0279235840      6.9621511535e-03
        69      -0.0277709961      7.0268252258e-03
        70      -0.0276184082      7.0923994751e-03
        71      -0.0274658203      7.1585371094e-03
        72      -0.0273132324      7.2269074249e-03
        73      -0.0271606445      7.2959334260e-03
        74      -0.0270080566      7.3656129456e-03
        75      -0.0268554688      7.4367295837e-03
        76      -0.0267028809      7.5090536194e-03
        77      -0.0265502930      7.5832708129e-03
        78      -0.0263977051      7.6576763153e-03
        79      -0.0262451172      7.7339494476e-03
        80      -0.0260925293      7.8112537537e-03
        81      -0.0259399414      7.8897265930e-03
        82      -0.0257873535      7.9688394470e-03
        83      -0.0256347656      8.0492339478e-03
        84      -0.0254821777      8.1307221832e-03
        85      -0.0253295898      8.2132300415e-03
        86      -0.0251770020      8.2983574066e-03
        87      -0.0250244141      8.3838043061e-03
        88      -0.0248718262      8.4711780243e-03
        89      -0.0247192383      8.5594074249e-03
        90      -0.0245666504      8.6487101287e-03
        91      -0.0244140625      8.7402971344e-03
        92      -0.0242614746      8.8331796112e-03
        93      -0.0241088867      8.9270521698e-03
        94      -0.0239562988      9.0219058685e-03
        95      -0.0238037109      9.1195325927e-03
        96      -0.0236511230      9.2172021789e-03
        97      -0.0234985352      9.3181391144e-03
        98      -0.0233459473      9.4213137665e-03
        99      -0.0231933594      9.5252121277e-03
       100      -0.0230407715      9.6308823090e-03
       101      -0.0228881836      9.7389018555e-03
       102      -0.0227355957      9.8489011383e-03
       103      -0.0225830078      9.9600851133e-03
       104      -0.0224304199      1.0072917343e-02
       105      -0.0222778320      1.0188302734e-02
       106      -0.0221252441      1.0305508652e-02
       107      -0.0219726562      1.0424437744e-02
       108      -0.0218200684      1.0546341431e-02
       109      -0.0216674805      1.0669239975e-02
       110      -0.0215148926      1.0794358078e-02
       111      -0.0213623047      1.0921681290e-02
       112      -0.0212097168      1.1050158249e-02
       113      -0.0210571289      1.1182017608e-02
       114      -0.0209045410      1.1317050965e-02
       115      -0.0207519531      1.1455487884e-02
       116      -0.0205993652      1.1596885742e-02
       117      -0.0204467773      1.1741477615e-02
       118      -0.0202941895      1.1886187439e-02
       119      -0.0201416016      1.2034642960e-02
       120      -0.0199890137      1.2187270203e-02
       121      -0.0198364258      1.2340944229e-02
       122      -0.0196838379      1.2496038437e-02
       123      -0.0195312500      1.2656259964e-02
       124      -0.0193786621      1.2817413147e-02
       125      -0.0192260742      1.2982321655e-02
       126      -0.0190734863      1.3151075775e-02
       127      -0.0189208984      1.3324042648e-02
       128      -0.0187683105      1.3499836274e-02
       129      -0.0186157227      1.3680168854e-02
       130      -0.0184631348      1.3863296234e-02
       131      -0.0183105469      1.4051146514e-02
       132      -0.0181579590      1.4240877609e-02
       133      -0.0180053711      1.4435896423e-02
       134      -0.0178527832      1.4634684814e-02
       135      -0.0177001953      1.4836748429e-02
       136      -0.0175476074      1.5043612350e-02
       137      -0.0173950195      1.5253657684e-02
       138      -0.0172424316      1.5469366028e-02
       139      -0.0170898438      1.5691068634e-02
       140      -0.0169372559      1.5916963196e-02
       141      -0.0167846680      1.6148644898e-02
       142      -0.0166320801      1.6383425583e-02
       143      -0.0164794922      1.6625043900e-02
       144      -0.0163269043      1.6870273880e-02
       145      -0.0161743164      1.7122397354e-02
       146      -0.0160217285      1.7380516450e-02
       147      -0.0158691406      1.7645256241e-02
       148      -0.0157165527      1.7914192856e-02
       149      -0.0155639648      1.8192250672e-02
       150      -0.0154113770      1.8473015610e-02
       151      -0.0152587891      1.8763423523e-02
       152      -0.0151062012      1.9059819046e-02
       153      -0.0149536133      1.9359695267e-02
       154      -0.0148010254      1.9669347778e-02
       155      -0.0146484375      1.9987547500e-02
       156      -0.0144958496      2.0312884720e-02
       157      -0.0143432617      2.0647903900e-02
       158      -0.0141906738      2.0989884049e-02
       159      -0.0140380859      2.1337309554e-02
       160      -0.0138854980      2.1698122681e-02
       161      -0.0137329102      2.2066975479e-02
       162      -0.0135803223      2.2442908539e-02
       163      -0.0134277344      2.2829414398e-02
       164      -0.0132751465      2.3228496292e-02
       165      -0.0131225586      2.3639998550e-02
       166      -0.0129699707      2.4062229385e-02
       167      -0.0128173828      2.4493832443e-02
       168      -0.0126647949      2.4937600266e-02
       169      -0.0125122070      2.5392777389e-02
       170      -0.0123596191      2.5861944733e-02
       171      -0.0122070312      2.6344010391e-02
       172      -0.0120544434      2.6845044571e-02
       173      -0.0119018555      2.7358935547e-02
       174      -0.0117492676      2.7880788223e-02
       175      -0.0115966797      2.8421394730e-02
       176      -0.0114440918      2.8975884949e-02
       177      -0.0112915039      2.9545238983e-02
       178      -0.0111389160      3.0134134446e-02
       179      -0.0109863281      3.0741817566e-02
       180      -0.0108337402      3.1367118576e-02
       181      -0.0106811523      3.2011326904e-02
       182      -0.0105285645      3.2679628738e-02
       183      -0.0103759766      3.3365315292e-02
       184      -0.0102233887      3.4072883591e-02
       185      -0.0100708008      3.4800958054e-02
       186      -0.0099182129      3.5558267242e-02
       187      -0.0097656250      3.6338399719e-02
       188      -0.0096130371      3.7151536774e-02
       189      -0.0094604492      3.7985983902e-02
       190      -0.0093078613      3.8853273575e-02
       191      -0.0091552734      3.9738757034e-02
       192      -0.0090026855      4.0661398986e-02
       193      -0.0088500977      4.1608343109e-02
       194      -0.0086975098      4.2589787124e-02
       195      -0.0085449219      4.3602180893e-02
       196      -0.0083923340      4.4663757660e-02
       197      -0.0082397461      4.5755763001e-02
       198      -0.0080871582      4.6891844513e-02
       199      -0.0079345703      4.8080491836e-02
       200      -0.0077819824      4.9303604767e-02
       201      -0.0076293945      5.0580114365e-02
       202      -0.0074768066      5.1892238602e-02
       203      -0.0073242188      5.3263959854e-02
       204      -0.0071716309      5.4685805024e-02
       205      -0.0070190430      5.6168525650e-02
       206      -0.0068664551      5.7709262451e-02
       207      -0.0067138672      5.9310358292e-02
       208      -0.0065612793      6.0974291870e-02
       209      -0.0064086914      6.2693513886e-02
       210      -0.0062561035      6.4489721756e-02
       211      -0.0061035156      6.6361167725e-02
       212      -0.0059509277      6.8298049027e-02
       213      -0.0057983398      7.0307214936e-02
       214      -0.0056457520      7.2402466888e-02
       215      -0.0054931641      7.4586718689e-02
       216      -0.0053405762      7.6847713669e-02
       217      -0.0051879883      7.9208095963e-02
       218      -0.0050354004      8.1668570984e-02
       219      -0.0048828125      8.4213569869e-02
       220      -0.0047302246      8.6867001327e-02
       221      -0.0045776367      8.9637987411e-02
       222      -0.0044250488      9.2521844497e-02
       223      -0.0042724609      9.5538921066e-02
       224      -0.0041198730      9.8662444457e-02
       225      -0.0039672852      1.0192149099e-01
       226      -0.0038146973      1.0529920884e-01
       227      -0.0036621094      1.0881548247e-01
       228      -0.0035095215      1.1244570799e-01
       229      -0.0033569336      1.1626009523e-01
       230      -0.0032043457      1.2020986555e-01
       231      -0.0030517578      1.2429740657e-01
       232      -0.0028991699      1.2854357390e-01
       233      -0.0027465820      1.3295590294e-01
       234      -0.0025939941      1.3752101869e-01
       235      -0.0024414062      1.4225046392e-01
       236      -0.0022888184      1.4714053534e-01
       237      -0.0021362305      1.5219590956e-01
       238      -0.0019836426      1.5744647217e-01
       239      -0.0018310547      1.6290600441e-01
       240      -0.0016784668      1.6851789076e-01
       241      -0.0015258789      1.7431182898e-01
       242      -0.0013732910      1.8028833295e-01
       243      -0.0012207031      1.8643098288e-01
       244      -0.0010681152      1.9273740146e-01
       245      -0.0009155273      1.9924567859e-01
       246      -0.0007629395      2.0591032397e-01
       247      -0.0006103516      2.1276474283e-01
       248      -0.0004577637      2.1977555384e-01
       249      -0.0003051758      2.2698469597e-01
       250      -0.0001525879      2.3433653574e-01
       251      0.0000000000      2.4183165063e-01
       252      0.0001525879      4.2334792666e-01
       253      0.0003051758      4.3328985129e-01
       254      0.0004577637      4.4310722126e-01
       255      0.0006103516      4.5280910554e-01
       256      0.0007629395      4.6238893278e-01
       257      0.0009155273      4.7183275724e-01
       258      0.0010681152      4.8114653388e-01
       259      0.0012207031      4.9029169825e-01
       260      0.0013732910      4.9928626379e-01
       261      0.0015258789      5.0816653696e-01
       262      0.0016784668      5.1687892410e-01
       263      0.0018310547      5.2541637074e-01
       264      0.0019836426      5.3382941515e-01
       265      0.0021362305      5.4208460651e-01
       266      0.0022888184      5.5014280179e-01
       267      0.0024414062      5.5807882623e-01
       268      0.0025939941      5.6584524029e-01
       269      0.0027465820      5.7344959660e-01
       270      0.0028991699      5.8089899347e-01
       271      0.0030517578      5.8821234403e-01
       272      0.0032043457      5.9532719883e-01
       273      0.0033569336      6.0229934871e-01
       274      0.0035095215      6.0910937660e-01
       275      0.0036621094      6.1575145175e-01
       276      0.0038146973      6.2225871936e-01
       277      0.0039672852      6.2860668935e-01
       278      0.0041198730      6.3481886553e-01
       279      0.0042724609      6.4091337152e-01
       280      0.0044250488      6.4683758208e-01
       281      0.0045776367      6.5263457033e-01
       282      0.0047302246      6.5829545450e-01
       283      0.0048828125      6.6382447084e-01
       284      0.0050354004      6.6921189453e-01
       285      0.0051879883      6.7448443789e-01
       286      0.0053405762      6.7963137064e-01
       287      0.0054931641      6.8468060166e-01
       288      0.0056457520      6.8961152446e-01
       289      0.0057983398      6.9441486545e-01
       290      0.0059509277      6.9909904819e-01
       291      0.0061035156      7.0369915200e-01
       292      0.0062561035      7.0818809662e-01
       293      0.0064086914      7.1258502861e-01
       294      0.0065612793      7.1687628525e-01
       295      0.0067138672      7.2107862631e-01
       296      0.0068664551      7.2518108598e-01
       297      0.0070190430      7.2920277611e-01
       298      0.0071716309      7.3312556044e-01
       299      0.0073242188      7.3696750720e-01
       300      0.0074768066      7.4073150595e-01
       301      0.0076293945      7.4441178761e-01
       302      0.0077819824      7.4801901508e-01
       303      0.0079345703      7.5155400764e-01
       304      0.0080871582      7.5500826334e-01
       305      0.0082397461      7.5840392958e-01
       306      0.0083923340      7.6171800537e-01
       307      0.0085449219      7.6496055336e-01
       308      0.0086975098      7.6814759634e-01
       309      0.0088500977      7.7127499152e-01
       310      0.0090026855      7.7433825408e-01
       311      0.0091552734      7.7734159692e-01
       312      0.0093078613      7.8028840371e-01
       313      0.0094604492      7.8318589386e-01
       314      0.0096130371      7.8602413968e-01
       315      0.0097656250      7.8880831950e-01
       316      0.0099182129      7.9154708574e-01
       317      0.0100708008      7.9422643419e-01
       318      0.0102233887      7.9686294147e-01
       319      0.0103759766      7.9944486456e-01
       320      0.0105285645      8.0198205152e-01
       321      0.0106811523      8.0448040561e-01
       322      0.0108337402      8.0692714400e-01
       323      0.0109863281      8.0933130617e-01
       324      0.0111389160      8.1169416207e-01
       325      0.0112915039      8.1401852972e-01
       326      0.0114440918      8.1629737849e-01
       327      0.0115966797      8.1854264609e-01
       328      0.0117492676      8.2074693739e-01
       329      0.0119018555      8.2291646901e-01
       330      0.0120544434      8.2505106404e-01
       331      0.0122070312      8.2715057628e-01
       332      0.0123596191      8.2921132691e-01
       333      0.0125122070      8.3123795031e-01
       334      0.0126647949      8.3322472685e-01
       335      0.0128173828      8.3518255433e-01
       336      0.0129699707      8.3711093503e-01
       337      0.0131225586      8.3901105461e-01
       338      0.0132751465      8.4087341123e-01
       339      0.0134277344      8.4270125636e-01
       340      0.0135803223      8.4450915501e-01
       341      0.0137329102      8.4628576149e-01
       342      0.0138854980      8.4803300718e-01
       343      0.0140380859      8.4975869540e-01
       344      0.0141906738      8.5145056964e-01
       345      0.0143432617      8.5311873500e-01
       346      0.0144958496      8.5475729172e-01
       347      0.0146484375      8.5637372168e-01
       348      0.0148010254      8.5796404744e-01
       349      0.0149536133      8.5953247983e-01
       350      0.0151062012      8.6107488087e-01
       351      0.0152587891      8.6259914438e-01
       352      0.0154113770      8.6409910983e-01
       353      0.0155639648      8.6557599861e-01
       354      0.0157165527      8.6703009315e-01
       355      0.0158691406      8.6845925686e-01
       356      0.0160217285      8.6986926944e-01
       357      0.0161743164      8.7125909939e-01
       358      0.0163269043      8.7262583565e-01
       359      0.0164794922      8.7397587691e-01
       360      0.0166320801      8.7530549639e-01
       361      0.0167846680      8.7661301160e-01
       362      0.0169372559      8.7790281142e-01
       363      0.0170898438      8.7917302305e-01
       364      0.0172424316      8.8042817772e-01
       365      0.0173950195      8.8166706037e-01
       366      0.0175476074      8.8288561431e-01
       367      0.0177001953      8.8408481578e-01
       368      0.0178527832      8.8526774631e-01
       369      0.0180053711      8.8643329997e-01
       370      0.0181579590      8.8758532272e-01
       371      0.0183105469      8.8872222570e-01
       372      0.0184631348      8.8983947761e-01
       373      0.0186157227      8.9094165993e-01
       374      0.0187683105      8.9202988988e-01
       375      0.0189208984      8.9310376361e-01
       376      0.0190734863      8.9416124718e-01
       377      0.0192260742      8.9520464240e-01
       378      0.0193786621      8.9623510055e-01
       379      0.0195312500      8.9725095331e-01
       380      0.0196838379      8.9825052239e-01
       381      0.0198364258      8.9923593238e-01
       382      0.0199890137      9.0021163864e-01
       383      0.0201416016      9.0117490344e-01
       384      0.0202941895      9.0212383351e-01
       385      0.0204467773      9.0306117308e-01
       386      0.0205993652      9.0398648708e-01
       387      0.0207519531      9.0489665732e-01
       388      0.0209045410      9.0579556062e-01
       389      0.0210571289      9.0668460601e-01
       390      0.0212097168      9.0756139165e-01
       391      0.0213623047      9.0842614508e-01
       392      0.0215148926      9.0927896388e-01
       393      0.0216674805      9.1012137375e-01
       394      0.0218200684      9.1095273304e-01
       395      0.0219726562      9.1177287744e-01
       396      0.0221252441      9.1258187504e-01
       397      0.0222778320      9.1338248897e-01
       398      0.0224304199      9.1417187874e-01
       399      0.0225830078      9.1495129561e-01
       400      0.0227355957      9.1572292413e-01
       401      0.0228881836      9.1648438013e-01
       402      0.0230407715      9.1723429903e-01
       403      0.0231933594      9.1797418425e-01
       404      0.0233459473      9.1870618152e-01
       405      0.0234985352      9.1942734905e-01
       406      0.0236511230      9.2013901669e-01
       407      0.0238037109      9.2084057802e-01
       408      0.0239562988      9.2153705127e-01
       409      0.0241088867      9.2222442686e-01
       410      0.0242614746      9.2290121016e-01
       411      0.0244140625      9.2357150665e-01
       412      0.0245666504      9.2423402641e-01
       413      0.0247192383      9.2488835275e-01
       414      0.0248718262      9.2553446925e-01
       415      0.0250244141      9.2617219312e-01
       416      0.0251770020      9.2680360420e-01
       417      0.0253295898      9.2742460412e-01
       418      0.0254821777      9.2803948119e-01
       419      0.0256347656      9.2864709676e-01
       420      0.0257873535      9.2924811676e-01
       421      0.0259399414      9.2984144748e-01
       422      0.0260925293      9.3042835330e-01
       423      0.0262451172      9.3100779157e-01
       424      0.0263977051      9.3158019359e-01
       425      0.0265502930      9.3214496115e-01
       426      0.0267028809      9.3270366057e-01
       427      0.0268554688      9.3325591554e-01
       428      0.0270080566      9.3380182945e-01
       429      0.0271606445      9.3434201373e-01
       430      0.0273132324      9.3487597917e-01
       431      0.0274658203      9.3540285101e-01
       432      0.0276184082      9.3592420169e-01
       433      0.0277709961      9.3643939452e-01
       434      0.0279235840      9.3694952918e-01
       435      0.0280761719      9.3745425418e-01
       436      0.0282287598      9.3795376511e-01
       437      0.0283813477      9.3844631807e-01
       438      0.0285339355      9.3893241201e-01
       439      0.0286865234      9.3941267703e-01
       440      0.0288391113      9.3988861157e-01
       441      0.0289916992      9.4036047879e-01
       442      0.0291442871      9.4082578175e-01
       443      0.0292968750      9.4128575511e-01
       444      0.0294494629      9.4174078693e-01
       445      0.0296020508      9.4219078284e-01
       446      0.0297546387      9.4263593704e-01
       447      0.0299072266      9.4307606959e-01
       448      0.0300598145      9.4351180328e-01
       449      0.0302124023      9.4394288338e-01
       450      0.0303649902      9.4436858446e-01
       451      0.0305175781      9.4478947334e-01
       452      0.0306701660      9.4520685388e-01
       453      0.0308227539      9.4561894832e-01
       454      0.0309753418      9.4602723403e-01
       455      0.0311279297      9.4643157373e-01
       456      0.0312805176      9.4683119787e-01
       457      0.0314331055      9.4722654470e-01
       458      0.0315856934      9.4761679753e-01
       459      0.0317382812      9.4800476126e-01
       460      0.0318908691      9.4838749691e-01
       461      0.0320434570      9.4876499658e-01
       462      0.0321960449      9.4914014320e-01
       463      0.0323486328      9.4951023774e-01
       464      0.0325012207      9.4987719810e-01
       465      0.0326538086      9.5024043060e-01
       466      0.0328063965      9.5059916941e-01
       467      0.0329589844      9.5095494876e-01
       468      0.0331115723      9.5130686669e-01
       469      0.0332641602      9.5165629155e-01
       470      0.0334167480      9.5200063731e-01
       471      0.0335693359      9.5234244221e-01
       472      0.0337219238      9.5268060835e-01
       473      0.0338745117      9.5301530553e-01
       474      0.0340270996      9.5334548993e-01
       475      0.0341796875      9.5367285434e-01
       476      0.0343322754      9.5399804610e-01
       477      0.0344848633      9.5431992370e-01
       478      0.0346374512      9.5463837001e-01
       479      0.0347900391      9.5495292650e-01
       480      0.0349426270      9.5526506836e-01
       481      0.0350952148      9.5557395755e-01
       482      0.0352478027      9.5587916609e-01
       483      0.0354003906      9.5618190233e-01
       484      0.0355529785      9.5648186755e-01
       485      0.0357055664      9.5677863498e-01
       486      0.0358581543      9.5707306522e-01
       487      0.0360107422      9.5736475818e-01
       488      0.0361633301      9.5765248584e-01
       489      0.0363159180      9.5793801227e-01
       490      0.0364685059      9.5822143486e-01
       491      0.0366210938      9.5850092456e-01
       492      0.0367736816      9.5877898286e-01
       493      0.0369262695      9.5905363773e-01
       494      0.0370788574      9.5932525166e-01
       495      0.0372314453      9.5959490182e-01
       496      0.0373840332      9.5986240015e-01
       497      0.0375366211      9.6012615103e-01
       498      0.0376892090      9.6038731534e-01
       499      0.0378417969      9.6064679761e-01
       500      0.0379943848      9.6090356133e-01
       501      0.0381469727      9.6115854215e-01
