         1      -0.0381469727      4.3445297089e-03
         2      -0.0379943848      4.3755143433e-03
         3      -0.0378417969      4.4071860657e-03
         4      -0.0376892090      4.4394130401e-03
         5      -0.0375366211      4.4721601715e-03
         6      -0.0373840332      4.5046928711e-03
         7      -0.0372314453      4.5379325409e-03
         8      -0.0370788574      4.5713901519e-03
         9      -0.0369262695      4.6057517242e-03
        10      -0.0367736816      4.6402571868e-03
        11      -0.0366210938      4.6754966584e-03
        12      -0.0364685059      4.7106005859e-03
        13      -0.0363159180      4.7459479370e-03
        14      -0.0361633301      4.7822020416e-03
        15      -0.0360107422      4.8187641296e-03
        16      -0.0358581543      4.8554249420e-03
        17      -0.0357055664      4.8928240967e-03
        18      -0.0355529785      4.9305834656e-03
        19      -0.0354003906      4.9689102631e-03
        20      -0.0352478027      5.0076831360e-03
        21      -0.0350952148      5.0469157104e-03
        22      -0.0349426270      5.0860094452e-03
        23      -0.0347900391      5.1260696869e-03
        24      -0.0346374512      5.1662584839e-03
        25      -0.0344848633      5.2075445099e-03
        26      -0.0343322754      5.2490130157e-03
        27      -0.0341796875      5.2911190338e-03
        28      -0.0340270996      5.3338493347e-03
        29      -0.0338745117      5.3774398498e-03
        30      -0.0337219238      5.4207310791e-03
        31      -0.0335693359      5.4649653015e-03
        32      -0.0334167480      5.5105175628e-03
        33      -0.0332641602      5.5560507965e-03
        34      -0.0331115723      5.6021663208e-03
        35      -0.0329589844      5.6482528992e-03
        36      -0.0328063965      5.6954007416e-03
        37      -0.0326538086      5.7430379791e-03
        38      -0.0325012207      5.7914546052e-03
        39      -0.0323486328      5.8410387726e-03
        40      -0.0321960449      5.8904964905e-03
        41      -0.0320434570      5.9404608307e-03
        42      -0.0318908691      5.9912535400e-03
        43      -0.0317382812      6.0431001281e-03
        44      -0.0315856934      6.0950374450e-03
        45      -0.0314331055      6.1478435058e-03
        46      -0.0312805176      6.2007696228e-03
        47      -0.0311279297      6.2561045990e-03
        48      -0.0309753418      6.3116019440e-03
        49      -0.0308227539      6.3672074279e-03
        50      -0.0306701660      6.4235397491e-03
        51      -0.0305175781      6.4811612701e-03
        52      -0.0303649902      6.5399625550e-03
        53      -0.0302124023      6.5990571900e-03
        54      -0.0300598145      6.6591474304e-03
        55      -0.0299072266      6.7204054108e-03
        56      -0.0297546387      6.7813694916e-03
        57      -0.0296020508      6.8432220612e-03
        58      -0.0294494629      6.9070013122e-03
        59      -0.0292968750      6.9720385590e-03
        60      -0.0291442871      7.0377341309e-03
        61      -0.0289916992      7.1037085724e-03
        62      -0.0288391113      7.1711761780e-03
        63      -0.0286865234      7.2393959351e-03
        64      -0.0285339355      7.3094135132e-03
        65      -0.0283813477      7.3793483887e-03
        66      -0.0282287598      7.4504759369e-03
        67      -0.0280761719      7.5226753998e-03
        68      -0.0279235840      7.5954055481e-03
        69      -0.0277709961      7.6690756683e-03
        70      -0.0276184082      7.7441637726e-03
        71      -0.0274658203      7.8209190521e-03
        72      -0.0273132324      7.8986885986e-03
        73      -0.0271606445      7.9781358948e-03
        74      -0.0270080566      8.0586071320e-03
        75      -0.0268554688      8.1409524383e-03
        76      -0.0267028809      8.2237387848e-03
        77      -0.0265502930      8.3077870178e-03
        78      -0.0263977051      8.3932609558e-03
        79      -0.0262451172      8.4791132965e-03
        80      -0.0260925293      8.5677308654e-03
        81      -0.0259399414      8.6573968811e-03
        82      -0.0257873535      8.7477108613e-03
        83      -0.0256347656      8.8402771607e-03
        84      -0.0254821777      8.9346370392e-03
        85      -0.0253295898      9.0300691528e-03
        86      -0.0251770020      9.1271259155e-03
        87      -0.0250244141      9.2251836242e-03
        88      -0.0248718262      9.3243938752e-03
        89      -0.0247192383      9.4249050293e-03
        90      -0.0245666504      9.5279743653e-03
        91      -0.0244140625      9.6333685608e-03
        92      -0.0242614746      9.7405078887e-03
        93      -0.0241088867      9.8493423614e-03
        94      -0.0239562988      9.9604131316e-03
        95      -0.0238037109      1.0073538833e-02
        96      -0.0236511230      1.0188253723e-02
        97      -0.0234985352      1.0303711059e-02
        98      -0.0233459473      1.0422403168e-02
        99      -0.0231933594      1.0543311981e-02
       100      -0.0230407715      1.0665934906e-02
       101      -0.0228881836      1.0790012695e-02
       102      -0.0227355957      1.0916458176e-02
       103      -0.0225830078      1.1046094711e-02
       104      -0.0224304199      1.1176480393e-02
       105      -0.0222778320      1.1310768768e-02
       106      -0.0221252441      1.1448504639e-02
       107      -0.0219726562      1.1588547912e-02
       108      -0.0218200684      1.1729356552e-02
       109      -0.0216674805      1.1873636078e-02
       110      -0.0215148926      1.2021548965e-02
       111      -0.0213623047      1.2171937622e-02
       112      -0.0212097168      1.2323793945e-02
       113      -0.0210571289      1.2479020279e-02
       114      -0.0209045410      1.2637370361e-02
       115      -0.0207519531      1.2800740615e-02
       116      -0.0205993652      1.2965351593e-02
       117      -0.0204467773      1.3132963501e-02
       118      -0.0202941895      1.3304889939e-02
       119      -0.0201416016      1.3478179505e-02
       120      -0.0199890137      1.3657608155e-02
       121      -0.0198364258      1.3837790939e-02
       122      -0.0196838379      1.4021666489e-02
       123      -0.0195312500      1.4211274917e-02
       124      -0.0193786621      1.4403701554e-02
       125      -0.0192260742      1.4601292877e-02
       126      -0.0190734863      1.4803953354e-02
       127      -0.0189208984      1.5008773682e-02
       128      -0.0187683105      1.5217650238e-02
       129      -0.0186157227      1.5431446044e-02
       130      -0.0184631348      1.5648943054e-02
       131      -0.0183105469      1.5870646805e-02
       132      -0.0181579590      1.6095876709e-02
       133      -0.0180053711      1.6328436172e-02
       134      -0.0178527832      1.6567529114e-02
       135      -0.0177001953      1.6810069580e-02
       136      -0.0175476074      1.7056892852e-02
       137      -0.0173950195      1.7310525833e-02
       138      -0.0172424316      1.7568171051e-02
       139      -0.0170898438      1.7834496856e-02
       140      -0.0169372559      1.8105239853e-02
       141      -0.0167846680      1.8386270782e-02
       142      -0.0166320801      1.8669766342e-02
       143      -0.0164794922      1.8958740448e-02
       144      -0.0163269043      1.9255460053e-02
       145      -0.0161743164      1.9560152206e-02
       146      -0.0160217285      1.9869235672e-02
       147      -0.0158691406      2.0191401230e-02
       148      -0.0157165527      2.0515748336e-02
       149      -0.0155639648      2.0849868805e-02
       150      -0.0154113770      2.1193397599e-02
       151      -0.0152587891      2.1544876892e-02
       152      -0.0151062012      2.1904883042e-02
       153      -0.0149536133      2.2276296021e-02
       154      -0.0148010254      2.2658011246e-02
       155      -0.0146484375      2.3049820587e-02
       156      -0.0144958496      2.3448326568e-02
       157      -0.0143432617      2.3859684066e-02
       158      -0.0141906738      2.4281172897e-02
       159      -0.0140380859      2.4713916000e-02
       160      -0.0138854980      2.5161032593e-02
       161      -0.0137329102      2.5617899399e-02
       162      -0.0135803223      2.6086456361e-02
       163      -0.0134277344      2.6568215088e-02
       164      -0.0132751465      2.7063939575e-02
       165      -0.0131225586      2.7572452591e-02
       166      -0.0129699707      2.8089273331e-02
       167      -0.0128173828      2.8627297760e-02
       168      -0.0126647949      2.9186911011e-02
       169      -0.0125122070      2.9755714508e-02
       170      -0.0123596191      3.0340873352e-02
       171      -0.0122070312      3.0945809829e-02
       172      -0.0120544434      3.1567825165e-02
       173      -0.0119018555      3.2208035736e-02
       174      -0.0117492676      3.2867950165e-02
       175      -0.0115966797      3.3547789780e-02
       176      -0.0114440918      3.4246786331e-02
       177      -0.0112915039      3.4970846832e-02
       178      -0.0111389160      3.5725059478e-02
       179      -0.0109863281      3.6501589768e-02
       180      -0.0108337402      3.7299703292e-02
       181      -0.0106811523      3.8128810989e-02
       182      -0.0105285645      3.8983005035e-02
       183      -0.0103759766      3.9866823166e-02
       184      -0.0102233887      4.0780737381e-02
       185      -0.0100708008      4.1724738678e-02
       186      -0.0099182129      4.2708326340e-02
       187      -0.0097656250      4.3723843078e-02
       188      -0.0096130371      4.4778721146e-02
       189      -0.0094604492      4.5862501480e-02
       190      -0.0093078613      4.6995272965e-02
       191      -0.0091552734      4.8156822403e-02
       192      -0.0090026855      4.9365902344e-02
       193      -0.0088500977      5.0626558258e-02
       194      -0.0086975098      5.1940032089e-02
       195      -0.0085449219      5.3305198746e-02
       196      -0.0083923340      5.4718208405e-02
       197      -0.0082397461      5.6192964142e-02
       198      -0.0080871582      5.7733367416e-02
       199      -0.0079345703      5.9338934112e-02
       200      -0.0077819824      6.1013464432e-02
       201      -0.0076293945      6.2748997650e-02
       202      -0.0074768066      6.4583866532e-02
       203      -0.0073242188      6.6497252991e-02
       204      -0.0071716309      6.8496794510e-02
       205      -0.0070190430      7.0590104645e-02
       206      -0.0068664551      7.2778765472e-02
       207      -0.0067138672      7.5071881119e-02
       208      -0.0065612793      7.7472410538e-02
       209      -0.0064086914      7.9989403549e-02
       210      -0.0062561035      8.2643301864e-02
       211      -0.0061035156      8.5428261368e-02
       212      -0.0059509277      8.8387359390e-02
       213      -0.0057983398      9.1515199326e-02
       214      -0.0056457520      9.4801290314e-02
       215      -0.0054931641      9.8286848435e-02
       216      -0.0053405762      1.0198217662e-01
       217      -0.0051879883      1.0589717395e-01
       218      -0.0050354004      1.1003721675e-01
       219      -0.0048828125      1.1444264087e-01
       220      -0.0047302246      1.1913865990e-01
       221      -0.0045776367      1.2412940727e-01
       222      -0.0044250488      1.2948571360e-01
       223      -0.0042724609      1.3518343321e-01
       224      -0.0041198730      1.4129247748e-01
       225      -0.0039672852      1.4780047721e-01
       226      -0.0038146973      1.5473182001e-01
       227      -0.0036621094      1.6220179558e-01
       228      -0.0035095215      1.7009139456e-01
       229      -0.0033569336      1.7854587714e-01
       230      -0.0032043457      1.8753602794e-01
       231      -0.0030517578      1.9708109958e-01
       232      -0.0028991699      2.0719835825e-01
       233      -0.0027465820      2.1802194078e-01
       234      -0.0025939941      2.2940187480e-01
       235      -0.0024414062      2.4142376906e-01
       236      -0.0022888184      2.5408034329e-01
       237      -0.0021362305      2.6721039044e-01
       238      -0.0019836426      2.8094971860e-01
       239      -0.0018310547      2.9516326140e-01
       240      -0.0016784668      3.0986498877e-01
       241      -0.0015258789      3.2490658993e-01
       242      -0.0013732910      3.4019667670e-01
       243      -0.0012207031      3.5576852879e-01
       244      -0.0010681152      3.7143082360e-01
       245      -0.0009155273      3.8709034997e-01
       246      -0.0007629395      4.0281613673e-01
       247      -0.0006103516      4.1829975994e-01
       248      -0.0004577637      4.3353634201e-01
       249      -0.0003051758      4.4843158907e-01
       250      -0.0001525879      4.6304174827e-01
       251      0.0000000000      4.7721168614e-01
       252      0.0001525879      4.9088184964e-01
       253      0.0003051758      5.0402174092e-01
       254      0.0004577637      5.1660171073e-01
       255      0.0006103516      5.2860239003e-01
       256      0.0007629395      5.4005369618e-01
       257      0.0009155273      5.5097549918e-01
       258      0.0010681152      5.6133082266e-01
       259      0.0012207031      5.7120194291e-01
       260      0.0013732910      5.8060512261e-01
       261      0.0015258789      5.8957561543e-01
       262      0.0016784668      5.9813093178e-01
       263      0.0018310547      6.0627094930e-01
       264      0.0019836426      6.1408204671e-01
       265      0.0021362305      6.2153716057e-01
       266      0.0022888184      6.2868109595e-01
       267      0.0024414062      6.3554173393e-01
       268      0.0025939941      6.4218283286e-01
       269      0.0027465820      6.4855532237e-01
       270      0.0028991699      6.5470568752e-01
       271      0.0030517578      6.6065200334e-01
       272      0.0032043457      6.6640881978e-01
       273      0.0033569336      6.7196308708e-01
       274      0.0035095215      6.7736709722e-01
       275      0.0036621094      6.8261266476e-01
       276      0.0038146973      6.8770565712e-01
       277      0.0039672852      6.9265773867e-01
       278      0.0041198730      6.9748981331e-01
       279      0.0042724609      7.0218677054e-01
       280      0.0044250488      7.0675254061e-01
       281      0.0045776367      7.1118851588e-01
       282      0.0047302246      7.1552079352e-01
       283      0.0048828125      7.1975435748e-01
       284      0.0050354004      7.2388910020e-01
       285      0.0051879883      7.2791135470e-01
       286      0.0053405762      7.3186174748e-01
       287      0.0054931641      7.3571085176e-01
       288      0.0056457520      7.3948340906e-01
       289      0.0057983398      7.4317839302e-01
       290      0.0059509277      7.4679464139e-01
       291      0.0061035156      7.5032503331e-01
       292      0.0062561035      7.5378999097e-01
       293      0.0064086914      7.5717746051e-01
       294      0.0065612793      7.6049725669e-01
       295      0.0067138672      7.6375530105e-01
       296      0.0068664551      7.6695166309e-01
       297      0.0070190430      7.7007193082e-01
       298      0.0071716309      7.7313161366e-01
       299      0.0073242188      7.7613913802e-01
       300      0.0074768066      7.7909480150e-01
       301      0.0076293945      7.8199416283e-01
       302      0.0077819824      7.8483118904e-01
       303      0.0079345703      7.8761309341e-01
       304      0.0080871582      7.9034435541e-01
       305      0.0082397461      7.9302800082e-01
       306      0.0083923340      7.9566621625e-01
       307      0.0085449219      7.9825165912e-01
       308      0.0086975098      8.0079117656e-01
       309      0.0088500977      8.0329019884e-01
       310      0.0090026855      8.0574096557e-01
       311      0.0091552734      8.0814803830e-01
       312      0.0093078613      8.1052153784e-01
       313      0.0094604492      8.1284740869e-01
       314      0.0096130371      8.1514369140e-01
       315      0.0097656250      8.1739442951e-01
       316      0.0099182129      8.1960677698e-01
       317      0.0100708008      8.2177768582e-01
       318      0.0102233887      8.2391215773e-01
       319      0.0103759766      8.2601483877e-01
       320      0.0105285645      8.2808107178e-01
       321      0.0106811523      8.3011794827e-01
       322      0.0108337402      8.3212352542e-01
       323      0.0109863281      8.3409178366e-01
       324      0.0111389160      8.3602737981e-01
       325      0.0112915039      8.3793464536e-01
       326      0.0114440918      8.3980642154e-01
       327      0.0115966797      8.4165125879e-01
       328      0.0117492676      8.4346337066e-01
       329      0.0119018555      8.4524782210e-01
       330      0.0120544434      8.4700476071e-01
       331      0.0122070312      8.4873354675e-01
       332      0.0123596191      8.5044239874e-01
       333      0.0125122070      8.5212401707e-01
       334      0.0126647949      8.5377438919e-01
       335      0.0128173828      8.5539952702e-01
       336      0.0129699707      8.5700251057e-01
       337      0.0131225586      8.5857824725e-01
       338      0.0132751465      8.6012787243e-01
       339      0.0134277344      8.6165679926e-01
       340      0.0135803223      8.6316695265e-01
       341      0.0137329102      8.6464894495e-01
       342      0.0138854980      8.6611171124e-01
       343      0.0140380859      8.6755358195e-01
       344      0.0141906738      8.6897276291e-01
       345      0.0143432617      8.7037095958e-01
       346      0.0144958496      8.7175048489e-01
       347      0.0146484375      8.7310922554e-01
       348      0.0148010254      8.7444930072e-01
       349      0.0149536133      8.7576916524e-01
       350      0.0151062012      8.7706999562e-01
       351      0.0152587891      8.7834840393e-01
       352      0.0154113770      8.7960773866e-01
       353      0.0155639648      8.8085177843e-01
       354      0.0157165527      8.8207787123e-01
       355      0.0158691406      8.8328652670e-01
       356      0.0160217285      8.8447772302e-01
       357      0.0161743164      8.8565283526e-01
       358      0.0163269043      8.8681503812e-01
       359      0.0164794922      8.8795755298e-01
       360      0.0166320801      8.8908579012e-01
       361      0.0167846680      8.9019606336e-01
       362      0.0169372559      8.9129341503e-01
       363      0.0170898438      8.9237392775e-01
       364      0.0172424316      8.9343857207e-01
       365      0.0173950195      8.9448973564e-01
       366      0.0175476074      8.9552608573e-01
       367      0.0177001953      8.9655008172e-01
       368      0.0178527832      8.9755898468e-01
       369      0.0180053711      8.9855348322e-01
       370      0.0181579590      8.9953588882e-01
       371      0.0183105469      9.0050238429e-01
       372      0.0184631348      9.0145806366e-01
       373      0.0186157227      9.0240113176e-01
       374      0.0187683105      9.0333267544e-01
       375      0.0189208984      9.0425042162e-01
       376      0.0190734863      9.0515586089e-01
       377      0.0192260742      9.0604926356e-01
       378      0.0193786621      9.0693215169e-01
       379      0.0195312500      9.0780237881e-01
       380      0.0196838379      9.0866180126e-01
       381      0.0198364258      9.0951192782e-01
       382      0.0199890137      9.1034835830e-01
       383      0.0201416016      9.1117479160e-01
       384      0.0202941895      9.1199007385e-01
       385      0.0204467773      9.1279444496e-01
       386      0.0205993652      9.1359060962e-01
       387      0.0207519531      9.1437508105e-01
       388      0.0209045410      9.1514806056e-01
       389      0.0210571289      9.1591232133e-01
       390      0.0212097168      9.1666654231e-01
       391      0.0213623047      9.1741089973e-01
       392      0.0215148926      9.1814747952e-01
       393      0.0216674805      9.1887435855e-01
       394      0.0218200684      9.1959315747e-01
       395      0.0219726562      9.2030351413e-01
       396      0.0221252441      9.2100403218e-01
       397      0.0222778320      9.2169743793e-01
       398      0.0224304199      9.2238125850e-01
       399      0.0225830078      9.2305691281e-01
       400      0.0227355957      9.2372456605e-01
       401      0.0228881836      9.2438141890e-01
       402      0.0230407715      9.2503076034e-01
       403      0.0231933594      9.2567313737e-01
       404      0.0233459473      9.2630826063e-01
       405      0.0234985352      9.2693456999e-01
       406      0.0236511230      9.2755490227e-01
       407      0.0238037109      9.2816686767e-01
       408      0.0239562988      9.2877097082e-01
       409      0.0241088867      9.2936823880e-01
       410      0.0242614746      9.2995891076e-01
       411      0.0244140625      9.3054252211e-01
       412      0.0245666504      9.3111812347e-01
       413      0.0247192383      9.3168747282e-01
       414      0.0248718262      9.3225126164e-01
       415      0.0250244141      9.3280641287e-01
       416      0.0251770020      9.3335758083e-01
       417      0.0253295898      9.3390038773e-01
       418      0.0254821777      9.3443825086e-01
       419      0.0256347656      9.3496967660e-01
       420      0.0257873535      9.3549480452e-01
       421      0.0259399414      9.3601465677e-01
       422      0.0260925293      9.3652893333e-01
       423      0.0262451172      9.3703599629e-01
       424      0.0263977051      9.3753740065e-01
       425      0.0265502930      9.3803338911e-01
       426      0.0267028809      9.3852560797e-01
       427      0.0268554688      9.3901014036e-01
       428      0.0270080566      9.3948761052e-01
       429      0.0271606445      9.3996183509e-01
       430      0.0273132324      9.4043047215e-01
       431      0.0274658203      9.4089522944e-01
       432      0.0276184082      9.4135306124e-01
       433      0.0277709961      9.4180713243e-01
       434      0.0279235840      9.4225513847e-01
       435      0.0280761719      9.4269857823e-01
       436      0.0282287598      9.4313629581e-01
       437      0.0283813477      9.4357012776e-01
       438      0.0285339355      9.4399856947e-01
       439      0.0286865234      9.4442311076e-01
       440      0.0288391113      9.4484308507e-01
       441      0.0289916992      9.4525801811e-01
       442      0.0291442871      9.4566891827e-01
       443      0.0292968750      9.4607600470e-01
       444      0.0294494629      9.4647812026e-01
       445      0.0296020508      9.4687641570e-01
       446      0.0297546387      9.4727034256e-01
       447      0.0299072266      9.4766080567e-01
       448      0.0300598145      9.4804605447e-01
       449      0.0302124023      9.4842740120e-01
       450      0.0303649902      9.4880454358e-01
       451      0.0305175781      9.4917737936e-01
       452      0.0306701660      9.4954696641e-01
       453      0.0308227539      9.4991211919e-01
       454      0.0309753418      9.5027455934e-01
       455      0.0311279297      9.5063332297e-01
       456      0.0312805176      9.5098697931e-01
       457      0.0314331055      9.5133767427e-01
       458      0.0315856934      9.5168513871e-01
       459      0.0317382812      9.5202880333e-01
       460      0.0318908691      9.5236932479e-01
       461      0.0320434570      9.5270643270e-01
       462      0.0321960449      9.5303956171e-01
       463      0.0323486328      9.5337006458e-01
       464      0.0325012207      9.5369667947e-01
       465      0.0326538086      9.5402003207e-01
       466      0.0328063965      9.5434044560e-01
       467      0.0329589844      9.5465810155e-01
       468      0.0331115723      9.5497279139e-01
       469      0.0332641602      9.5528374802e-01
       470      0.0334167480      9.5559191173e-01
       471      0.0335693359      9.5589630351e-01
       472      0.0337219238      9.5619834771e-01
       473      0.0338745117      9.5649746269e-01
       474      0.0340270996      9.5679361090e-01
       475      0.0341796875      9.5708703247e-01
       476      0.0343322754      9.5737728055e-01
       477      0.0344848633      9.5766444740e-01
       478      0.0346374512      9.5794844048e-01
       479      0.0347900391      9.5823003562e-01
       480      0.0349426270      9.5850966613e-01
       481      0.0350952148      9.5878705044e-01
       482      0.0352478027      9.5906183523e-01
       483      0.0354003906      9.5933317018e-01
       484      0.0355529785      9.5960192795e-01
       485      0.0357055664      9.5986807982e-01
       486      0.0358581543      9.6013217819e-01
       487      0.0360107422      9.6039411549e-01
       488      0.0361633301      9.6065329110e-01
       489      0.0363159180      9.6091008842e-01
       490      0.0364685059      9.6116397770e-01
       491      0.0366210938      9.6141536447e-01
       492      0.0367736816      9.6166472356e-01
       493      0.0369262695      9.6191218263e-01
       494      0.0370788574      9.6215703857e-01
       495      0.0372314453      9.6239973859e-01
       496      0.0373840332      9.6264053566e-01
       497      0.0375366211      9.6287866490e-01
       498      0.0376892090      9.6311513481e-01
       499      0.0378417969      9.6334912059e-01
       500      0.0379943848      9.6358080728e-01
       501      0.0381469727      9.6381058029e-01
