         1      -0.0158945719      7.1899177432e-03
         2      -0.0158309937      7.2409557938e-03
         3      -0.0157674154      7.2932055116e-03
         4      -0.0157038371      7.3447928310e-03
         5      -0.0156402588      7.3975783587e-03
         6      -0.0155766805      7.4498937488e-03
         7      -0.0155131022      7.5033975601e-03
         8      -0.0154495239      7.5577733755e-03
         9      -0.0153859456      7.6120528579e-03
        10      -0.0153223674      7.6674897314e-03
        11      -0.0152587891      7.7243423343e-03
        12      -0.0151952108      7.7809848785e-03
        13      -0.0151316325      7.8390568137e-03
        14      -0.0150680542      7.8967979670e-03
        15      -0.0150044759      7.9558880806e-03
        16      -0.0149408976      8.0149795533e-03
        17      -0.0148773193      8.0748419404e-03
        18      -0.0148137410      8.1353343964e-03
        19      -0.0147501628      8.1963592648e-03
        20      -0.0146865845      8.2579286695e-03
        21      -0.0146230062      8.3200535894e-03
        22      -0.0145594279      8.3851102829e-03
        23      -0.0144958496      8.4477364659e-03
        24      -0.0144322713      8.5118665456e-03
        25      -0.0143686930      8.5775889874e-03
        26      -0.0143051147      8.6447052955e-03
        27      -0.0142415365      8.7125285745e-03
        28      -0.0141779582      8.7799382925e-03
        29      -0.0141143799      8.8482625842e-03
        30      -0.0140508016      8.9181241274e-03
        31      -0.0139872233      8.9889432788e-03
        32      -0.0139236450      9.0605832219e-03
        33      -0.0138600667      9.1341693520e-03
        34      -0.0137964884      9.2069716573e-03
        35      -0.0137329102      9.2815573454e-03
        36      -0.0136693319      9.3584314942e-03
        37      -0.0136057536      9.4351390720e-03
        38      -0.0135421753      9.5133653283e-03
        39      -0.0134785970      9.5914317250e-03
        40      -0.0134150187      9.6707151532e-03
        41      -0.0133514404      9.7495943546e-03
        42      -0.0132878621      9.8301571131e-03
        43      -0.0132242839      9.9118606567e-03
        44      -0.0131607056      9.9954368232e-03
        45      -0.0130971273      1.0079630423e-02
        46      -0.0130335490      1.0165931667e-02
        47      -0.0129699707      1.0252867902e-02
        48      -0.0129063924      1.0339860511e-02
        49      -0.0128428141      1.0428415966e-02
        50      -0.0127792358      1.0518607617e-02
        51      -0.0127156576      1.0609912074e-02
        52      -0.0126520793      1.0700780523e-02
        53      -0.0125885010      1.0792907011e-02
        54      -0.0125249227      1.0886648380e-02
        55      -0.0124613444      1.0981848860e-02
        56      -0.0123977661      1.1077413023e-02
        57      -0.0123341878      1.1174937069e-02
        58      -0.0122706095      1.1273835361e-02
        59      -0.0122070313      1.1373053431e-02
        60      -0.0121434530      1.1475146365e-02
        61      -0.0120798747      1.1578569352e-02
        62      -0.0120162964      1.1682815480e-02
        63      -0.0119527181      1.1787769020e-02
        64      -0.0118891398      1.1894645619e-02
        65      -0.0118255615      1.2004728805e-02
        66      -0.0117619832      1.2116243804e-02
        67      -0.0116984049      1.2226730550e-02
        68      -0.0116348267      1.2343366969e-02
        69      -0.0115712484      1.2457537938e-02
        70      -0.0115076701      1.2573898339e-02
        71      -0.0114440918      1.2690260851e-02
        72      -0.0113805135      1.2810379970e-02
        73      -0.0113169352      1.2932252836e-02
        74      -0.0112533569      1.3056116152e-02
        75      -0.0111897786      1.3180590629e-02
        76      -0.0111262004      1.3306254483e-02
        77      -0.0110626221      1.3434822690e-02
        78      -0.0109990438      1.3563998461e-02
        79      -0.0109354655      1.3693564820e-02
        80      -0.0108718872      1.3826754439e-02
        81      -0.0108083089      1.3962730241e-02
        82      -0.0107447306      1.4105079377e-02
        83      -0.0106811523      1.4243509746e-02
        84      -0.0106175741      1.4382729733e-02
        85      -0.0105539958      1.4528763986e-02
        86      -0.0104904175      1.4673526168e-02
        87      -0.0104268392      1.4822941851e-02
        88      -0.0103632609      1.4974457419e-02
        89      -0.0102996826      1.5130570769e-02
        90      -0.0102361043      1.5285730398e-02
        91      -0.0101725260      1.5445380807e-02
        92      -0.0101089478      1.5606087959e-02
        93      -0.0100453695      1.5768463779e-02
        94      -0.0099817912      1.5935127377e-02
        95      -0.0099182129      1.6102279747e-02
        96      -0.0098546346      1.6272250414e-02
        97      -0.0097910563      1.6447537863e-02
        98      -0.0097274780      1.6626290357e-02
        99      -0.0096638997      1.6809909964e-02
       100      -0.0096003215      1.6994619822e-02
       101      -0.0095367432      1.7178498328e-02
       102      -0.0094731649      1.7365744996e-02
       103      -0.0094095866      1.7555702806e-02
       104      -0.0093460083      1.7748446392e-02
       105      -0.0092824300      1.7945778370e-02
       106      -0.0092188517      1.8145832741e-02
       107      -0.0091552734      1.8350307262e-02
       108      -0.0090916951      1.8557244766e-02
       109      -0.0090281169      1.8774224091e-02
       110      -0.0089645386      1.8993696034e-02
       111      -0.0089009603      1.9215063166e-02
       112      -0.0088373820      1.9439605796e-02
       113      -0.0087738037      1.9671216202e-02
       114      -0.0087102254      1.9903693056e-02
       115      -0.0086466471      2.0137473070e-02
       116      -0.0085830688      2.0377848017e-02
       117      -0.0085194906      2.0621246147e-02
       118      -0.0084559123      2.0869488728e-02
       119      -0.0083923340      2.1120687903e-02
       120      -0.0083287557      2.1378142977e-02
       121      -0.0082651774      2.1643745947e-02
       122      -0.0082015991      2.1908561337e-02
       123      -0.0081380208      2.2187926650e-02
       124      -0.0080744425      2.2467773831e-02
       125      -0.0080108643      2.2753569805e-02
       126      -0.0079472860      2.3041092778e-02
       127      -0.0078837077      2.3334405995e-02
       128      -0.0078201294      2.3638525856e-02
       129      -0.0077565511      2.3946096790e-02
       130      -0.0076929728      2.4256257617e-02
       131      -0.0076293945      2.4575174403e-02
       132      -0.0075658162      2.4896029246e-02
       133      -0.0075022380      2.5229455447e-02
       134      -0.0074386597      2.5565063762e-02
       135      -0.0073750814      2.5910289860e-02
       136      -0.0073115031      2.6263043260e-02
       137      -0.0072479248      2.6621404732e-02
       138      -0.0071843465      2.6991270662e-02
       139      -0.0071207682      2.7367812145e-02
       140      -0.0070571899      2.7752084171e-02
       141      -0.0069936117      2.8144955623e-02
       142      -0.0069300334      2.8542823970e-02
       143      -0.0068664551      2.8957880723e-02
       144      -0.0068028768      2.9373295296e-02
       145      -0.0067392985      2.9800698805e-02
       146      -0.0066757202      3.0238912547e-02
       147      -0.0066121419      3.0689092254e-02
       148      -0.0065485636      3.1143021619e-02
       149      -0.0064849854      3.1608088649e-02
       150      -0.0064214071      3.2092131126e-02
       151      -0.0063578288      3.2588149083e-02
       152      -0.0062942505      3.3085766088e-02
       153      -0.0062306722      3.3601548183e-02
       154      -0.0061670939      3.4126623344e-02
       155      -0.0061035156      3.4665299058e-02
       156      -0.0060399373      3.5212681663e-02
       157      -0.0059763590      3.5770823217e-02
       158      -0.0059127808      3.6350870287e-02
       159      -0.0058492025      3.6944422304e-02
       160      -0.0057856242      3.7552447331e-02
       161      -0.0057220459      3.8179814112e-02
       162      -0.0056584676      3.8805665016e-02
       163      -0.0055948893      3.9460687817e-02
       164      -0.0055313110      4.0129630482e-02
       165      -0.0054677327      4.0815272617e-02
       166      -0.0054041545      4.1522574914e-02
       167      -0.0053405762      4.2245542443e-02
       168      -0.0052769979      4.2992402029e-02
       169      -0.0052134196      4.3751731813e-02
       170      -0.0051498413      4.4533161736e-02
       171      -0.0050862630      4.5337647498e-02
       172      -0.0050226847      4.6149582529e-02
       173      -0.0049591064      4.7009249735e-02
       174      -0.0048955282      4.7901975727e-02
       175      -0.0048319499      4.8800597608e-02
       176      -0.0047683716      4.9729783416e-02
       177      -0.0047047933      5.0691874481e-02
       178      -0.0046412150      5.1659807563e-02
       179      -0.0045776367      5.2684619928e-02
       180      -0.0045140584      5.3713031781e-02
       181      -0.0044504801      5.4802857149e-02
       182      -0.0043869019      5.5911354173e-02
       183      -0.0043233236      5.7047518539e-02
       184      -0.0042597453      5.8240273702e-02
       185      -0.0041961670      5.9460376394e-02
       186      -0.0041325887      6.0729402780e-02
       187      -0.0040690104      6.2053075218e-02
       188      -0.0040054321      6.3415398061e-02
       189      -0.0039418538      6.4794789875e-02
       190      -0.0038782756      6.6245126093e-02
       191      -0.0038146973      6.7749149883e-02
       192      -0.0037511190      6.9314262605e-02
       193      -0.0036875407      7.0930537689e-02
       194      -0.0036239624      7.2602888739e-02
       195      -0.0035603841      7.4335079622e-02
       196      -0.0034968058      7.6134914649e-02
       197      -0.0034332275      7.8031088889e-02
       198      -0.0033696493      7.9987594748e-02
       199      -0.0033060710      8.1995747971e-02
       200      -0.0032424927      8.4100471163e-02
       201      -0.0031789144      8.6307615769e-02
       202      -0.0031153361      8.8603406859e-02
       203      -0.0030517578      9.1020409787e-02
       204      -0.0029881795      9.3521678865e-02
       205      -0.0029246012      9.6136974919e-02
       206      -0.0028610229      9.8872523785e-02
       207      -0.0027974447      1.0176526535e-01
       208      -0.0027338664      1.0477406884e-01
       209      -0.0026702881      1.0790400341e-01
       210      -0.0026067098      1.1124348303e-01
       211      -0.0025431315      1.1469491639e-01
       212      -0.0024795532      1.1831339464e-01
       213      -0.0024159749      1.2211970816e-01
       214      -0.0023523966      1.2615618094e-01
       215      -0.0022888184      1.3035710901e-01
       216      -0.0022252401      1.3475952400e-01
       217      -0.0021616618      1.3937907783e-01
       218      -0.0020980835      1.4426970114e-01
       219      -0.0020345052      1.4932893765e-01
       220      -0.0019709269      1.5468272862e-01
       221      -0.0019073486      1.6031473452e-01
       222      -0.0018437703      1.6624650453e-01
       223      -0.0017801921      1.7243026845e-01
       224      -0.0017166138      1.7886038501e-01
       225      -0.0016530355      1.8564298784e-01
       226      -0.0015894572      1.9263314094e-01
       227      -0.0015258789      2.0002255051e-01
       228      -0.0014623006      2.0754595281e-01
       229      -0.0013987223      2.1548593649e-01
       230      -0.0013351440      2.2360159978e-01
       231      -0.0012715658      2.3222014493e-01
       232      -0.0012079875      2.4089832564e-01
       233      -0.0011444092      2.4994634103e-01
       234      -0.0010808309      2.5908015047e-01
       235      -0.0010172526      2.6851996666e-01
       236      -0.0009536743      2.7818355215e-01
       237      -0.0008900960      2.8804479869e-01
       238      -0.0008265177      2.9805781861e-01
       239      -0.0007629395      3.0824542442e-01
       240      -0.0006993612      3.1836105932e-01
       241      -0.0006357829      3.2855378499e-01
       242      -0.0005722046      3.3889852570e-01
       243      -0.0005086263      3.4919403671e-01
       244      -0.0004450480      3.5954389956e-01
       245      -0.0003814697      3.6975501879e-01
       246      -0.0003178914      3.7998105966e-01
       247      -0.0002543132      3.8993679515e-01
       248      -0.0001907349      3.9977436034e-01
       249      -0.0001271566      4.0949615433e-01
       250      -0.0000635783      4.1899317111e-01
       251      0.0000000000      4.2829003701e-01
       252      0.0000635783      4.3739271834e-01
       253      0.0001271566      4.4623728707e-01
       254      0.0001907349      4.5485117125e-01
       255      0.0002543132      4.6322639826e-01
       256      0.0003178914      4.7120908123e-01
       257      0.0003814697      4.7895713222e-01
       258      0.0004450480      4.8643918003e-01
       259      0.0005086263      4.9373111203e-01
       260      0.0005722046      5.0069239756e-01
       261      0.0006357829      5.0746388556e-01
       262      0.0006993612      5.1389837837e-01
       263      0.0007629395      5.2018910231e-01
       264      0.0008265177      5.2617982504e-01
       265      0.0008900960      5.3203505829e-01
       266      0.0009536743      5.3768131668e-01
       267      0.0010172526      5.4313318066e-01
       268      0.0010808309      5.4834798094e-01
       269      0.0011444092      5.5337009767e-01
       270      0.0012079875      5.5824121920e-01
       271      0.0012715658      5.6297369028e-01
       272      0.0013351440      5.6756985559e-01
       273      0.0013987223      5.7199568625e-01
       274      0.0014623006      5.7631193092e-01
       275      0.0015258789      5.8048117138e-01
       276      0.0015894572      5.8454605119e-01
       277      0.0016530355      5.8852799348e-01
       278      0.0017166138      5.9238866361e-01
       279      0.0017801921      5.9615270181e-01
       280      0.0018437703      5.9982556761e-01
       281      0.0019073486      6.0343770597e-01
       282      0.0019709269      6.0693354133e-01
       283      0.0020345052      6.1034056260e-01
       284      0.0020980835      6.1371514537e-01
       285      0.0021616618      6.1699698960e-01
       286      0.0022252401      6.2020000254e-01
       287      0.0022888184      6.2334940639e-01
       288      0.0023523966      6.2644050357e-01
       289      0.0024159749      6.2947064089e-01
       290      0.0024795532      6.3243782507e-01
       291      0.0025431315      6.3534744690e-01
       292      0.0026067098      6.3821240576e-01
       293      0.0026702881      6.4104184526e-01
       294      0.0027338664      6.4382049638e-01
       295      0.0027974447      6.4655562571e-01
       296      0.0028610229      6.4924352900e-01
       297      0.0029246012      6.5189920012e-01
       298      0.0029881795      6.5451504195e-01
       299      0.0030517578      6.5707344479e-01
       300      0.0031153361      6.5958866612e-01
       301      0.0031789144      6.6208040102e-01
       302      0.0032424927      6.6452910623e-01
       303      0.0033060710      6.6693277951e-01
       304      0.0033696493      6.6931887346e-01
       305      0.0034332275      6.7166252954e-01
       306      0.0034968058      6.7397505197e-01
       307      0.0035603841      6.7624857954e-01
       308      0.0036239624      6.7850177318e-01
       309      0.0036875407      6.8073035434e-01
       310      0.0037511190      6.8292665213e-01
       311      0.0038146973      6.8509397436e-01
       312      0.0038782756      6.8722682044e-01
       313      0.0039418538      6.8933772880e-01
       314      0.0040054321      6.9143337658e-01
       315      0.0040690104      6.9349091791e-01
       316      0.0041325887      6.9552674590e-01
       317      0.0041961670      6.9754067944e-01
       318      0.0042597453      6.9952974807e-01
       319      0.0043233236      7.0149875405e-01
       320      0.0043869019      7.0343733851e-01
       321      0.0044504801      7.0535938870e-01
       322      0.0045140584      7.0726232816e-01
       323      0.0045776367      7.0914300823e-01
       324      0.0046412150      7.1100407086e-01
       325      0.0047047933      7.1285813212e-01
       326      0.0047683716      7.1467404791e-01
       327      0.0048319499      7.1647807149e-01
       328      0.0048955282      7.1826157875e-01
       329      0.0049591064      7.2003170909e-01
       330      0.0050226847      7.2177155938e-01
       331      0.0050862630      7.2350287736e-01
       332      0.0051498413      7.2521964680e-01
       333      0.0052134196      7.2691203159e-01
       334      0.0052769979      7.2858948793e-01
       335      0.0053405762      7.3025107225e-01
       336      0.0054041545      7.3190143940e-01
       337      0.0054677327      7.3353294388e-01
       338      0.0055313110      7.3514723983e-01
       339      0.0055948893      7.3674657919e-01
       340      0.0056584676      7.3832832354e-01
       341      0.0057220459      7.3989298823e-01
       342      0.0057856242      7.4144924865e-01
       343      0.0058492025      7.4299006870e-01
       344      0.0059127808      7.4450928420e-01
       345      0.0059763590      7.4602043079e-01
       346      0.0060399373      7.4751880804e-01
       347      0.0061035156      7.4900512349e-01
       348      0.0061670939      7.5047444325e-01
       349      0.0062306722      7.5193480008e-01
       350      0.0062942505      7.5338246540e-01
       351      0.0063578288      7.5481707312e-01
       352      0.0064214071      7.5623511905e-01
       353      0.0064849854      7.5764376557e-01
       354      0.0065485636      7.5903705269e-01
       355      0.0066121419      7.6042044414e-01
       356      0.0066757202      7.6179000100e-01
       357      0.0067392985      7.6314391881e-01
       358      0.0068028768      7.6448929725e-01
       359      0.0068664551      7.6582517156e-01
       360      0.0069300334      7.6714942063e-01
       361      0.0069936117      7.6846355861e-01
       362      0.0070571899      7.6976442440e-01
       363      0.0071207682      7.7105396262e-01
       364      0.0071843465      7.7233559613e-01
       365      0.0072479248      7.7360354018e-01
       366      0.0073115031      7.7486719884e-01
       367      0.0073750814      7.7611325476e-01
       368      0.0074386597      7.7735261812e-01
       369      0.0075022380      7.7858177050e-01
       370      0.0075658162      7.7980252341e-01
       371      0.0076293945      7.8101277992e-01
       372      0.0076929728      7.8221325225e-01
       373      0.0077565511      7.8340582055e-01
       374      0.0078201294      7.8458983041e-01
       375      0.0078837077      7.8575771268e-01
       376      0.0079472860      7.8691869419e-01
       377      0.0080108643      7.8807210158e-01
       378      0.0080744425      7.8921985294e-01
       379      0.0081380208      7.9036093427e-01
       380      0.0082015991      7.9148746636e-01
       381      0.0082651774      7.9261090243e-01
       382      0.0083287557      7.9371860366e-01
       383      0.0083923340      7.9482171343e-01
       384      0.0084559123      7.9591440350e-01
       385      0.0085194906      7.9700061952e-01
       386      0.0085830688      7.9807549723e-01
       387      0.0086466471      7.9914510805e-01
       388      0.0087102254      8.0020254092e-01
       389      0.0087738037      8.0125309639e-01
       390      0.0088373820      8.0229499514e-01
       391      0.0089009603      8.0333059065e-01
       392      0.0089645386      8.0436057619e-01
       393      0.0090281169      8.0538134482e-01
       394      0.0090916951      8.0639638797e-01
       395      0.0091552734      8.0740319235e-01
       396      0.0092188517      8.0840466152e-01
       397      0.0092824300      8.0939870147e-01
       398      0.0093460083      8.1038383222e-01
       399      0.0094095866      8.1135962496e-01
       400      0.0094731649      8.1232899654e-01
       401      0.0095367432      8.1329501645e-01
       402      0.0096003215      8.1425281571e-01
       403      0.0096638997      8.1520139705e-01
       404      0.0097274780      8.1614619689e-01
       405      0.0097910563      8.1708087039e-01
       406      0.0098546346      8.1800964806e-01
       407      0.0099182129      8.1893155522e-01
       408      0.0099817912      8.1985029020e-01
       409      0.0100453695      8.2076129523e-01
       410      0.0101089478      8.2166590170e-01
       411      0.0101725260      8.2256370698e-01
       412      0.0102361043      8.2345163293e-01
       413      0.0102996826      8.2433842590e-01
       414      0.0103632609      8.2521743935e-01
       415      0.0104268392      8.2609164292e-01
       416      0.0104904175      8.2695880346e-01
       417      0.0105539958      8.2781680247e-01
       418      0.0106175741      8.2867321849e-01
       419      0.0106811523      8.2952211576e-01
       420      0.0107447306      8.3036580406e-01
       421      0.0108083089      8.3120332307e-01
       422      0.0108718872      8.3203469510e-01
       423      0.0109354655      8.3285959898e-01
       424      0.0109990438      8.3367916182e-01
       425      0.0110626221      8.3449657296e-01
       426      0.0111262004      8.3530673293e-01
       427      0.0111897786      8.3611240061e-01
       428      0.0112533569      8.3691104017e-01
       429      0.0113169352      8.3770342298e-01
       430      0.0113805135      8.3849179576e-01
       431      0.0114440918      8.3927210075e-01
       432      0.0115076701      8.4004939313e-01
       433      0.0115712484      8.4082124604e-01
       434      0.0116348267      8.4158822223e-01
       435      0.0116984049      8.4234874195e-01
       436      0.0117619832      8.4310458182e-01
       437      0.0118255615      8.4385556541e-01
       438      0.0118891398      8.4460105333e-01
       439      0.0119527181      8.4534303856e-01
       440      0.0120162964      8.4607866827e-01
       441      0.0120798747      8.4681095343e-01
       442      0.0121434530      8.4753664933e-01
       443      0.0122070312      8.4825892368e-01
       444      0.0122706095      8.4897492038e-01
       445      0.0123341878      8.4968775274e-01
       446      0.0123977661      8.5039769733e-01
       447      0.0124613444      8.5110286965e-01
       448      0.0125249227      8.5180273543e-01
       449      0.0125885010      8.5249903784e-01
       450      0.0126520793      8.5318820194e-01
       451      0.0127156576      8.5387451787e-01
       452      0.0127792358      8.5455635769e-01
       453      0.0128428141      8.5523208082e-01
       454      0.0129063924      8.5590621142e-01
       455      0.0129699707      8.5657338262e-01
       456      0.0130335490      8.5723704998e-01
       457      0.0130971273      8.5789490490e-01
       458      0.0131607056      8.5855120748e-01
       459      0.0132242839      8.5920161188e-01
       460      0.0132878621      8.5985060040e-01
       461      0.0133514404      8.6049558647e-01
       462      0.0134150187      8.6113359969e-01
       463      0.0134785970      8.6176822082e-01
       464      0.0135421753      8.6239931713e-01
       465      0.0136057536      8.6302577141e-01
       466      0.0136693319      8.6364793224e-01
       467      0.0137329102      8.6426721888e-01
       468      0.0137964884      8.6488290315e-01
       469      0.0138600667      8.6549454955e-01
       470      0.0139236450      8.6610164719e-01
       471      0.0139872233      8.6670573518e-01
       472      0.0140508016      8.6730503434e-01
       473      0.0141143799      8.6790236615e-01
       474      0.0141779582      8.6849557806e-01
       475      0.0142415365      8.6908613913e-01
       476      0.0143051147      8.6967067839e-01
       477      0.0143686930      8.7025139476e-01
       478      0.0144322713      8.7083057170e-01
       479      0.0144958496      8.7140566426e-01
       480      0.0145594279      8.7197654881e-01
       481      0.0146230062      8.7254288679e-01
       482      0.0146865845      8.7310611546e-01
       483      0.0147501628      8.7366733643e-01
       484      0.0148137410      8.7422562531e-01
       485      0.0148773193      8.7477948774e-01
       486      0.0149408976      8.7532896656e-01
       487      0.0150044759      8.7587652745e-01
       488      0.0150680542      8.7642169534e-01
       489      0.0151316325      8.7696079220e-01
       490      0.0151952108      8.7749795794e-01
       491      0.0152587891      8.7803381158e-01
       492      0.0153223674      8.7856492910e-01
       493      0.0153859456      8.7909323830e-01
       494      0.0154495239      8.7961817298e-01
       495      0.0155131022      8.8013824483e-01
       496      0.0155766805      8.8065539072e-01
       497      0.0156402588      8.8116972225e-01
       498      0.0157038371      8.8168030013e-01
       499      0.0157674154      8.8218891657e-01
       500      0.0158309937      8.8269527222e-01
       501      0.0158945719      8.8319744543e-01
