         1      -0.0762939453      3.7850648193e-03
         2      -0.0759887695      3.8097131958e-03
         3      -0.0756835938      3.8348602905e-03
         4      -0.0753784180      3.8603272095e-03
         5      -0.0750732422      3.8858876953e-03
         6      -0.0747680664      3.9116011353e-03
         7      -0.0744628906      3.9378491821e-03
         8      -0.0741577148      3.9643037720e-03
         9      -0.0738525391      3.9911657105e-03
        10      -0.0735473633      4.0180384522e-03
        11      -0.0732421875      4.0453551026e-03
        12      -0.0729370117      4.0729838256e-03
        13      -0.0726318359      4.1009024658e-03
        14      -0.0723266602      4.1291039429e-03
        15      -0.0720214844      4.1576286011e-03
        16      -0.0717163086      4.1859676513e-03
        17      -0.0714111328      4.2151567382e-03
        18      -0.0711059570      4.2447754516e-03
        19      -0.0708007812      4.2744463501e-03
        20      -0.0704956055      4.3048999024e-03
        21      -0.0701904297      4.3358060303e-03
        22      -0.0698852539      4.3666499023e-03
        23      -0.0695800781      4.3980720825e-03
        24      -0.0692749023      4.4297322998e-03
        25      -0.0689697266      4.4615803222e-03
        26      -0.0686645508      4.4945526123e-03
        27      -0.0683593750      4.5274249268e-03
        28      -0.0680541992      4.5603663941e-03
        29      -0.0677490234      4.5938553467e-03
        30      -0.0674438477      4.6279533692e-03
        31      -0.0671386719      4.6620919800e-03
        32      -0.0668334961      4.6974227906e-03
        33      -0.0665283203      4.7329480591e-03
        34      -0.0662231445      4.7690386963e-03
        35      -0.0659179688      4.8056996460e-03
        36      -0.0656127930      4.8427155151e-03
        37      -0.0653076172      4.8798801270e-03
        38      -0.0650024414      4.9177756958e-03
        39      -0.0646972656      4.9561976318e-03
        40      -0.0643920898      4.9951661987e-03
        41      -0.0640869141      5.0345150756e-03
        42      -0.0637817383      5.0741667481e-03
        43      -0.0634765625      5.1150048828e-03
        44      -0.0631713867      5.1554735107e-03
        45      -0.0628662109      5.1972466431e-03
        46      -0.0625610352      5.2392888184e-03
        47      -0.0622558594      5.2817628784e-03
        48      -0.0619506836      5.3250277099e-03
        49      -0.0616455078      5.3687830810e-03
        50      -0.0613403320      5.4134736329e-03
        51      -0.0610351562      5.4583277588e-03
        52      -0.0607299805      5.5046880493e-03
        53      -0.0604248047      5.5510169067e-03
        54      -0.0601196289      5.5982277222e-03
        55      -0.0598144531      5.6449953003e-03
        56      -0.0595092773      5.6936159057e-03
        57      -0.0592041016      5.7431118164e-03
        58      -0.0588989258      5.7934433593e-03
        59      -0.0585937500      5.8442614136e-03
        60      -0.0582885742      5.8953437500e-03
        61      -0.0579833984      5.9472719727e-03
        62      -0.0576782227      5.9999439697e-03
        63      -0.0573730469      6.0533593140e-03
        64      -0.0570678711      6.1076573486e-03
        65      -0.0567626953      6.1626425171e-03
        66      -0.0564575195      6.2187832031e-03
        67      -0.0561523438      6.2759165649e-03
        68      -0.0558471680      6.3331613159e-03
        69      -0.0555419922      6.3912221680e-03
        70      -0.0552368164      6.4499284058e-03
        71      -0.0549316406      6.5103679809e-03
        72      -0.0546264648      6.5712180786e-03
        73      -0.0543212891      6.6332062988e-03
        74      -0.0540161133      6.6962880859e-03
        75      -0.0537109375      6.7606863403e-03
        76      -0.0534057617      6.8256979980e-03
        77      -0.0531005859      6.8918366699e-03
        78      -0.0527954102      6.9585756836e-03
        79      -0.0524902344      7.0265673218e-03
        80      -0.0521850586      7.0967968749e-03
        81      -0.0518798828      7.1674894409e-03
        82      -0.0515747070      7.2393479614e-03
        83      -0.0512695312      7.3128773193e-03
        84      -0.0509643555      7.3871711426e-03
        85      -0.0506591797      7.4618470459e-03
        86      -0.0503540039      7.5374722290e-03
        87      -0.0500488281      7.6144732666e-03
        88      -0.0497436523      7.6942513428e-03
        89      -0.0494384766      7.7747912598e-03
        90      -0.0491333008      7.8563811645e-03
        91      -0.0488281250      7.9390565796e-03
        92      -0.0485229492      8.0224897461e-03
        93      -0.0482177734      8.1090449829e-03
        94      -0.0479125977      8.1962301636e-03
        95      -0.0476074219      8.2852288208e-03
        96      -0.0473022461      8.3760222779e-03
        97      -0.0469970703      8.4678006592e-03
        98      -0.0466918945      8.5622071533e-03
        99      -0.0463867188      8.6587022095e-03
       100      -0.0460815430      8.7567940674e-03
       101      -0.0457763672      8.8559425659e-03
       102      -0.0454711914      8.9566339112e-03
       103      -0.0451660156      9.0598635864e-03
       104      -0.0448608398      9.1639473877e-03
       105      -0.0445556641      9.2712395020e-03
       106      -0.0442504883      9.3795395508e-03
       107      -0.0439453125      9.4900490112e-03
       108      -0.0436401367      9.6028696289e-03
       109      -0.0433349609      9.7184986572e-03
       110      -0.0430297852      9.8340380249e-03
       111      -0.0427246094      9.9527590332e-03
       112      -0.0424194336      1.0074627441e-02
       113      -0.0421142578      1.0198629333e-02
       114      -0.0418090820      1.0326121460e-02
       115      -0.0415039062      1.0455604858e-02
       116      -0.0411987305      1.0585801635e-02
       117      -0.0408935547      1.0721233399e-02
       118      -0.0405883789      1.0858069336e-02
       119      -0.0402832031      1.0997530395e-02
       120      -0.0399780273      1.1139132019e-02
       121      -0.0396728516      1.1284402954e-02
       122      -0.0393676758      1.1435056518e-02
       123      -0.0390625000      1.1585718078e-02
       124      -0.0387573242      1.1740644776e-02
       125      -0.0384521484      1.1898243286e-02
       126      -0.0381469727      1.2060077331e-02
       127      -0.0378417969      1.2226326172e-02
       128      -0.0375366211      1.2396817078e-02
       129      -0.0372314453      1.2567808960e-02
       130      -0.0369262695      1.2745184021e-02
       131      -0.0366210938      1.2927158569e-02
       132      -0.0363159180      1.3111928161e-02
       133      -0.0360107422      1.3301211365e-02
       134      -0.0357055664      1.3494827942e-02
       135      -0.0354003906      1.3694378723e-02
       136      -0.0350952148      1.3896356690e-02
       137      -0.0347900391      1.4101642578e-02
       138      -0.0344848633      1.4312615295e-02
       139      -0.0341796875      1.4529346557e-02
       140      -0.0338745117      1.4750888184e-02
       141      -0.0335693359      1.4978716919e-02
       142      -0.0332641602      1.5213742676e-02
       143      -0.0329589844      1.5451687439e-02
       144      -0.0326538086      1.5697942261e-02
       145      -0.0323486328      1.5948272827e-02
       146      -0.0320434570      1.6205037659e-02
       147      -0.0317382812      1.6467681885e-02
       148      -0.0314331055      1.6740049317e-02
       149      -0.0311279297      1.7017578796e-02
       150      -0.0308227539      1.7299426209e-02
       151      -0.0305175781      1.7590621338e-02
       152      -0.0302124023      1.7890334412e-02
       153      -0.0299072266      1.8195494019e-02
       154      -0.0296020508      1.8511346741e-02
       155      -0.0292968750      1.8838135559e-02
       156      -0.0289916992      1.9170415527e-02
       157      -0.0286865234      1.9512757507e-02
       158      -0.0283813477      1.9866117553e-02
       159      -0.0280761719      2.0230077209e-02
       160      -0.0277709961      2.0604567932e-02
       161      -0.0274658203      2.0988044068e-02
       162      -0.0271606445      2.1379503967e-02
       163      -0.0268554688      2.1786360352e-02
       164      -0.0265502930      2.2203817383e-02
       165      -0.0262451172      2.2629719910e-02
       166      -0.0259399414      2.3072427063e-02
       167      -0.0256347656      2.3533400086e-02
       168      -0.0253295898      2.4008096741e-02
       169      -0.0250244141      2.4493808594e-02
       170      -0.0247192383      2.4993191040e-02
       171      -0.0244140625      2.5506890564e-02
       172      -0.0241088867      2.6038517090e-02
       173      -0.0238037109      2.6591155579e-02
       174      -0.0234985352      2.7155545350e-02
       175      -0.0231933594      2.7740314453e-02
       176      -0.0228881836      2.8348446900e-02
       177      -0.0225830078      2.8978679565e-02
       178      -0.0222778320      2.9623893493e-02
       179      -0.0219726562      3.0291768921e-02
       180      -0.0216674805      3.0982821655e-02
       181      -0.0213623047      3.1705288879e-02
       182      -0.0210571289      3.2448109863e-02
       183      -0.0207519531      3.3220467468e-02
       184      -0.0204467773      3.4014295472e-02
       185      -0.0201416016      3.4837957825e-02
       186      -0.0198364258      3.5698043335e-02
       187      -0.0195312500      3.6586882202e-02
       188      -0.0192260742      3.7505339416e-02
       189      -0.0189208984      3.8462587402e-02
       190      -0.0186157227      3.9452735351e-02
       191      -0.0183105469      4.0489162536e-02
       192      -0.0180053711      4.1578155884e-02
       193      -0.0177001953      4.2702714600e-02
       194      -0.0173950195      4.3859288635e-02
       195      -0.0170898438      4.5075006592e-02
       196      -0.0167846680      4.6339543274e-02
       197      -0.0164794922      4.7669992798e-02
       198      -0.0161743164      4.9047812256e-02
       199      -0.0158691406      5.0484919373e-02
       200      -0.0155639648      5.1991135499e-02
       201      -0.0152587891      5.3558702210e-02
       202      -0.0149536133      5.5203575195e-02
       203      -0.0146484375      5.6929252319e-02
       204      -0.0143432617      5.8735922974e-02
       205      -0.0140380859      6.0633727417e-02
       206      -0.0137329102      6.2620721313e-02
       207      -0.0134277344      6.4700289856e-02
       208      -0.0131225586      6.6887537293e-02
       209      -0.0128173828      6.9185458130e-02
       210      -0.0125122070      7.1615250916e-02
       211      -0.0122070312      7.4189512695e-02
       212      -0.0119018555      7.6906631470e-02
       213      -0.0115966797      7.9783132751e-02
       214      -0.0112915039      8.2807546082e-02
       215      -0.0109863281      8.6006844422e-02
       216      -0.0106811523      8.9423430115e-02
       217      -0.0103759766      9.3045227966e-02
       218      -0.0100708008      9.6886681885e-02
       219      -0.0097656250      1.0097085535e-01
       220      -0.0094604492      1.0531842706e-01
       221      -0.0091552734      1.0999530493e-01
       222      -0.0088500977      1.1499374286e-01
       223      -0.0085449219      1.2035842078e-01
       224      -0.0082397461      1.2609754596e-01
       225      -0.0079345703      1.3228070007e-01
       226      -0.0076293945      1.3897333355e-01
       227      -0.0073242188      1.4617205212e-01
       228      -0.0070190430      1.5396160163e-01
       229      -0.0067138672      1.6230800257e-01
       230      -0.0064086914      1.7141029126e-01
       231      -0.0061035156      1.8117860138e-01
       232      -0.0057983398      1.9179738110e-01
       233      -0.0054931641      2.0319018951e-01
       234      -0.0051879883      2.1551806134e-01
       235      -0.0048828125      2.2878571820e-01
       236      -0.0045776367      2.4295418061e-01
       237      -0.0042724609      2.5814859918e-01
       238      -0.0039672852      2.7424233734e-01
       239      -0.0036621094      2.9138085791e-01
       240      -0.0033569336      3.0931732653e-01
       241      -0.0030517578      3.2806570532e-01
       242      -0.0027465820      3.4767104620e-01
       243      -0.0024414062      3.6784639569e-01
       244      -0.0021362305      3.8838933484e-01
       245      -0.0018310547      4.0918126154e-01
       246      -0.0015258789      4.3021165613e-01
       247      -0.0012207031      4.5098119073e-01
       248      -0.0009155273      4.7137594452e-01
       249      -0.0006103516      4.9138793231e-01
       250      -0.0003051758      5.1081166400e-01
       251      0.0000000000      5.2957691937e-01
       252      0.0003051758      5.4755105939e-01
       253      0.0006103516      5.6470062658e-01
       254      0.0009155273      5.8087441047e-01
       255      0.0012207031      5.9622163251e-01
       256      0.0015258789      6.1063059211e-01
       257      0.0018310547      6.2426186542e-01
       258      0.0021362305      6.3710133954e-01
       259      0.0024414062      6.4923822663e-01
       260      0.0027465820      6.6073011060e-01
       261      0.0030517578      6.7156667334e-01
       262      0.0033569336      6.8178071386e-01
       263      0.0036621094      6.9153755200e-01
       264      0.0039672852      7.0081801959e-01
       265      0.0042724609      7.0965532257e-01
       266      0.0045776367      7.1809625128e-01
       267      0.0048828125      7.2616112891e-01
       268      0.0051879883      7.3391006207e-01
       269      0.0054931641      7.4128614985e-01
       270      0.0057983398      7.4839213410e-01
       271      0.0061035156      7.5520723560e-01
       272      0.0064086914      7.6173986291e-01
       273      0.0067138672      7.6804749561e-01
       274      0.0070190430      7.7411757806e-01
       275      0.0073242188      7.7996874707e-01
       276      0.0076293945      7.8558829908e-01
       277      0.0079345703      7.9100937677e-01
       278      0.0082397461      7.9625238111e-01
       279      0.0085449219      8.0132313000e-01
       280      0.0088500977      8.0622317273e-01
       281      0.0091552734      8.1094240435e-01
       282      0.0094604492      8.1550740039e-01
       283      0.0097656250      8.1993713092e-01
       284      0.0100708008      8.2421017432e-01
       285      0.0103759766      8.2834350188e-01
       286      0.0106811523      8.3234260920e-01
       287      0.0109863281      8.3621017090e-01
       288      0.0112915039      8.3996515442e-01
       289      0.0115966797      8.4360007989e-01
       290      0.0119018555      8.4712164533e-01
       291      0.0122070312      8.5054203540e-01
       292      0.0125122070      8.5385499432e-01
       293      0.0128173828      8.5705743378e-01
       294      0.0131225586      8.6017666486e-01
       295      0.0134277344      8.6320820154e-01
       296      0.0137329102      8.6614490631e-01
       297      0.0140380859      8.6898326880e-01
       298      0.0143432617      8.7174511810e-01
       299      0.0146484375      8.7442987055e-01
       300      0.0149536133      8.7703365991e-01
       301      0.0152587891      8.7957299164e-01
       302      0.0155639648      8.8203594263e-01
       303      0.0158691406      8.8443256665e-01
       304      0.0161743164      8.8676670471e-01
       305      0.0164794922      8.8903536126e-01
       306      0.0167846680      8.9123555621e-01
       307      0.0170898438      8.9337874011e-01
       308      0.0173950195      8.9545737952e-01
       309      0.0177001953      8.9749042810e-01
       310      0.0180053711      8.9946399280e-01
       311      0.0183105469      9.0138860065e-01
       312      0.0186157227      9.0325587921e-01
       313      0.0189208984      9.0507685309e-01
       314      0.0192260742      9.0684987586e-01
       315      0.0195312500      9.0857519873e-01
       316      0.0198364258      9.1025216107e-01
       317      0.0201416016      9.1189300690e-01
       318      0.0204467773      9.1348909992e-01
       319      0.0207519531      9.1505037543e-01
       320      0.0210571289      9.1656757135e-01
       321      0.0213623047      9.1804800202e-01
       322      0.0216674805      9.1949068438e-01
       323      0.0219726562      9.2089659088e-01
       324      0.0222778320      9.2227169190e-01
       325      0.0225830078      9.2360933142e-01
       326      0.0228881836      9.2491744879e-01
       327      0.0231933594      9.2619381500e-01
       328      0.0234985352      9.2744087030e-01
       329      0.0238037109      9.2865779858e-01
       330      0.0241088867      9.2984422571e-01
       331      0.0244140625      9.3100497736e-01
       332      0.0247192383      9.3213353418e-01
       333      0.0250244141      9.3324033002e-01
       334      0.0253295898      9.3432068603e-01
       335      0.0256347656      9.3537763794e-01
       336      0.0259399414      9.3641052802e-01
       337      0.0262451172      9.3742077771e-01
       338      0.0265502930      9.3840764178e-01
       339      0.0268554688      9.3937004376e-01
       340      0.0271606445      9.4031414258e-01
       341      0.0274658203      9.4123886725e-01
       342      0.0277709961      9.4214005182e-01
       343      0.0280761719      9.4302296448e-01
       344      0.0283813477      9.4388579803e-01
       345      0.0286865234      9.4473178681e-01
       346      0.0289916992      9.4555707995e-01
       347      0.0292968750      9.4636496753e-01
       348      0.0296020508      9.4715690149e-01
       349      0.0299072266      9.4793260749e-01
       350      0.0302124023      9.4868986066e-01
       351      0.0305175781      9.4943366309e-01
       352      0.0308227539      9.5016069086e-01
       353      0.0311279297      9.5087663361e-01
       354      0.0314331055      9.5157587604e-01
       355      0.0317382812      9.5226082269e-01
       356      0.0320434570      9.5293040387e-01
       357      0.0323486328      9.5358655987e-01
       358      0.0326538086      9.5423251111e-01
       359      0.0329589844      9.5486552233e-01
       360      0.0332641602      9.5548626098e-01
       361      0.0335693359      9.5609211316e-01
       362      0.0338745117      9.5668936566e-01
       363      0.0341796875      9.5727517267e-01
       364      0.0344848633      9.5784771368e-01
       365      0.0347900391      9.5841076886e-01
       366      0.0350952148      9.5896325574e-01
       367      0.0354003906      9.5950372955e-01
       368      0.0357055664      9.6003390771e-01
       369      0.0360107422      9.6055735010e-01
       370      0.0363159180      9.6106951813e-01
       371      0.0366210938      9.6157169525e-01
       372      0.0369262695      9.6206499584e-01
       373      0.0372314453      9.6254793878e-01
       374      0.0375366211      9.6302232855e-01
       375      0.0378417969      9.6348927576e-01
       376      0.0381469727      9.6394869732e-01
       377      0.0384521484      9.6439916687e-01
       378      0.0387573242      9.6484274225e-01
       379      0.0390625000      9.6527770691e-01
       380      0.0393676758      9.6570441669e-01
       381      0.0396728516      9.6612424231e-01
       382      0.0399780273      9.6653645496e-01
       383      0.0402832031      9.6694103278e-01
       384      0.0405883789      9.6733878131e-01
       385      0.0408935547      9.6773126600e-01
       386      0.0411987305      9.6811491376e-01
       387      0.0415039062      9.6849378205e-01
       388      0.0418090820      9.6886672754e-01
       389      0.0421142578      9.6923251020e-01
       390      0.0424194336      9.6959110986e-01
       391      0.0427246094      9.6994694012e-01
       392      0.0430297852      9.7029621790e-01
       393      0.0433349609      9.7063823395e-01
       394      0.0436401367      9.7097599225e-01
       395      0.0439453125      9.7130667505e-01
       396      0.0442504883      9.7163268775e-01
       397      0.0445556641      9.7195357984e-01
       398      0.0448608398      9.7227006293e-01
       399      0.0451660156      9.7258105365e-01
       400      0.0454711914      9.7288763154e-01
       401      0.0457763672      9.7318904987e-01
       402      0.0460815430      9.7348558380e-01
       403      0.0463867188      9.7377722058e-01
       404      0.0466918945      9.7406549067e-01
       405      0.0469970703      9.7434896839e-01
       406      0.0473022461      9.7462903491e-01
       407      0.0476074219      9.7490548767e-01
       408      0.0479125977      9.7517781598e-01
       409      0.0482177734      9.7544503058e-01
       410      0.0485229492      9.7570775562e-01
       411      0.0488281250      9.7596744501e-01
       412      0.0491333008      9.7622284845e-01
       413      0.0494384766      9.7647432117e-01
       414      0.0497436523      9.7672247009e-01
       415      0.0500488281      9.7696681525e-01
       416      0.0503540039      9.7720818744e-01
       417      0.0506591797      9.7744586792e-01
       418      0.0509643555      9.7768056665e-01
       419      0.0512695312      9.7791104724e-01
       420      0.0515747070      9.7813879859e-01
       421      0.0518798828      9.7836305609e-01
       422      0.0521850586      9.7858438282e-01
       423      0.0524902344      9.7880261890e-01
       424      0.0527954102      9.7901775159e-01
       425      0.0531005859      9.7922933917e-01
       426      0.0534057617      9.7943878960e-01
       427      0.0537109375      9.7964503363e-01
       428      0.0540161133      9.7984925940e-01
       429      0.0543212891      9.8005006494e-01
       430      0.0546264648      9.8024889642e-01
       431      0.0549316406      9.8044571417e-01
       432      0.0552368164      9.8063936603e-01
       433      0.0555419922      9.8083003754e-01
       434      0.0558471680      9.8101792188e-01
       435      0.0561523438      9.8120391809e-01
       436      0.0564575195      9.8138768946e-01
       437      0.0567626953      9.8156901922e-01
       438      0.0570678711      9.8174816656e-01
       439      0.0573730469      9.8192471021e-01
       440      0.0576782227      9.8209968750e-01
       441      0.0579833984      9.8227062567e-01
       442      0.0582885742      9.8244054578e-01
       443      0.0585937500      9.8260848431e-01
       444      0.0588989258      9.8277382464e-01
       445      0.0592041016      9.8293760266e-01
       446      0.0595092773      9.8309904303e-01
       447      0.0598144531      9.8325915815e-01
       448      0.0601196289      9.8341712896e-01
       449      0.0604248047      9.8357291376e-01
       450      0.0607299805      9.8372683820e-01
       451      0.0610351562      9.8387883423e-01
       452      0.0613403320      9.8402901752e-01
       453      0.0616455078      9.8417769812e-01
       454      0.0619506836      9.8432386273e-01
       455      0.0622558594      9.8446880591e-01
       456      0.0625610352      9.8461234638e-01
       457      0.0628662109      9.8475393035e-01
       458      0.0631713867      9.8489369330e-01
       459      0.0634765625      9.8503162067e-01
       460      0.0637817383      9.8516799756e-01
       461      0.0640869141      9.8530318891e-01
       462      0.0643920898      9.8543706604e-01
       463      0.0646972656      9.8556903467e-01
       464      0.0650024414      9.8569964245e-01
       465      0.0653076172      9.8582819055e-01
       466      0.0656127930      9.8595562097e-01
       467      0.0659179688      9.8608179395e-01
       468      0.0662231445      9.8620655548e-01
       469      0.0665283203      9.8632953241e-01
       470      0.0668334961      9.8645162676e-01
       471      0.0671386719      9.8657205615e-01
       472      0.0674438477      9.8669147876e-01
       473      0.0677490234      9.8680942041e-01
       474      0.0680541992      9.8692617364e-01
       475      0.0683593750      9.8704177570e-01
       476      0.0686645508      9.8715577417e-01
       477      0.0689697266      9.8726844727e-01
       478      0.0692749023      9.8738031414e-01
       479      0.0695800781      9.8749043280e-01
       480      0.0698852539      9.8759962848e-01
       481      0.0701904297      9.8770807355e-01
       482      0.0704956055      9.8781511969e-01
       483      0.0708007812      9.8792111273e-01
       484      0.0711059570      9.8802584204e-01
       485      0.0714111328      9.8812925910e-01
       486      0.0717163086      9.8823162024e-01
       487      0.0720214844      9.8833290082e-01
       488      0.0723266602      9.8843355921e-01
       489      0.0726318359      9.8853291498e-01
       490      0.0729370117      9.8863107208e-01
       491      0.0732421875      9.8872820966e-01
       492      0.0735473633      9.8882461798e-01
       493      0.0738525391      9.8892012524e-01
       494      0.0741577148      9.8901440821e-01
       495      0.0744628906      9.8910776166e-01
       496      0.0747680664      9.8920031763e-01
       497      0.0750732422      9.8929191211e-01
       498      0.0753784180      9.8938258606e-01
       499      0.0756835938      9.8947222210e-01
       500      0.0759887695      9.8956093275e-01
       501      0.0762939453      9.8964890258e-01
