         1      -0.0079472860      8.1127673794e-03
         2      -0.0079154968      8.1668692285e-03
         3      -0.0078837077      8.2233942323e-03
         4      -0.0078519185      8.2805164113e-03
         5      -0.0078201294      8.3377837953e-03
         6      -0.0077883403      8.3955854358e-03
         7      -0.0077565511      8.4548236972e-03
         8      -0.0077247620      8.5144405202e-03
         9      -0.0076929728      8.5732362352e-03
        10      -0.0076611837      8.6349308401e-03
        11      -0.0076293945      8.6978285827e-03
        12      -0.0075976054      8.7596212328e-03
        13      -0.0075658162      8.8210231110e-03
        14      -0.0075340271      8.8827659867e-03
        15      -0.0075022380      8.9435606970e-03
        16      -0.0074704488      9.0077207170e-03
        17      -0.0074386597      9.0718461709e-03
        18      -0.0074068705      9.1369702916e-03
        19      -0.0073750814      9.2038779683e-03
        20      -0.0073432922      9.2691744051e-03
        21      -0.0073115031      9.3380432598e-03
        22      -0.0072797139      9.4069274989e-03
        23      -0.0072479248      9.4754997438e-03
        24      -0.0072161357      9.5433583991e-03
        25      -0.0071843465      9.6149043378e-03
        26      -0.0071525574      9.6876640437e-03
        27      -0.0071207682      9.7605496825e-03
        28      -0.0070889791      9.8346674623e-03
        29      -0.0070571899      9.9094254998e-03
        30      -0.0070254008      9.9851039188e-03
        31      -0.0069936117      1.0062069246e-02
        32      -0.0069618225      1.0140126835e-02
        33      -0.0069300334      1.0215363358e-02
        34      -0.0068982442      1.0294247437e-02
        35      -0.0068664551      1.0373241102e-02
        36      -0.0068346659      1.0453421915e-02
        37      -0.0068028768      1.0532866532e-02
        38      -0.0067710876      1.0613201342e-02
        39      -0.0067392985      1.0695792179e-02
        40      -0.0067075094      1.0778722127e-02
        41      -0.0066757202      1.0864229012e-02
        42      -0.0066439311      1.0949530533e-02
        43      -0.0066121419      1.1036280082e-02
        44      -0.0065803528      1.1123334716e-02
        45      -0.0065485636      1.1211174953e-02
        46      -0.0065167745      1.1300907144e-02
        47      -0.0064849854      1.1391022043e-02
        48      -0.0064531962      1.1482787191e-02
        49      -0.0064214071      1.1575377778e-02
        50      -0.0063896179      1.1669776115e-02
        51      -0.0063578288      1.1763916462e-02
        52      -0.0063260396      1.1860942827e-02
        53      -0.0062942505      1.1957388967e-02
        54      -0.0062624613      1.2056198007e-02
        55      -0.0062306722      1.2157832895e-02
        56      -0.0061988831      1.2261438325e-02
        57      -0.0061670939      1.2364907767e-02
        58      -0.0061353048      1.2467881888e-02
        59      -0.0061035156      1.2572534053e-02
        60      -0.0060717265      1.2681184226e-02
        61      -0.0060399373      1.2792154108e-02
        62      -0.0060081482      1.2905339833e-02
        63      -0.0059763590      1.3018929854e-02
        64      -0.0059445699      1.3130913453e-02
        65      -0.0059127808      1.3247341026e-02
        66      -0.0058809916      1.3362092561e-02
        67      -0.0058492025      1.3478848347e-02
        68      -0.0058174133      1.3599980614e-02
        69      -0.0057856242      1.3723990849e-02
        70      -0.0057538350      1.3847423205e-02
        71      -0.0057220459      1.3971625734e-02
        72      -0.0056902568      1.4097922390e-02
        73      -0.0056584676      1.4227132576e-02
        74      -0.0056266785      1.4356656139e-02
        75      -0.0055948893      1.4489162221e-02
        76      -0.0055631002      1.4623378975e-02
        77      -0.0055313110      1.4757619166e-02
        78      -0.0054995219      1.4895216673e-02
        79      -0.0054677327      1.5037754693e-02
        80      -0.0054359436      1.5179390790e-02
        81      -0.0054041545      1.5321411906e-02
        82      -0.0053723653      1.5466098239e-02
        83      -0.0053405762      1.5613462378e-02
        84      -0.0053087870      1.5759671222e-02
        85      -0.0052769979      1.5911363765e-02
        86      -0.0052452087      1.6063486983e-02
        87      -0.0052134196      1.6222027752e-02
        88      -0.0051816305      1.6376903021e-02
        89      -0.0051498413      1.6539313662e-02
        90      -0.0051180522      1.6698913497e-02
        91      -0.0050862630      1.6864850832e-02
        92      -0.0050544739      1.7033159485e-02
        93      -0.0050226847      1.7208235747e-02
        94      -0.0049908956      1.7379835470e-02
        95      -0.0049591064      1.7555071680e-02
        96      -0.0049273173      1.7731740989e-02
        97      -0.0048955282      1.7913256621e-02
        98      -0.0048637390      1.8096837311e-02
        99      -0.0048319499      1.8285466641e-02
       100      -0.0048001607      1.8479170759e-02
       101      -0.0047683716      1.8674347315e-02
       102      -0.0047365824      1.8865039227e-02
       103      -0.0047047933      1.9064622079e-02
       104      -0.0046730042      1.9271674852e-02
       105      -0.0046412150      1.9478512428e-02
       106      -0.0046094259      1.9689873670e-02
       107      -0.0045776367      1.9900803918e-02
       108      -0.0045458476      2.0114560628e-02
       109      -0.0045140584      2.0330633558e-02
       110      -0.0044822693      2.0554815707e-02
       111      -0.0044504801      2.0782721842e-02
       112      -0.0044186910      2.1015736411e-02
       113      -0.0043869019      2.1250460324e-02
       114      -0.0043551127      2.1488433372e-02
       115      -0.0043233236      2.1738022976e-02
       116      -0.0042915344      2.1987236906e-02
       117      -0.0042597453      2.2245053365e-02
       118      -0.0042279561      2.2504231763e-02
       119      -0.0041961670      2.2767168749e-02
       120      -0.0041643778      2.3037341684e-02
       121      -0.0041325887      2.3307614606e-02
       122      -0.0041007996      2.3585103782e-02
       123      -0.0040690104      2.3872988102e-02
       124      -0.0040372213      2.4158437171e-02
       125      -0.0040054321      2.4458837108e-02
       126      -0.0039736430      2.4760258681e-02
       127      -0.0039418538      2.5065115212e-02
       128      -0.0039100647      2.5375859313e-02
       129      -0.0038782756      2.5692856931e-02
       130      -0.0038464864      2.6018645267e-02
       131      -0.0038146973      2.6344497529e-02
       132      -0.0037829081      2.6671228657e-02
       133      -0.0037511190      2.7012961205e-02
       134      -0.0037193298      2.7359922122e-02
       135      -0.0036875407      2.7714925340e-02
       136      -0.0036557515      2.8074524317e-02
       137      -0.0036239624      2.8443558496e-02
       138      -0.0035921733      2.8824017007e-02
       139      -0.0035603841      2.9205464685e-02
       140      -0.0035285950      2.9601792513e-02
       141      -0.0034968058      2.9991420403e-02
       142      -0.0034650167      3.0408756444e-02
       143      -0.0034332275      3.0828891712e-02
       144      -0.0034014384      3.1253068695e-02
       145      -0.0033696493      3.1685545589e-02
       146      -0.0033378601      3.2129625642e-02
       147      -0.0033060710      3.2582976945e-02
       148      -0.0032742818      3.3051254613e-02
       149      -0.0032424927      3.3523845750e-02
       150      -0.0032107035      3.4005609078e-02
       151      -0.0031789144      3.4496802923e-02
       152      -0.0031471252      3.5003799187e-02
       153      -0.0031153361      3.5531765195e-02
       154      -0.0030835470      3.6053487121e-02
       155      -0.0030517578      3.6591881343e-02
       156      -0.0030199687      3.7151456819e-02
       157      -0.0029881795      3.7718277885e-02
       158      -0.0029563904      3.8296395171e-02
       159      -0.0029246012      3.8882816194e-02
       160      -0.0028928121      3.9488114981e-02
       161      -0.0028610229      4.0113999641e-02
       162      -0.0028292338      4.0759470345e-02
       163      -0.0027974447      4.1411311676e-02
       164      -0.0027656555      4.2084641019e-02
       165      -0.0027338664      4.2766636321e-02
       166      -0.0027020772      4.3466646716e-02
       167      -0.0026702881      4.4195623137e-02
       168      -0.0026384989      4.4935206563e-02
       169      -0.0026067098      4.5716005225e-02
       170      -0.0025749207      4.6510768989e-02
       171      -0.0025431315      4.7324262036e-02
       172      -0.0025113424      4.8141842137e-02
       173      -0.0024795532      4.8987138849e-02
       174      -0.0024477641      4.9868901453e-02
       175      -0.0024159749      5.0775860575e-02
       176      -0.0023841858      5.1702288583e-02
       177      -0.0023523966      5.2659491269e-02
       178      -0.0023206075      5.3638702396e-02
       179      -0.0022888184      5.4648840667e-02
       180      -0.0022570292      5.5699820771e-02
       181      -0.0022252401      5.6773829492e-02
       182      -0.0021934509      5.7880805537e-02
       183      -0.0021616618      5.9023930575e-02
       184      -0.0021298726      6.0200657988e-02
       185      -0.0020980835      6.1429412410e-02
       186      -0.0020662944      6.2685782584e-02
       187      -0.0020345052      6.4002667462e-02
       188      -0.0020027161      6.5350823452e-02
       189      -0.0019709269      6.6744671239e-02
       190      -0.0019391378      6.8208582270e-02
       191      -0.0019073486      6.9722460395e-02
       192      -0.0018755595      7.1299479387e-02
       193      -0.0018437703      7.2923657465e-02
       194      -0.0018119812      7.4597796716e-02
       195      -0.0017801921      7.6338962199e-02
       196      -0.0017484029      7.8125646146e-02
       197      -0.0017166138      7.9999309209e-02
       198      -0.0016848246      8.1952941441e-02
       199      -0.0016530355      8.3990376433e-02
       200      -0.0016212463      8.6126930497e-02
       201      -0.0015894572      8.8333107193e-02
       202      -0.0015576681      9.0639341989e-02
       203      -0.0015258789      9.3041662199e-02
       204      -0.0014940898      9.5543973003e-02
       205      -0.0014623006      9.8132973635e-02
       206      -0.0014305115      1.0087352704e-01
       207      -0.0013987223      1.0374841391e-01
       208      -0.0013669332      1.0669870633e-01
       209      -0.0013351440      1.0983544007e-01
       210      -0.0013033549      1.1311499061e-01
       211      -0.0012715658      1.1646617965e-01
       212      -0.0012397766      1.1997267169e-01
       213      -0.0012079875      1.2372935537e-01
       214      -0.0011761983      1.2760700902e-01
       215      -0.0011444092      1.3165939984e-01
       216      -0.0011126200      1.3584808666e-01
       217      -0.0010808309      1.4025418532e-01
       218      -0.0010490417      1.4487846651e-01
       219      -0.0010172526      1.4972228941e-01
       220      -0.0009854635      1.5471991737e-01
       221      -0.0009536743      1.5993030508e-01
       222      -0.0009218852      1.6534385893e-01
       223      -0.0008900960      1.7097611531e-01
       224      -0.0008583069      1.7674668771e-01
       225      -0.0008265177      1.8282685340e-01
       226      -0.0007947286      1.8908032515e-01
       227      -0.0007629395      1.9554880386e-01
       228      -0.0007311503      2.0219701405e-01
       229      -0.0006993612      2.0906339072e-01
       230      -0.0006675720      2.1615352508e-01
       231      -0.0006357829      2.2333398931e-01
       232      -0.0006039937      2.3079491937e-01
       233      -0.0005722046      2.3839720205e-01
       234      -0.0005404154      2.4613809815e-01
       235      -0.0005086263      2.5393174395e-01
       236      -0.0004768372      2.6198937570e-01
       237      -0.0004450480      2.7010940841e-01
       238      -0.0004132589      2.7817518938e-01
       239      -0.0003814697      2.8638389666e-01
       240      -0.0003496806      2.9461903760e-01
       241      -0.0003178914      3.0286175768e-01
       242      -0.0002861023      3.1104054905e-01
       243      -0.0002543132      3.1930938776e-01
       244      -0.0002225240      3.2761153130e-01
       245      -0.0001907349      3.3579183862e-01
       246      -0.0001589457      3.4391436413e-01
       247      -0.0001271566      3.5186767001e-01
       248      -0.0000953674      3.5983221097e-01
       249      -0.0000635783      3.6751855736e-01
       250      -0.0000317891      3.7524860482e-01
       251      0.0000000000      3.8278835445e-01
       252      0.0000317891      3.9026519292e-01
       253      0.0000635783      3.9751657930e-01
       254      0.0000953674      4.0451094319e-01
       255      0.0001271566      4.1134595615e-01
       256      0.0001589457      4.1798767943e-01
       257      0.0001907349      4.2450859401e-01
       258      0.0002225240      4.3074487256e-01
       259      0.0002543132      4.3679663670e-01
       260      0.0002861023      4.4276879947e-01
       261      0.0003178914      4.4844548316e-01
       262      0.0003496806      4.5400826388e-01
       263      0.0003814697      4.5941364989e-01
       264      0.0004132589      4.6454957529e-01
       265      0.0004450480      4.6951410833e-01
       266      0.0004768372      4.7440504878e-01
       267      0.0005086263      4.7915017236e-01
       268      0.0005404154      4.8370091831e-01
       269      0.0005722046      4.8809514143e-01
       270      0.0006039937      4.9229358338e-01
       271      0.0006357829      4.9640753003e-01
       272      0.0006675720      5.0038676411e-01
       273      0.0006993612      5.0427621308e-01
       274      0.0007311503      5.0807234490e-01
       275      0.0007629395      5.1168842358e-01
       276      0.0007947286      5.1521551996e-01
       277      0.0008265177      5.1866381264e-01
       278      0.0008583069      5.2198937639e-01
       279      0.0008900960      5.2521713484e-01
       280      0.0009218852      5.2837415600e-01
       281      0.0009536743      5.3146025657e-01
       282      0.0009854635      5.3450010030e-01
       283      0.0010172526      5.3743619808e-01
       284      0.0010490417      5.4029228286e-01
       285      0.0010808309      5.4312882792e-01
       286      0.0011126200      5.4588433566e-01
       287      0.0011444092      5.4860087317e-01
       288      0.0011761983      5.5124177966e-01
       289      0.0012079875      5.5383820409e-01
       290      0.0012397766      5.5638232146e-01
       291      0.0012715658      5.5889025362e-01
       292      0.0013033549      5.6134335992e-01
       293      0.0013351440      5.6374936965e-01
       294      0.0013669332      5.6610987009e-01
       295      0.0013987223      5.6843115391e-01
       296      0.0014305115      5.7072326392e-01
       297      0.0014623006      5.7295920712e-01
       298      0.0014940898      5.7516996103e-01
       299      0.0015258789      5.7734077186e-01
       300      0.0015576681      5.7949904170e-01
       301      0.0015894572      5.8160991810e-01
       302      0.0016212463      5.8369768245e-01
       303      0.0016530355      5.8575100961e-01
       304      0.0016848246      5.8777049169e-01
       305      0.0017166138      5.8976185733e-01
       306      0.0017484029      5.9173370622e-01
       307      0.0017801921      5.9367668846e-01
       308      0.0018119812      5.9559386516e-01
       309      0.0018437703      5.9747963910e-01
       310      0.0018755595      5.9934007951e-01
       311      0.0019073486      6.0118349537e-01
       312      0.0019391378      6.0300112291e-01
       313      0.0019709269      6.0479646405e-01
       314      0.0020027161      6.0657185020e-01
       315      0.0020345052      6.0834022749e-01
       316      0.0020662944      6.1007032717e-01
       317      0.0020980835      6.1179013547e-01
       318      0.0021298726      6.1349403263e-01
       319      0.0021616618      6.1516771679e-01
       320      0.0021934509      6.1682706967e-01
       321      0.0022252401      6.1846241588e-01
       322      0.0022570292      6.2009218107e-01
       323      0.0022888184      6.2170133528e-01
       324      0.0023206075      6.2328896510e-01
       325      0.0023523966      6.2485794770e-01
       326      0.0023841858      6.2641525303e-01
       327      0.0024159749      6.2796123661e-01
       328      0.0024477641      6.2948252763e-01
       329      0.0024795532      6.3098640714e-01
       330      0.0025113424      6.3247990672e-01
       331      0.0025431315      6.3395755922e-01
       332      0.0025749207      6.3543992896e-01
       333      0.0026067098      6.3690050348e-01
       334      0.0026384989      6.3834563556e-01
       335      0.0026702881      6.3978127490e-01
       336      0.0027020772      6.4119914001e-01
       337      0.0027338664      6.4260449442e-01
       338      0.0027656555      6.4399231700e-01
       339      0.0027974447      6.4537797033e-01
       340      0.0028292338      6.4674701787e-01
       341      0.0028610229      6.4811669233e-01
       342      0.0028928121      6.4946301781e-01
       343      0.0029246012      6.5079706230e-01
       344      0.0029563904      6.5212327444e-01
       345      0.0029881795      6.5343540387e-01
       346      0.0030199687      6.5474002908e-01
       347      0.0030517578      6.5602864785e-01
       348      0.0030835470      6.5731618747e-01
       349      0.0031153361      6.5858931526e-01
       350      0.0031471252      6.5985469202e-01
       351      0.0031789144      6.6110911239e-01
       352      0.0032107035      6.6235461790e-01
       353      0.0032424927      6.6359592386e-01
       354      0.0032742818      6.6482591235e-01
       355      0.0033060710      6.6604368055e-01
       356      0.0033378601      6.6724986901e-01
       357      0.0033696493      6.6845136901e-01
       358      0.0034014384      6.6964492398e-01
       359      0.0034332275      6.7083181646e-01
       360      0.0034650167      6.7200224028e-01
       361      0.0034968058      6.7316691633e-01
       362      0.0035285950      6.7432101877e-01
       363      0.0035603841      6.7547250788e-01
       364      0.0035921733      6.7661695795e-01
       365      0.0036239624      6.7774987240e-01
       366      0.0036557515      6.7887873529e-01
       367      0.0036875407      6.7999071369e-01
       368      0.0037193298      6.8110335890e-01
       369      0.0037511190      6.8220440069e-01
       370      0.0037829081      6.8329697743e-01
       371      0.0038146973      6.8439204560e-01
       372      0.0038464864      6.8546901929e-01
       373      0.0038782756      6.8654506538e-01
       374      0.0039100647      6.8761711457e-01
       375      0.0039418538      6.8868049101e-01
       376      0.0039736430      6.8973668185e-01
       377      0.0040054321      6.9078202212e-01
       378      0.0040372213      6.9183076957e-01
       379      0.0040690104      6.9286420251e-01
       380      0.0041007996      6.9389958194e-01
       381      0.0041325887      6.9492464827e-01
       382      0.0041643778      6.9594512711e-01
       383      0.0041961670      6.9695756496e-01
       384      0.0042279561      6.9796455131e-01
       385      0.0042597453      6.9896628289e-01
       386      0.0042915344      6.9995885089e-01
       387      0.0043233236      7.0094388611e-01
       388      0.0043551127      7.0192631997e-01
       389      0.0043869019      7.0290296523e-01
       390      0.0044186910      7.0387412739e-01
       391      0.0044504801      7.0483825809e-01
       392      0.0044822693      7.0579749393e-01
       393      0.0045140584      7.0675201240e-01
       394      0.0045458476      7.0769965765e-01
       395      0.0045776367      7.0864601655e-01
       396      0.0046094259      7.0958240470e-01
       397      0.0046412150      7.1051578155e-01
       398      0.0046730042      7.1144300234e-01
       399      0.0047047933      7.1236703038e-01
       400      0.0047365824      7.1329074533e-01
       401      0.0047683716      7.1420521452e-01
       402      0.0048001607      7.1511598913e-01
       403      0.0048319499      7.1601905847e-01
       404      0.0048637390      7.1691937140e-01
       405      0.0048955282      7.1781139919e-01
       406      0.0049273173      7.1870157754e-01
       407      0.0049591064      7.1958635599e-01
       408      0.0049908956      7.2046607113e-01
       409      0.0050226847      7.2134318067e-01
       410      0.0050544739      7.2221547093e-01
       411      0.0050862630      7.2308140452e-01
       412      0.0051180522      7.2394529036e-01
       413      0.0051498413      7.2480089318e-01
       414      0.0051816305      7.2565495870e-01
       415      0.0052134196      7.2650488001e-01
       416      0.0052452087      7.2735028061e-01
       417      0.0052769979      7.2819239796e-01
       418      0.0053087870      7.2903056759e-01
       419      0.0053405762      7.2986299100e-01
       420      0.0053723653      7.3069027467e-01
       421      0.0054041545      7.3151047312e-01
       422      0.0054359436      7.3232705485e-01
       423      0.0054677327      7.3314633511e-01
       424      0.0054995219      7.3395936696e-01
       425      0.0055313110      7.3477104861e-01
       426      0.0055631002      7.3557376240e-01
       427      0.0055948893      7.3637466607e-01
       428      0.0056266785      7.3717083482e-01
       429      0.0056584676      7.3796150848e-01
       430      0.0056902568      7.3875070635e-01
       431      0.0057220459      7.3953914155e-01
       432      0.0057538350      7.4032087367e-01
       433      0.0057856242      7.4109955739e-01
       434      0.0058174133      7.4187494428e-01
       435      0.0058492025      7.4264695849e-01
       436      0.0058809916      7.4341434069e-01
       437      0.0059127808      7.4417599899e-01
       438      0.0059445699      7.4493693248e-01
       439      0.0059763590      7.4569379236e-01
       440      0.0060081482      7.4644813337e-01
       441      0.0060399373      7.4719932296e-01
       442      0.0060717265      7.4794796733e-01
       443      0.0061035156      7.4869192197e-01
       444      0.0061353048      7.4942954422e-01
       445      0.0061670939      7.5016762119e-01
       446      0.0061988831      7.5089901661e-01
       447      0.0062306722      7.5162822705e-01
       448      0.0062624613      7.5235397990e-01
       449      0.0062942505      7.5307805752e-01
       450      0.0063260396      7.5379982095e-01
       451      0.0063578288      7.5451404928e-01
       452      0.0063896179      7.5522834549e-01
       453      0.0064214071      7.5593967214e-01
       454      0.0064531962      7.5664687887e-01
       455      0.0064849854      7.5735003625e-01
       456      0.0065167745      7.5805089651e-01
       457      0.0065485636      7.5874896505e-01
       458      0.0065803528      7.5944405596e-01
       459      0.0066121419      7.6013382336e-01
       460      0.0066439311      7.6082163550e-01
       461      0.0066757202      7.6150613050e-01
       462      0.0067075094      7.6218872692e-01
       463      0.0067392985      7.6286933314e-01
       464      0.0067710876      7.6354670296e-01
       465      0.0068028768      7.6422106832e-01
       466      0.0068346659      7.6489219359e-01
       467      0.0068664551      7.6556204015e-01
       468      0.0068982442      7.6622817120e-01
       469      0.0069300334      7.6689114823e-01
       470      0.0069618225      7.6755015379e-01
       471      0.0069936117      7.6820624299e-01
       472      0.0070254008      7.6885980879e-01
       473      0.0070571899      7.6951128228e-01
       474      0.0070889791      7.7016050635e-01
       475      0.0071207682      7.7080615907e-01
       476      0.0071525574      7.7144851105e-01
       477      0.0071843465      7.7209118348e-01
       478      0.0072161357      7.7272753032e-01
       479      0.0072479248      7.7336343581e-01
       480      0.0072797139      7.7399681066e-01
       481      0.0073115031      7.7462770358e-01
       482      0.0073432922      7.7525709180e-01
       483      0.0073750814      7.7588253931e-01
       484      0.0074068705      7.7650565054e-01
       485      0.0074386597      7.7712548498e-01
       486      0.0074704488      7.7774302749e-01
       487      0.0075022380      7.7835911713e-01
       488      0.0075340271      7.7897089182e-01
       489      0.0075658162      7.7958010761e-01
       490      0.0075976054      7.8018568787e-01
       491      0.0076293945      7.8079056107e-01
       492      0.0076611837      7.8139309084e-01
       493      0.0076929728      7.8199488391e-01
       494      0.0077247620      7.8259203494e-01
       495      0.0077565511      7.8318839983e-01
       496      0.0077883403      7.8378114227e-01
       497      0.0078201294      7.8437295233e-01
       498      0.0078519185      7.8496170066e-01
       499      0.0078837077      7.8554612987e-01
       500      0.0079154968      7.8613157535e-01
       501      0.0079472860      7.8671386612e-01
