         0             0        2.54108385e+05    9.8780033224e-03
         1             1        2.40646675e+07    9.3547037382e-01
         2             2        7.92390406e+05    3.0802742162e-02
         3             3        2.05395449e+05    7.9843761312e-03
         4             4        9.42190056e+04    3.6625932277e-03
         5             5        5.85138783e+04    2.2746210623e-03
         6             6        3.91967801e+04    1.5237038491e-03
         7             7        2.75148884e+04    1.0695914616e-03
         8             8        2.09136451e+04    8.1298008187e-04
         9             9        1.63271875e+04    6.3468984836e-04
        10            10        1.31382779e+04    5.1072676229e-04
        11            11        1.08370949e+04    4.2127243882e-04
        12            12        9.09413504e+03    3.5351803196e-04
        13            13        7.75044085e+03    3.0128435327e-04
        14            14        6.69705357e+03    2.6033583039e-04
        15            15        5.84927790e+03    2.2738008641e-04
        16            16        5.15258482e+03    2.0029740450e-04
        17            17        4.58383147e+03    1.7818814800e-04
        18            18        4.10075670e+03    1.5940949082e-04
        19            19        3.69800670e+03    1.4375331388e-04
        20            20        3.35059821e+03    1.3024843823e-04
        21            21        3.04885156e+03    1.1851858355e-04
        22            22        2.78912612e+03    1.0842222714e-04
        23            23        2.56345982e+03    9.9649858577e-05
        24            24        2.36193192e+03    9.1815826328e-05
        25            25        2.18776451e+03    8.5045383623e-05
        26            26        2.03042076e+03    7.8928930264e-05
        27            27        1.89037835e+03    7.3485035140e-05
        28            28        1.76161607e+03    6.8479634796e-05
        29            29        1.64916071e+03    6.4108136424e-05
        30            30        1.54852790e+03    6.0196218067e-05
        31            31        1.45335379e+03    5.6496496995e-05
        32            32        1.36979688e+03    5.3248373051e-05
        33            33        1.29302790e+03    5.0264118233e-05
        34            34        1.22299554e+03    4.7541736818e-05
        35            35        1.15659040e+03    4.4960357485e-05
        36            36        1.09615290e+03    4.2610959114e-05
        37            37        1.04181250e+03    4.0498574396e-05
        38            38        9.89503348e+02    3.8465150843e-05
        39            39        9.43560268e+02    3.6679196789e-05
        40            40        8.98234375e+02    3.4917234782e-05
        41            41        8.59285714e+02    3.3403176126e-05
        42            42        8.19427455e+02    3.1853758486e-05
        43            43        7.85198661e+02    3.0523176077e-05
        44            44        7.49973214e+02    2.9153850634e-05
        45            45        7.19752232e+02    2.7979064678e-05
        46            46        6.91308036e+02    2.6873348050e-05
        47            47        6.62479911e+02    2.5752706893e-05
        48            48        6.35876116e+02    2.4718532551e-05
        49            49        6.12587054e+02    2.3813212419e-05
        50            50        5.90089286e+02    2.2938652433e-05
        51            51        5.67934152e+02    2.2077411721e-05
        52            52        5.46838170e+02    2.1257343616e-05
        53            53        5.27597098e+02    2.0509381806e-05
        54            54        5.10522321e+02    1.9845630778e-05
        55            55        4.92377232e+02    1.9140273290e-05
        56            56        4.76276786e+02    1.8514397590e-05
        57            57        4.60039062e+02    1.7883185504e-05
        58            58        4.46385045e+02    1.7352410285e-05
        59            59        4.30917411e+02    1.6751134025e-05
        60            60        4.16536830e+02    1.6192115004e-05
        61            61        4.04113839e+02    1.5709193722e-05
        62            62        3.92422991e+02    1.5254733168e-05
        63            63        3.79638393e+02    1.4757755063e-05
        64            64        3.68816964e+02    1.4337091623e-05
        65            66        7.04784598e+02    1.3698612507e-05
        66            68        6.67581473e+02    1.2975510449e-05
        67            70        6.29842634e+02    1.2241995929e-05
        68            72        5.97109375e+02    1.1605772846e-05
        69            74        5.64293527e+02    1.0967944508e-05
        70            76        5.37204241e+02    1.0441421044e-05
        71            78        5.12744420e+02    9.9660054113e-06
        72            80        4.86273438e+02    9.4514996630e-06
        73            82        4.62813616e+02    8.9955206248e-06
        74            84        4.43358259e+02    8.6173747355e-06
        75            86        4.23031250e+02    8.2222869038e-06
        76            88        4.05491071e+02    7.8813655639e-06
        77            90        3.87737723e+02    7.5363009321e-06
        78            92        3.71408482e+02    7.2189160935e-06
        79            94        3.55379464e+02    6.9073665718e-06
        80            96        3.42825893e+02    6.6633678933e-06
        81            98        3.28030134e+02    6.3757887254e-06
        82           100        3.15489955e+02    6.1320503585e-06
        83           102        3.04370536e+02    5.9159267069e-06
        84           104        2.92197545e+02    5.6793252145e-06
        85           106        2.82526786e+02    5.4913585938e-06
        86           108        2.71773438e+02    5.2823501242e-06
        87           110        2.63287946e+02    5.1174210743e-06
        88           112        2.54459821e+02    4.9458323877e-06
        89           114        2.46391741e+02    4.7890163807e-06
        90           116        2.38172991e+02    4.6292718690e-06
        91           118        2.30146205e+02    4.4732584892e-06
        92           120        2.22392857e+02    4.3225598033e-06
        93           122        2.16598214e+02    4.2099316793e-06
        94           124        2.11052455e+02    4.1021410113e-06
        95           126        2.04180804e+02    3.9685795014e-06
        96           128        1.98532366e+02    3.8587931117e-06
        97           130        1.93564732e+02    3.7622392250e-06
        98           132        1.87796875e+02    3.6501317240e-06
        99           134        1.83330357e+02    3.5633178272e-06
       100           136        1.79236607e+02    3.4837492682e-06
       101           138        1.74004464e+02    3.3820542286e-06
       102           140        1.70136161e+02    3.3068675804e-06
       103           142        1.66102679e+02    3.2284704232e-06
       104           144        1.62736607e+02    3.1630454575e-06
       105           146        1.59603795e+02    3.1021542510e-06
       106           148        1.56415179e+02    3.0401784131e-06
       107           150        1.53196429e+02    2.9776168743e-06
       108           152        1.50558036e+02    2.9263355020e-06
       109           154        1.47658482e+02    2.8699780547e-06
       110           156        1.45142857e+02    2.8210828715e-06
       111           158        1.42885045e+02    2.7771986852e-06
       112           160        1.39476562e+02    2.7109493997e-06
       113           162        1.37797991e+02    2.6783236873e-06
       114           164        1.35556920e+02    2.6347648905e-06
       115           166        1.33103795e+02    2.5870844944e-06
       116           168        1.32300223e+02    2.5714658024e-06
       117           170        1.30416295e+02    2.5348486465e-06
       118           172        1.28386161e+02    2.4953897564e-06
       119           174        1.26710938e+02    2.4628291219e-06
       120           176        1.24780134e+02    2.4253008757e-06
       121           178        1.23387277e+02    2.3982284761e-06
       122           180        1.22607143e+02    2.3830653292e-06
       123           182        1.20904018e+02    2.3499623790e-06
       124           184        1.20158482e+02    2.3354717036e-06
       125           186        1.18485491e+02    2.3029544544e-06
       126           188        1.17785714e+02    2.2893531767e-06
       127           190        1.16664062e+02    2.2675520857e-06
       128           192        1.15215402e+02    2.2393950547e-06
       129           196        2.26935268e+02    2.2054243994e-06
       130           200        2.22809152e+02    2.1653255767e-06
       131           204        2.20170759e+02    2.1396848906e-06
       132           208        2.16420759e+02    2.1032412757e-06
       133           212        2.13920759e+02    2.0789455325e-06
       134           216        2.09815848e+02    2.0390527898e-06
       135           220        2.08082589e+02    2.0222084643e-06
       136           224        2.05734375e+02    1.9993878197e-06
       137           228        2.02018973e+02    1.9632804406e-06
       138           232        1.98647321e+02    1.9305137262e-06
       139           236        1.96204241e+02    1.9067711450e-06
       140           240        1.93238839e+02    1.8779524888e-06
       141           244        1.89600446e+02    1.8425935054e-06
       142           248        1.88542411e+02    1.8323111997e-06
       143           252        1.85695312e+02    1.8046422529e-06
       144           256        1.83219866e+02    1.7805851285e-06
       145           260        1.79897321e+02    1.7482956519e-06
       146           264        1.77944196e+02    1.7293146025e-06
       147           268        1.76505580e+02    1.7153337039e-06
       148           272        1.73175223e+02    1.6829683030e-06
       149           276        1.70245536e+02    1.6544967289e-06
       150           280        1.67426339e+02    1.6270989399e-06
       151           284        1.65322545e+02    1.6066536381e-06
       152           288        1.63520089e+02    1.5891368411e-06
       153           292        1.60761161e+02    1.5623247531e-06
       154           296        1.57840402e+02    1.5339399495e-06
       155           300        1.56245536e+02    1.5184405668e-06
       156           304        1.52279018e+02    1.4798927671e-06
       157           308        1.51393973e+02    1.4712916401e-06
       158           312        1.47838170e+02    1.4367352839e-06
       159           316        1.46545759e+02    1.4241752524e-06
       160           320        1.44078125e+02    1.4001940522e-06
       161           324        1.42368304e+02    1.3835774993e-06
       162           328        1.39406250e+02    1.3547913821e-06
       163           332        1.37516741e+02    1.3364285726e-06
       164           336        1.35396205e+02    1.3158205761e-06
       165           340        1.33415179e+02    1.2965683688e-06
       166           344        1.31631696e+02    1.2792359591e-06
       167           348        1.29622768e+02    1.2597125940e-06
       168           352        1.27956473e+02    1.2435190473e-06
       169           356        1.25752232e+02    1.2220975773e-06
       170           360        1.23811384e+02    1.2032358373e-06
       171           364        1.21677455e+02    1.1824976851e-06
       172           368        1.19775670e+02    1.1640155661e-06
       173           372        1.18303571e+02    1.1497092780e-06
       174           376        1.16828125e+02    1.1353704510e-06
       175           380        1.15136161e+02    1.1189274390e-06
       176           384        1.13891741e+02    1.1068337990e-06
       177           388        1.11827009e+02    1.0867681182e-06
       178           392        1.10217634e+02    1.0711277335e-06
       179           396        1.08787946e+02    1.0572336053e-06
       180           400        1.06632812e+02    1.0362893731e-06
       181           404        1.05108259e+02    1.0214733083e-06
       182           408        1.03514509e+02    1.0059847719e-06
       183           412        1.02743304e+02    9.9848996901e-07
       184           416        1.00714286e+02    9.7877137026e-07
       185           420        9.94241071e+01    9.6623303135e-07
       186           424        9.78950893e+01    9.5137358124e-07
       187           428        9.68482143e+01    9.4119973876e-07
       188           432        9.49955357e+01    9.2319485762e-07
       189           436        9.41718750e+01    9.1519027793e-07
       190           440        9.17812500e+01    8.9195747346e-07
       191           444        9.11462054e+01    8.8578592083e-07
       192           448        9.01785714e+01    8.7638216664e-07
       193           456        1.76402902e+02    8.5716792149e-07
       194           464        1.70492188e+02    8.2844688216e-07
       195           472        1.66197545e+02    8.0757857414e-07
       196           480        1.61139509e+02    7.8300082674e-07
       197           488        1.56592634e+02    7.6090688524e-07
       198           496        1.52054688e+02    7.3885632899e-07
       199           504        1.47121652e+02    7.1488597518e-07
       200           512        1.43424107e+02    6.9691905613e-07
       201           520        1.38800223e+02    6.7445091679e-07
       202           528        1.35482143e+02    6.5832787112e-07
       203           536        1.32056920e+02    6.4168420237e-07
       204           544        1.27591518e+02    6.1998615133e-07
       205           552        1.24013393e+02    6.0259951008e-07
       206           560        1.19590402e+02    5.8110753900e-07
       207           568        1.16657366e+02    5.6685548247e-07
       208           576        1.12578125e+02    5.4703384374e-07
       209           584        1.10013393e+02    5.3457142902e-07
       210           592        1.06306920e+02    5.1656112472e-07
       211           600        1.03119420e+02    5.0107258841e-07
       212           608        1.00073661e+02    4.8627279303e-07
       213           616        9.59821429e+01    4.6639149957e-07
       214           624        9.31205357e+01    4.5248652510e-07
       215           632        8.96417411e+01    4.3558254482e-07
       216           640        8.65725446e+01    4.2066886314e-07
       217           648        8.26785714e+01    4.0174746847e-07
       218           656        7.92611607e+01    3.8514176182e-07
       219           664        7.68515625e+01    3.7343316592e-07
       220           672        7.30859375e+01    3.5513543430e-07
       221           680        6.97600446e+01    3.3897442652e-07
       222           688        6.67611607e+01    3.2440240374e-07
       223           696        6.36930804e+01    3.0949414522e-07
       224           704        6.02734375e+01    2.9287759226e-07
       225           712        5.69598214e+01    2.7677623921e-07
       226           720        5.40279018e+01    2.6252960585e-07
       227           728        5.07098214e+01    2.4640656017e-07
       228           736        4.76238839e+01    2.3141153114e-07
       229           744        4.43370536e+01    2.1544033386e-07
       230           752        4.15267857e+01    2.0178482461e-07
       231           760        3.80669643e+01    1.8497303799e-07
       232           768        3.52544643e+01    1.7130668242e-07
       233           776        3.22287946e+01    1.5660450387e-07
       234           784        2.98125000e+01    1.4486336903e-07
       235           792        2.68024554e+01    1.3023711468e-07
       236           800        2.41395089e+01    1.1729746214e-07
       237           808        2.16417411e+01    1.0516043684e-07
       238           816        1.90189732e+01    9.2416017956e-08
       239           824        1.66093750e+01    8.0707422054e-08
       240           832        1.45825893e+01    7.0858968993e-08
       241           840        1.22388393e+01    5.9470339352e-08
       242           848        1.07466518e+01    5.2219578481e-08
       243           856        8.95758929e+00    4.3526257855e-08
       244           864        7.18191964e+00    3.4898015113e-08
       245           872        5.83147321e+00    2.8335995177e-08
       246           880        4.48214286e+00    2.1779398399e-08
       247           888        3.40401786e+00    1.6540628764e-08
       248           896        2.55803571e+00    1.2429875779e-08
       249           904        1.85044643e+00    8.9915942592e-09
       250           912        1.20982143e+00    5.8787021574e-09
       251           920        7.64508929e-01    3.7148625257e-09
       252           928        4.82142857e-01    2.3428038118e-09
       253           936        2.63392857e-01    1.2798650453e-09
       254           944        1.25000000e-01    6.0739358084e-10
       255           952        5.69196429e-02    2.7658100556e-10
       256           960        2.45535714e-02    1.1930945338e-10
       257           976        5.58035714e-03    1.3557892429e-11
