         0             0        4.59556973e+08    1.3834094384e-02
         1             1        3.09062190e+10    9.3037332901e-01
         2             2        1.02965169e+09    3.0995718853e-02
         3             3        2.69533461e+08    8.1137955979e-03
         4             4        1.24615281e+08    3.7513075978e-03
         5             5        7.78223953e+07    2.3426961731e-03
         6             6        5.23988936e+07    1.5773696906e-03
         7             7        3.69844473e+07    1.1133469081e-03
         8             8        2.82457677e+07    8.5028546842e-04
         9             9        2.21585520e+07    6.6704134303e-04
        10            10        1.78999657e+07    5.3884464637e-04
        11            11        1.48209014e+07    4.4615523399e-04
        12            12        1.24914015e+07    3.7603004175e-04
        13            13        1.06845107e+07    3.2163700880e-04
        14            14        9.26281884e+06    2.7883966009e-04
        15            15        8.11474637e+06    2.4427910751e-04
        16            16        7.17643810e+06    2.1603310987e-04
        17            17        6.39882757e+06    1.9262461417e-04
        18            18        5.74606482e+06    1.7297442499e-04
        19            19        5.19203363e+06    1.5629636281e-04
        20            20        4.71835056e+06    1.4203702880e-04
        21            21        4.30908836e+06    1.2971696353e-04
        22            22        3.95325586e+06    1.1900529834e-04
        23            23        3.64159250e+06    1.0962326174e-04
        24            24        3.36697041e+06    1.0135628273e-04
        25            25        3.12359252e+06    9.4029851090e-05
        26            26        2.90682086e+06    8.7504349783e-05
        27            27        2.71283832e+06    8.1664872170e-05
        28            28        2.53847914e+06    7.6416118276e-05
        29            29        2.38113891e+06    7.1679688149e-05
        30            30        2.23855994e+06    6.7387617506e-05
        31            31        2.10895226e+06    6.3486023234e-05
        32            32        1.99081301e+06    5.9929664266e-05
        33            33        1.88283631e+06    5.6679229767e-05
        34            34        1.78356076e+06    5.3690726954e-05
        35            35        1.69243310e+06    5.0947500686e-05
        36            36        1.60833935e+06    4.8416017246e-05
        37            37        1.53073606e+06    4.6079917012e-05
        38            38        1.45866549e+06    4.3910368519e-05
        39            39        1.39184445e+06    4.1898847300e-05
        40            40        1.32968686e+06    4.0027710521e-05
        41            41        1.27179707e+06    3.8285047805e-05
        42            42        1.21776098e+06    3.6658393554e-05
        43            43        1.16721039e+06    3.5136663541e-05
        44            44        1.11992754e+06    3.3713302681e-05
        45            45        1.07545453e+06    3.2374526659e-05
        46            46        1.03375625e+06    3.1119278880e-05
        47            47        9.94491436e+05    2.9937285719e-05
        48            48        9.57530615e+05    2.8824650009e-05
        49            49        9.22712132e+05    2.7776505388e-05
        50            50        8.89753963e+05    2.6784361974e-05
        51            51        8.58601959e+05    2.5846589758e-05
        52            52        8.29088749e+05    2.4958150335e-05
        53            53        8.01167472e+05    2.4117633034e-05
        54            54        7.74697417e+05    2.3320802049e-05
        55            55        7.49563081e+05    2.2564180356e-05
        56            56        7.25579934e+05    2.1842213011e-05
        57            57        7.02938672e+05    2.1160640594e-05
        58            58        6.81228690e+05    2.0507102598e-05
        59            59        6.60589555e+05    1.9885800439e-05
        60            60        6.40963712e+05    1.9295001539e-05
        61            61        6.22164749e+05    1.8729094273e-05
        62            62        6.04203562e+05    1.8188406673e-05
        63            63        5.87076659e+05    1.7672833608e-05
        64            64        5.70652631e+05    1.7178419277e-05
        65            66        1.09480916e+06    1.6478580629e-05
        66            68        1.03698809e+06    1.5608283654e-05
        67            70        9.83955303e+05    1.4810057662e-05
        68            72        9.34843032e+05    1.4070841599e-05
        69            74        8.89427575e+05    1.3387268340e-05
        70            76        8.47307272e+05    1.2753292272e-05
        71            78        8.08240681e+05    1.2165279308e-05
        72            80        7.71903111e+05    1.1618342364e-05
        73            82        7.37968450e+05    1.1107572947e-05
        74            84        7.06242550e+05    1.0630048797e-05
        75            86        6.76613289e+05    1.0184082339e-05
        76            88        6.48831968e+05    9.7659302556e-06
        77            90        6.22806346e+05    9.3742041646e-06
        78            92        5.98290922e+05    9.0052089094e-06
        79            94        5.75299536e+05    8.6591527798e-06
        80            96        5.53519238e+05    8.3313254241e-06
        81            98        5.33067056e+05    8.0234882766e-06
        82           100        5.13789131e+05    7.7333255231e-06
        83           102        4.95414503e+05    7.4567587860e-06
        84           104        4.78133913e+05    7.1966590440e-06
        85           106        4.61758893e+05    6.9501895194e-06
        86           108        4.46134518e+05    6.7150183702e-06
        87           110        4.31406576e+05    6.4933399445e-06
        88           112        4.17341641e+05    6.2816407957e-06
        89           114        4.03972328e+05    6.0804118419e-06
        90           116        3.91260746e+05    5.8890827519e-06
        91           118        3.79130724e+05    5.7065070605e-06
        92           120        3.67629885e+05    5.5334015549e-06
        93           122        3.56579714e+05    5.3670792835e-06
        94           124        3.46032798e+05    5.2083317935e-06
        95           126        3.35971156e+05    5.0568884442e-06
        96           128        3.26314155e+05    4.9115355554e-06
        97           130        3.17068382e+05    4.7723722836e-06
        98           132        3.08273057e+05    4.6399889716e-06
        99           134        2.99807832e+05    4.5125741664e-06
       100           136        2.91681681e+05    4.3902629491e-06
       101           138        2.83921013e+05    4.2734528264e-06
       102           140        2.76420344e+05    4.1605560889e-06
       103           142        2.69245108e+05    4.0525576369e-06
       104           144        2.62339872e+05    3.9486230857e-06
       105           146        2.55702744e+05    3.8487239982e-06
       106           148        2.49343958e+05    3.7530143751e-06
       107           150        2.43157869e+05    3.6599041135e-06
       108           152        2.37222469e+05    3.5705671197e-06
       109           154        2.31526445e+05    3.4848330969e-06
       110           156        2.26013523e+05    3.4018550406e-06
       111           158        2.20698276e+05    3.3218523091e-06
       112           160        2.15579018e+05    3.2447995101e-06
       113           162        2.10648902e+05    3.1705935998e-06
       114           164        2.05898450e+05    3.0990919140e-06
       115           166        2.01250514e+05    3.0291332424e-06
       116           168        1.96776379e+05    2.9617905541e-06
       117           170        1.92476449e+05    2.8970699195e-06
       118           172        1.88301270e+05    2.8342269760e-06
       119           174        1.84269204e+05    2.7735381092e-06
       120           176        1.80329976e+05    2.7142466051e-06
       121           178        1.76556422e+05    2.6574487568e-06
       122           180        1.72885073e+05    2.6021892312e-06
       123           182        1.69308464e+05    2.5483557159e-06
       124           184        1.65856285e+05    2.4963950469e-06
       125           186        1.62566443e+05    2.4468778044e-06
       126           188        1.59301029e+05    2.3977282527e-06
       127           190        1.56119272e+05    2.3498378613e-06
       128           192        1.53107211e+05    2.3045016575e-06
       129           196        2.97336941e+05    2.2376917100e-06
       130           200        2.86168382e+05    2.1536396123e-06
       131           204        2.75566907e+05    2.0738552720e-06
       132           208        2.65577258e+05    1.9986753959e-06
       133           212        2.56125903e+05    1.9275465999e-06
       134           216        2.47124268e+05    1.8598022974e-06
       135           220        2.38619963e+05    1.7958007863e-06
       136           224        2.30525566e+05    1.7348841546e-06
       137           228        2.22827758e+05    1.6769521640e-06
       138           232        2.15528327e+05    1.6220182671e-06
       139           236        2.08609494e+05    1.5699486658e-06
       140           240        2.01984987e+05    1.5200941038e-06
       141           244        1.95668656e+05    1.4725588027e-06
       142           248        1.89634602e+05    1.4271478486e-06
       143           252        1.83909087e+05    1.3840588938e-06
       144           256        1.78383917e+05    1.3424776988e-06
       145           260        1.73105402e+05    1.3027527665e-06
       146           264        1.68102108e+05    1.2650990891e-06
       147           268        1.63284331e+05    1.2288415680e-06
       148           272        1.58665374e+05    1.1940803266e-06
       149           276        1.54239022e+05    1.1607685824e-06
       150           280        1.50002350e+05    1.1288843328e-06
       151           284        1.45906274e+05    1.0980581730e-06
       152           288        1.41992323e+05    1.0686026527e-06
       153           292        1.38258527e+05    1.0405029309e-06
       154           296        1.34647466e+05    1.0133268882e-06
       155           300        1.31178475e+05    9.8722003257e-07
       156           304        1.27829997e+05    9.6202013844e-07
       157           308        1.24603593e+05    9.3773893494e-07
       158           312        1.21503686e+05    9.1440972317e-07
       159           316        1.18556968e+05    8.9223338203e-07
       160           320        1.15654265e+05    8.7038828042e-07
       161           324        1.12874836e+05    8.4947091761e-07
       162           328        1.10207597e+05    8.2939786855e-07
       163           332        1.07603551e+05    8.0980039885e-07
       164           336        1.05120934e+05    7.9111677494e-07
       165           340        1.02724070e+05    7.7307851040e-07
       166           344        1.00364855e+05    7.5532358278e-07
       167           348        9.81207354e+04    7.3843483769e-07
       168           352        9.59530153e+04    7.2212105819e-07
       169           356        9.38317735e+04    7.0615706457e-07
       170           360        9.18008155e+04    6.9087252613e-07
       171           364        8.98136399e+04    6.7591748461e-07
       172           368        8.79262455e+04    6.6171337399e-07
       173           372        8.60532214e+04    6.4761741052e-07
       174           376        8.42608995e+04    6.3412879455e-07
       175           380        8.25228410e+04    6.2104855254e-07
       176           384        8.08118219e+04    6.0817180335e-07
       177           388        7.91858651e+04    5.9593521443e-07
       178           392        7.75797265e+04    5.8384777186e-07
       179           396        7.60299351e+04    5.7218438676e-07
       180           400        7.45578931e+04    5.6110612609e-07
       181           404        7.30925534e+04    5.5007830536e-07
       182           408        7.16729529e+04    5.3939470757e-07
       183           412        7.03013028e+04    5.2907197369e-07
       184           416        6.89733155e+04    5.1907783672e-07
       185           420        6.76658740e+04    5.0923832287e-07
       186           424        6.63966107e+04    4.9968612905e-07
       187           428        6.51753728e+04    4.9049536405e-07
       188           432        6.39858893e+04    4.8154357600e-07
       189           436        6.28209631e+04    4.7277660037e-07
       190           440        6.16798791e+04    4.6418905613e-07
       191           444        6.05710763e+04    4.5584445280e-07
       192           448        5.94998575e+04    4.4778269807e-07
       193           456        1.15901041e+05    4.3612273117e-07
       194           464        1.11923987e+05    4.2115752123e-07
       195           472        1.08149475e+05    4.0695444948e-07
       196           480        1.04542144e+05    3.9338046476e-07
       197           488        1.01117174e+05    3.8049268542e-07
       198           496        9.78701819e+04    3.6827461412e-07
       199           504        9.47548601e+04    3.5655200422e-07
       200           512        9.18036819e+04    3.4544704905e-07
       201           520        8.89670407e+04    3.3477308349e-07
       202           528        8.62520751e+04    3.2455696959e-07
       203           536        8.37073804e+04    3.1498156650e-07
       204           544        8.12140127e+04    3.0559930109e-07
       205           552        7.88301947e+04    2.9662925873e-07
       206           560        7.65838550e+04    2.8817653219e-07
       207           568        7.44055267e+04    2.7997972517e-07
       208           576        7.23152112e+04    2.7211410025e-07
       209           584        7.03350814e+04    2.6466309206e-07
       210           592        6.84098550e+04    2.5741867891e-07
       211           600        6.65791463e+04    2.5052992578e-07
       212           608        6.47958473e+04    2.4381956997e-07
       213           616        6.31004402e+04    2.3743994144e-07
       214           624        6.14627048e+04    2.3127732532e-07
       215           632        5.98818690e+04    2.2532881565e-07
       216           640        5.83695598e+04    2.1963816441e-07
       217           648        5.68933295e+04    2.1408327399e-07
       218           656        5.55007455e+04    2.0884313533e-07
       219           664        5.41372405e+04    2.0371241726e-07
       220           672        5.28182265e+04    1.9874911424e-07
       221           680        5.15595992e+04    1.9401303991e-07
       222           688        5.03373168e+04    1.8941372696e-07
       223           696        4.91687583e+04    1.8501657114e-07
       224           704        4.80254580e+04    1.8071445939e-07
       225           712        4.69210191e+04    1.7655857848e-07
       226           720        4.58642366e+04    1.7258202363e-07
       227           728        4.48314364e+04    1.6869571109e-07
       228           736        4.38372621e+04    1.6495474372e-07
       229           744        4.28818282e+04    1.6135955239e-07
       230           752        4.19465573e+04    1.5784023163e-07
       231           760        4.10379224e+04    1.5442113966e-07
       232           768        4.01695356e+04    1.5115349679e-07
       233           776        3.93157176e+04    1.4794067433e-07
       234           784        3.84934987e+04    1.4484675629e-07
       235           792        3.77001412e+04    1.4186144019e-07
       236           800        3.69295725e+04    1.3896187583e-07
       237           808        3.61779249e+04    1.3613350954e-07
       238           816        3.54459275e+04    1.3337908449e-07
       239           824        3.47397023e+04    1.3072163761e-07
       240           832        3.40550560e+04    1.2814538966e-07
       241           840        3.33914364e+04    1.2564826291e-07
       242           848        3.27510547e+04    1.2323857784e-07
       243           856        3.21011985e+04    1.2079324108e-07
       244           864        3.14988715e+04    1.1852675164e-07
       245           872        3.09014962e+04    1.1627889473e-07
       246           880        3.03269822e+04    1.1411706244e-07
       247           888        2.97593270e+04    1.1198103897e-07
       248           896        2.92231349e+04    1.0996340766e-07
       249           904        2.86788410e+04    1.0791529025e-07
       250           912        2.81647964e+04    1.0598099784e-07
       251           920        2.76581399e+04    1.0407450580e-07
       252           928        2.71686476e+04    1.0223260044e-07
       253           936        2.66868919e+04    1.0041980721e-07
       254           944        2.62246120e+04    9.8680299342e-08
       255           952        2.57711120e+04    9.6973829259e-08
       256           960        2.53232557e+04    9.5288596039e-08
       257           976        4.93509237e+04    9.2851019636e-08
       258           992        4.77108193e+04    8.9765254515e-08
       259          1008        4.61395165e+04    8.6808935641e-08
       260          1024        4.46532583e+04    8.4012623323e-08
       261          1040        4.32287443e+04    8.1332479425e-08
       262          1056        4.18722913e+04    7.8780388644e-08
       263          1072        4.05881018e+04    7.6364257357e-08
       264          1088        3.93307684e+04    7.3998654581e-08
       265          1104        3.81559389e+04    7.1788278150e-08
       266          1120        3.70167824e+04    6.9645018538e-08
       267          1136        3.59421132e+04    6.7623088154e-08
       268          1152        3.49054975e+04    6.5672753193e-08
       269          1168        3.39205191e+04    6.3819571139e-08
       270          1184        3.29474885e+04    6.1988868275e-08
       271          1200        3.20309835e+04    6.0264514895e-08
       272          1216        3.11561565e+04    5.8618576576e-08
       273          1232        3.03220674e+04    5.7049284376e-08
       274          1248        2.95063766e+04    5.5514607403e-08
       275          1264        2.87257634e+04    5.4045926999e-08
       276          1280        2.79882913e+04    5.2658414405e-08
       277          1296        2.72590140e+04    5.1286319602e-08
       278          1312        2.65571934e+04    4.9965883135e-08
       279          1328        2.58925458e+04    4.8715385653e-08
       280          1344        2.52541883e+04    4.7514351489e-08
       281          1360        2.46254300e+04    4.6331377755e-08
       282          1376        2.40354580e+04    4.5221378212e-08
       283          1392        2.34500344e+04    4.4119936130e-08
       284          1408        2.28879059e+04    4.3062322606e-08
       285          1424        2.23541883e+04    4.2058162690e-08
       286          1440        2.18366094e+04    4.1084366796e-08
       287          1456        2.13384427e+04    4.0147093904e-08
       288          1472        2.08529682e+04    3.9233700515e-08
       289          1488        2.03826985e+04    3.8348914178e-08
       290          1504        1.99313842e+04    3.7499791504e-08
       291          1520        1.94876234e+04    3.6664880199e-08
       292          1536        1.90637926e+04    3.5867466129e-08
       293          1552        1.86453384e+04    3.5080167815e-08
       294          1568        1.82414466e+04    3.4320267736e-08
       295          1584        1.78544796e+04    3.3592210984e-08
       296          1600        1.74911858e+04    3.2908693719e-08
       297          1616        1.71249682e+04    3.2219675741e-08
       298          1632        1.67693613e+04    3.1550621182e-08
       299          1648        1.64259198e+04    3.0904455136e-08
       300          1664        1.61027316e+04    3.0296394323e-08
       301          1680        1.57678728e+04    2.9666376145e-08
       302          1696        1.54633295e+04    2.9093394935e-08
       303          1712        1.51609020e+04    2.8524394441e-08
       304          1728        1.48599707e+04    2.7958208932e-08
       305          1744        1.45831120e+04    2.7437314529e-08
       306          1760        1.42999936e+04    2.6904643147e-08
       307          1776        1.40301501e+04    2.6396947579e-08
       308          1792        1.37702659e+04    2.5907989858e-08
       309          1808        1.35099453e+04    2.5418211099e-08
       310          1824        1.32589249e+04    2.4945930253e-08
       311          1840        1.30201514e+04    2.4496691115e-08
       312          1856        1.27846018e+04    2.4053517602e-08
       313          1872        1.25537010e+04    2.3619090651e-08
       314          1888        1.23204122e+04    2.3180170733e-08
       315          1904        1.21004746e+04    2.2766370253e-08
       316          1920        1.18850534e+04    2.2361067391e-08
       317          1936        1.16913906e+04    2.1996701504e-08
       318          1952        1.14863753e+04    2.1610976675e-08
       319          1968        1.12856654e+04    2.1233352111e-08
       320          1984        1.10913944e+04    2.0867842037e-08
       321          2016        2.16369962e+04    2.0354402798e-08
       322          2048        2.09211527e+04    1.9680992911e-08
       323          2080        2.02431590e+04    1.9043189239e-08
       324          2112        1.96010509e+04    1.8439143850e-08
       325          2144        1.89829695e+04    1.7857700928e-08
       326          2176        1.83988511e+04    1.7308207852e-08
       327          2208        1.78269949e+04    1.6770249994e-08
       328          2240        1.72897723e+04    1.6264872720e-08
       329          2272        1.67792990e+04    1.5784659167e-08
       330          2304        1.62840178e+04    1.5318737172e-08
       331          2336        1.58081603e+04    1.4871087448e-08
       332          2368        1.53568639e+04    1.4446542867e-08
       333          2400        1.49289860e+04    1.4044028660e-08
       334          2432        1.45253982e+04    1.3664364667e-08
       335          2464        1.41112468e+04    1.3274763249e-08
       336          2496        1.37330445e+04    1.2918979956e-08
       337          2528        1.33627303e+04    1.2570617118e-08
       338          2560        1.30030891e+04    1.2232294635e-08
       339          2592        1.26798626e+04    1.1928228323e-08
       340          2624        1.23439173e+04    1.1612197126e-08
       341          2656        1.20313804e+04    1.1318186728e-08
       342          2688        1.17175204e+04    1.1022931608e-08
       343          2720        1.14412646e+04    1.0763051713e-08
       344          2752        1.11596972e+04    1.0498174978e-08
       345          2784        1.08782646e+04    1.0233425110e-08
       346          2816        1.06226145e+04    9.9929293583e-09
       347          2848        1.03734186e+04    9.7585052142e-09
       348          2880        1.01264453e+04    9.5261719629e-09
       349          2912        9.88746183e+03    9.3013549145e-09
       350          2944        9.66092621e+03    9.0882478230e-09
       351          2976        9.43890585e+03    8.8793883435e-09
       352          3008        9.23080407e+03    8.6836223767e-09
       353          3040        9.02467812e+03    8.4897151141e-09
       354          3072        8.82494911e+03    8.3018256013e-09
       355          3104        8.62480280e+03    8.1135435225e-09
       356          3136        8.43943766e+03    7.9391664190e-09
       357          3168        8.26637786e+03    7.7763652253e-09
       358          3200        8.09020356e+03    7.6106341488e-09
       359          3232        7.91674809e+03    7.4474607356e-09
       360          3264        7.74859542e+03    7.2892757831e-09
       361          3296        7.59112723e+03    7.1411419568e-09
       362          3328        7.43196947e+03    6.9914187168e-09
       363          3360        7.29001527e+03    6.8578792499e-09
       364          3392        7.14380407e+03    6.7203351310e-09
       365          3424        6.99582316e+03    6.5811261971e-09
       366          3456        6.86769847e+03    6.4605964636e-09
       367          3488        6.72850891e+03    6.3296577465e-09
       368          3520        6.59566921e+03    6.2046924958e-09
       369          3552        6.47165013e+03    6.0880249895e-09
       370          3584        6.34906997e+03    5.9727111177e-09
       371          3616        6.22945547e+03    5.8601870977e-09
       372          3648        6.11393766e+03    5.7515169270e-09
       373          3680        6.00189567e+03    5.6461165439e-09
       374          3712        5.89548601e+03    5.5460146050e-09
       375          3744        5.78423791e+03    5.4413610548e-09
       376          3776        5.68191730e+03    5.3451057841e-09
       377          3808        5.57937786e+03    5.2486446556e-09
       378          3840        5.47915522e+03    5.1543629866e-09
       379          3872        5.38453562e+03    5.0653522344e-09
       380          3904        5.29186005e+03    4.9781702653e-09
       381          3936        5.19567048e+03    4.8876826031e-09
       382          3968        5.10989059e+03    4.8069875480e-09
       383          4000        5.02371883e+03    4.7259238638e-09
       384          4032        4.94039695e+03    4.6475411182e-09
       385          4096        9.63160814e+03    4.5303338335e-09
       386          4160        9.32334478e+03    4.3853387400e-09
       387          4224        9.01738931e+03    4.2414291871e-09
       388          4288        8.73679644e+03    4.1094492127e-09
       389          4352        8.45599746e+03    3.9773722936e-09
       390          4416        8.19330025e+03    3.8538097483e-09
       391          4480        7.94939822e+03    3.7390877177e-09
       392          4544        7.71526081e+03    3.6289585897e-09
       393          4608        7.48923410e+03    3.5226444134e-09
       394          4672        7.26667557e+03    3.4179615404e-09
       395          4736        7.05725318e+03    3.3194573931e-09
       396          4800        6.85582443e+03    3.2247131425e-09
       397          4864        6.66636387e+03    3.1355982645e-09
       398          4928        6.48316921e+03    3.0494306238e-09
       399          4992        6.30652163e+03    2.9663424719e-09
       400          5056        6.13648601e+03    2.8863643284e-09
       401          5120        5.97422519e+03    2.8100431528e-09
       402          5184        5.81696819e+03    2.7360755780e-09
       403          5248        5.66421374e+03    2.6642258249e-09
       404          5312        5.51746438e+03    2.5952006322e-09
       405          5376        5.38223155e+03    2.5315923717e-09
       406          5440        5.24737659e+03    2.4681618430e-09
       407          5504        5.11283461e+03    2.4048785267e-09
       408          5568        4.98830280e+03    2.3463036087e-09
       409          5632        4.86927481e+03    2.2903174721e-09
       410          5696        4.75644911e+03    2.2372486514e-09
       411          5760        4.64306743e+03    2.1839183196e-09
       412          5824        4.53165903e+03    2.1315161431e-09
       413          5888        4.42811069e+03    2.0828110288e-09
       414          5952        4.32553690e+03    2.0345643071e-09
       415          6016        4.22891858e+03    1.9891188072e-09
       416          6080        4.13216158e+03    1.9436080791e-09
       417          6144        4.04354835e+03    1.9019278617e-09
       418          6208        3.95254707e+03    1.8591244029e-09
       419          6272        3.86312468e+03    1.8170635880e-09
       420          6336        3.78700000e+03    1.7812574986e-09
       421          6400        3.69925827e+03    1.7399872016e-09
       422          6464        3.62375445e+03    1.7044731430e-09
       423          6528        3.55209160e+03    1.6707657258e-09
       424          6592        3.47524555e+03    1.6346203301e-09
       425          6656        3.40322646e+03    1.6007453543e-09
       426          6720        3.33607252e+03    1.5691587511e-09
       427          6784        3.26622519e+03    1.5363052848e-09
       428          6848        3.20348982e+03    1.5067970074e-09
       429          6912        3.13761705e+03    1.4758130169e-09
       430          6976        3.07794402e+03    1.4477451457e-09
       431          7040        3.02279262e+03    1.4218040725e-09
       432          7104        2.96177481e+03    1.3931036673e-09
       433          7168        2.90843511e+03    1.3680147497e-09
       434          7232        2.85069211e+03    1.3408546873e-09
       435          7296        2.79864504e+03    1.3163737682e-09
       436          7360        2.74554835e+03    1.2913991495e-09
       437          7424        2.69437150e+03    1.2673275523e-09
       438          7488        2.64372774e+03    1.2435066947e-09
       439          7552        2.59812341e+03    1.2220561938e-09
       440          7616        2.55248346e+03    1.2005889369e-09
       441          7680        2.50528880e+03    1.1783904062e-09
       442          7744        2.46085623e+03    1.1574910536e-09
       443          7808        2.42003944e+03    1.1382924214e-09
       444          7872        2.38019720e+03    1.1195521818e-09
       445          7936        2.33838295e+03    1.0998843853e-09
       446          8000        2.29584606e+03    1.0798766842e-09
       447          8064        2.25799237e+03    1.0620717810e-09
       448          8128        2.21880153e+03    1.0436379344e-09
       449          8256        4.32900254e+03    1.0180972068e-09
       450          8384        4.18762087e+03    9.8484698540e-10
       451          8512        4.05653181e+03    9.5401738829e-10
       452          8640        3.92844784e+03    9.2389452969e-10
       453          8768        3.80274046e+03    8.9433059891e-10
       454          8896        3.68853690e+03    8.6747214211e-10
       455          9024        3.57381170e+03    8.4049100844e-10
       456          9152        3.46990458e+03    8.1605407353e-10
       457          9280        3.36602672e+03    7.9162402049e-10
       458          9408        3.27434606e+03    7.7006251192e-10
       459          9536        3.17564758e+03    7.4685055052e-10
       460          9664        3.08712214e+03    7.2603108746e-10
       461          9792        2.99881552e+03    7.0526308884e-10
       462          9920        2.91466285e+03    6.8547201707e-10
       463         10048        2.83625954e+03    6.6703308386e-10
       464         10176        2.76115013e+03    6.4936881026e-10
       465         10304        2.68813104e+03    6.3219614181e-10
       466         10432        2.61838804e+03    6.1579394399e-10
       467         10560        2.55095038e+03    5.9993391814e-10
       468         10688        2.48639695e+03    5.8475220565e-10
       469         10816        2.42283079e+03    5.6980268160e-10
       470         10944        2.36156361e+03    5.5539383345e-10
       471         11072        2.30449364e+03    5.4197208535e-10
       472         11200        2.24731679e+03    5.2852520345e-10
       473         11328        2.19270229e+03    5.1568093431e-10
       474         11456        2.14063613e+03    5.0343598660e-10
       475         11584        2.08967684e+03    4.9145135324e-10
       476         11712        2.04372646e+03    4.8064471713e-10
       477         11840        1.99329644e+03    4.6878455592e-10
       478         11968        1.94810051e+03    4.5815535246e-10
       479         12096        1.90605598e+03    4.4826729687e-10
       480         12224        1.86134733e+03    4.3775269157e-10
       481         12352        1.82183715e+03    4.2846066609e-10
       482         12480        1.78037405e+03    4.1870935033e-10
       483         12608        1.74104835e+03    4.0946071057e-10
       484         12736        1.70622392e+03    4.0127068250e-10
       485         12864        1.66814758e+03    3.9231586883e-10
       486         12992        1.63554326e+03    3.8464796552e-10
       487         13120        1.60103817e+03    3.7653303964e-10
       488         13248        1.56652417e+03    3.6841601927e-10
       489         13376        1.53498219e+03    3.6099795790e-10
       490         13504        1.50149618e+03    3.5312270075e-10
       491         13632        1.47234097e+03    3.4626596090e-10
       492         13760        1.44309796e+03    3.3938857543e-10
       493         13888        1.41547455e+03    3.3289208670e-10
       494         14016        1.38706234e+03    3.2621008660e-10
       495         14144        1.36058524e+03    3.1998318779e-10
       496         14272        1.33401145e+03    3.1373354888e-10
       497         14400        1.30863486e+03    3.0776546837e-10
       498         14528        1.28749109e+03    3.0279286584e-10
       499         14656        1.25982061e+03    2.9628530627e-10
       500         14784        1.23801654e+03    2.9115741277e-10
       501         14912        1.21560051e+03    2.8588559834e-10
       502         15040        1.19096183e+03    2.8009106072e-10
       503         15168        1.16950000e+03    2.7504365522e-10
       504         15296        1.14990204e+03    2.7043459515e-10
       505         15424        1.13014377e+03    2.6578783437e-10
       506         15552        1.10938422e+03    2.6090559383e-10
       507         15680        1.08921120e+03    2.5616128998e-10
       508         15808        1.07043766e+03    2.5174611922e-10
       509         15936        1.05371374e+03    2.4781297882e-10
       510         16064        1.03467176e+03    2.4333467435e-10
       511         16192        1.01730662e+03    2.3925073115e-10
       512         16320        9.99479644e+02    2.3505817404e-10
       513         16576        1.94994784e+03    2.2929490407e-10
       514         16832        1.88690585e+03    2.2188177969e-10
       515         17088        1.82582443e+03    2.1469919809e-10
       516         17344        1.76746692e+03    2.0783692282e-10
       517         17600        1.71597074e+03    2.0178147243e-10
       518         17856        1.65990331e+03    1.9518848786e-10
       519         18112        1.61077099e+03    1.8941100533e-10
       520         18368        1.56397455e+03    1.8390819931e-10
       521         18624        1.51591094e+03    1.7825638578e-10
       522         18880        1.47181043e+03    1.7307059477e-10
       523         19136        1.43226081e+03    1.6841994424e-10
       524         19392        1.39004835e+03    1.6345616846e-10
       525         19648        1.34997964e+03    1.5874447871e-10
       526         19904        1.31333079e+03    1.5443492974e-10
       527         20160        1.27696565e+03    1.5015874290e-10
       528         20416        1.24397710e+03    1.4627961025e-10
       529         20672        1.20967303e+03    1.4224578505e-10
       530         20928        1.17780280e+03    1.3849815603e-10
       531         21184        1.14834860e+03    1.3503462871e-10
       532         21440        1.11937277e+03    1.3162735322e-10
       533         21696        1.09053944e+03    1.2823683360e-10
       534         21952        1.06409669e+03    1.2512742356e-10
       535         22208        1.03826463e+03    1.2208982437e-10
       536         22464        1.01139695e+03    1.1893044594e-10
       537         22720        9.86017812e+02    1.1594610647e-10
       538         22976        9.63536896e+02    1.1330256936e-10
       539         23232        9.41543257e+02    1.1071633132e-10
       540         23488        9.21491094e+02    1.0835839196e-10
       541         23744        8.99092875e+02    1.0572457923e-10
       542         24000        8.78479644e+02    1.0330066364e-10
       543         24256        8.57194656e+02    1.0079775612e-10
       544         24512        8.39466921e+02    9.8713146824e-11
       545         24768        8.20134860e+02    9.6439884430e-11
       546         25024        8.01507634e+02    9.4249503732e-11
       547         25280        7.83385496e+02    9.2118516595e-11
       548         25536        7.65784987e+02    9.0048867898e-11
       549         25792        7.52563613e+02    8.8494162877e-11
       550         26048        7.33881679e+02    8.6297349123e-11
       551         26304        7.21282443e+02    8.4815801411e-11
       552         26560        7.04820611e+02    8.2880050037e-11
       553         26816        6.90515267e+02    8.1197880748e-11
       554         27072        6.74935115e+02    7.9365806297e-11
       555         27328        6.63491094e+02    7.8020100787e-11
       556         27584        6.48524173e+02    7.6260136404e-11
       557         27840        6.36132316e+02    7.4802974461e-11
       558         28096        6.23991094e+02    7.3375284891e-11
       559         28352        6.12569975e+02    7.2032272287e-11
       560         28608        5.99573791e+02    7.0504047519e-11
       561         28864        5.87655216e+02    6.9102538989e-11
       562         29120        5.76581425e+02    6.7800368810e-11
       563         29376        5.66818066e+02    6.6652292758e-11
       564         29632        5.55792621e+02    6.5355807605e-11
       565         29888        5.44856234e+02    6.4069794868e-11
       566         30144        5.36631043e+02    6.3102592408e-11
       567         30400        5.25782443e+02    6.1826902481e-11
       568         30656        5.17066158e+02    6.0801952125e-11
       569         30912        5.07863868e+02    5.9719852297e-11
       570         31168        4.98500000e+02    5.8618752513e-11
       571         31424        4.88791349e+02    5.7477109516e-11
       572         31680        4.80012723e+02    5.6444828469e-11
       573         31936        4.72916031e+02    5.5610326486e-11
       574         32192        4.63357506e+02    5.4486336992e-11
       575         32448        4.57236641e+02    5.3766582771e-11
       576         32704        4.48774809e+02    5.2771553605e-11
       577         33216        8.75830789e+02    5.1494592028e-11
       578         33728        8.46787532e+02    4.9786989727e-11
       579         34240        8.19988550e+02    4.8211339873e-11
       580         34752        7.94082697e+02    4.6688201707e-11
       581         35264        7.68487277e+02    4.5183315467e-11
       582         35776        7.45608142e+02    4.3838133577e-11
       583         36288        7.23086514e+02    4.2513971323e-11
       584         36800        6.99727735e+02    4.1140588712e-11
       585         37312        6.78343511e+02    3.9883300317e-11
       586         37824        6.57282443e+02    3.8645011878e-11
       587         38336        6.41328244e+02    3.7706982578e-11
       588         38848        6.20538168e+02    3.6484627173e-11
       589         39360        6.05946565e+02    3.5626711859e-11
       590         39872        5.89195929e+02    3.4641855897e-11
       591         40384        5.71160305e+02    3.3581448931e-11
       592         40896        5.56974555e+02    3.2747395766e-11
       593         41408        5.42371501e+02    3.1888807225e-11
       594         41920        5.26867684e+02    3.0977258178e-11
       595         42432        5.13188295e+02    3.0172976596e-11
       596         42944        4.99648855e+02    2.9376923342e-11
       597         43456        4.88120865e+02    2.8699133591e-11
       598         43968        4.74671756e+02    2.7908391348e-11
       599         44480        4.63619593e+02    2.7258577909e-11
       600         44992        4.53179389e+02    2.6644744700e-11
       601         45504        4.41734097e+02    2.5971817142e-11
       602         46016        4.29801527e+02    2.5270240044e-11
       603         46528        4.19748092e+02    2.4679146940e-11
       604         47040        4.10529262e+02    2.4137124587e-11
       605         47552        4.00216285e+02    2.3530771676e-11
       606         48064        3.91578880e+02    2.3022934283e-11
       607         48576        3.81837150e+02    2.2450167907e-11
       608         49088        3.73559796e+02    2.1963499755e-11
       609         49600        3.64343511e+02    2.1421627008e-11
       610         50112        3.58013995e+02    2.1049482210e-11
       611         50624        3.48567430e+02    2.0494070125e-11
       612         51136        3.41572519e+02    2.0082803371e-11
       613         51648        3.34727735e+02    1.9680363369e-11
       614         52160        3.27174300e+02    1.9236258109e-11
       615         52672        3.18419847e+02    1.8721538842e-11
       616         53184        3.13712468e+02    1.8444767837e-11
       617         53696        3.06709924e+02    1.8033052265e-11
       618         54208        3.00414758e+02    1.7662927148e-11
       619         54720        2.95391858e+02    1.7367605004e-11
       620         55232        2.89312977e+02    1.7010196392e-11
       621         55744        2.83324427e+02    1.6658098792e-11
       622         56256        2.77236641e+02    1.6300166559e-11
       623         56768        2.72642494e+02    1.6030053018e-11
       624         57280        2.67398219e+02    1.5721715157e-11
       625         57792        2.62069975e+02    1.5408440300e-11
       626         58304        2.57297710e+02    1.5127854343e-11
       627         58816        2.51301527e+02    1.4775307924e-11
       628         59328        2.46558524e+02    1.4496442436e-11
       629         59840        2.42087786e+02    1.4233584783e-11
       630         60352        2.37582697e+02    1.3968707451e-11
       631         60864        2.33594148e+02    1.3734200126e-11
       632         61376        2.29520356e+02    1.3494681002e-11
       633         61888        2.24820611e+02    1.3218358814e-11
       634         62400        2.21015267e+02    1.2994623117e-11
       635         62912        2.17888041e+02    1.2810757406e-11
       636         63424        2.13356234e+02    1.2544309211e-11
       637         63936        2.09717557e+02    1.2330372704e-11
       638         64448        2.05725191e+02    1.2095640970e-11
       639         64960        2.02363868e+02    1.1898011512e-11
       640         65472        1.99861323e+02    1.1750874061e-11
       641         66496        3.87664122e+02    1.1396382765e-11
       642         67520        3.75402036e+02    1.1035907231e-11
       643         68544        3.61866412e+02    1.0637992809e-11
       644         69568        3.50802799e+02    1.0312749476e-11
       645         70592        3.38675573e+02    9.9562384993e-12
       646         71616        3.29133588e+02    9.6757273451e-12
       647         72640        3.18779898e+02    9.3713540420e-12
       648         73664        3.09017812e+02    9.0843724305e-12
       649         74688        2.97865140e+02    8.7565109934e-12
       650         75712        2.90370229e+02    8.5361788321e-12
       651         76736        2.81745547e+02    8.2826341502e-12
       652         77760        2.73960560e+02    8.0537744498e-12
       653         78784        2.65922392e+02    7.8174718535e-12
       654         79808        2.59889313e+02    7.6401140010e-12
       655         80832        2.52134860e+02    7.4121519364e-12
       656         81856        2.43828244e+02    7.1679576263e-12
       657         82880        2.37693384e+02    6.9876076548e-12
       658         83904        2.30910941e+02    6.7882203264e-12
       659         84928        2.25740458e+02    6.6362206823e-12
       660         85952        2.18382952e+02    6.4199278816e-12
       661         86976        2.13858779e+02    6.2869281930e-12
       662         88000        2.07637405e+02    6.1040349205e-12
       663         89024        2.03230280e+02    5.9744761687e-12
       664         90048        1.98226463e+02    5.8273761194e-12
       665         91072        1.92058524e+02    5.6460537094e-12
       666         92096        1.87875318e+02    5.5230776193e-12
       667         93120        1.82840967e+02    5.3750799344e-12
       668         94144        1.78861323e+02    5.2580880823e-12
       669         95168        1.74413486e+02    5.1273324830e-12
       670         96192        1.70744275e+02    5.0194665938e-12
       671         97216        1.66773537e+02    4.9027365521e-12
       672         98240        1.63251908e+02    4.7992092355e-12
       673         99264        1.58498728e+02    4.6594772792e-12
       674        100288        1.56436387e+02    4.5988494684e-12
       675        101312        1.51811705e+02    4.4628950623e-12
       676        102336        1.48193384e+02    4.3565252326e-12
       677        103360        1.45150127e+02    4.2670608752e-12
       678        104384        1.41409669e+02    4.1571005027e-12
       679        105408        1.39087786e+02    4.0888427885e-12
       680        106432        1.35840967e+02    3.9933941931e-12
       681        107456        1.32961832e+02    3.9087546275e-12
       682        108480        1.29844784e+02    3.8171209838e-12
       683        109504        1.27328244e+02    3.7431408420e-12
       684        110528        1.25153944e+02    3.6792217004e-12
       685        111552        1.22506361e+02    3.6013892054e-12
       686        112576        1.19276081e+02    3.5064268294e-12
       687        113600        1.17611959e+02    3.4575056841e-12
       688        114624        1.15595420e+02    3.3982243268e-12
       689        115648        1.12922392e+02    3.3196438021e-12
       690        116672        1.10812977e+02    3.2576321363e-12
       691        117696        1.08914758e+02    3.2018291173e-12
       692        118720        1.05996183e+02    3.1160301056e-12
       693        119744        1.04145038e+02    3.0616109417e-12
       694        120768        1.02319338e+02    3.0079398075e-12
       695        121792        1.00417303e+02    2.9520245841e-12
       696        122816        9.82035623e+01    2.8869459964e-12
       697        123840        9.66386768e+01    2.8409421671e-12
       698        124864        9.43282443e+01    2.7730210662e-12
       699        125888        9.32417303e+01    2.7410801962e-12
       700        126912        9.14440204e+01    2.6882318947e-12
       701        127936        8.95025445e+01    2.6311572252e-12
       702        128960        8.82366412e+01    2.5939427454e-12
       703        129984        8.61246819e+01    2.5318562766e-12
       704        131008        8.48320611e+01    2.4938563656e-12
       705        133056        1.65818066e+02    2.4373240176e-12
       706        135104        1.60302799e+02    2.3562562940e-12
       707        137152        1.53673028e+02    2.2588067191e-12
       708        139200        1.48867684e+02    2.1881740104e-12
       709        141248        1.44749364e+02    2.1276397033e-12
       710        143296        1.40615776e+02    2.0668809873e-12
       711        145344        1.34629771e+02    1.9788939886e-12
       712        147392        1.30904580e+02    1.9241382113e-12
       713        149440        1.27094148e+02    1.8681294842e-12
       714        151488        1.23139949e+02    1.8100075730e-12
       715        153536        1.19213740e+02    1.7522970782e-12
       716        155584        1.16067430e+02    1.7060501393e-12
       717        157632        1.12729008e+02    1.6569793880e-12
       718        159680        1.08998728e+02    1.6021488078e-12
       719        161728        1.06320611e+02    1.5627837424e-12
       720        163776        1.03758270e+02    1.5251204448e-12
       721        165824        9.98765903e+01    1.4680644760e-12
       722        167872        9.74885496e+01    1.4329631803e-12
       723        169920        9.57760814e+01    1.4077919794e-12
       724        171968        9.24567430e+01    1.3590017393e-12
       725        174016        8.99211196e+01    1.3217311572e-12
       726        176064        8.79134860e+01    1.2922213838e-12
       727        178112        8.56895674e+01    1.2595324840e-12
       728        180160        8.32671756e+01    1.2239262681e-12
       729        182208        8.09033079e+01    1.1891802865e-12
       730        184256        7.90279898e+01    1.1616153904e-12
       731        186304        7.78829517e+01    1.1447847212e-12
       732        188352        7.47353690e+01    1.0985190814e-12
       733        190400        7.35432570e+01    1.0809964847e-12
       734        192448        7.16081425e+01    1.0525526536e-12
       735        194496        7.01094148e+01    1.0305231777e-12
       736        196544        6.89516539e+01    1.0135055010e-12
       737        198592        6.72150127e+01    9.8797898594e-13
       738        200640        6.59770992e+01    9.6978316240e-13
       739        202688        6.44974555e+01    9.4803419758e-13
       740        204736        6.32506361e+01    9.2970746883e-13
       741        206784        6.18435115e+01    9.0902444640e-13
       742        208832        5.99033079e+01    8.8050581238e-13
       743        210880        5.92888041e+01    8.7147335322e-13
       744        212928        5.82684478e+01    8.5647535684e-13
       745        214976        5.78396947e+01    8.5017320624e-13
       746        217024        5.56323155e+01    8.1772741607e-13
       747        219072        5.50356234e+01    8.0895676731e-13
       748        221120        5.44605598e+01    8.0050403120e-13
       749        223168        5.28002545e+01    7.7609956078e-13
       750        225216        5.22493639e+01    7.6800213879e-13
       751        227264        5.12124682e+01    7.5276103275e-13
       752        229312        5.01692112e+01    7.3742642298e-13
       753        231360        4.93638677e+01    7.2558885227e-13
       754        233408        4.83702290e+01    7.1098357151e-13
       755        235456        4.73256997e+01    6.9563026100e-13
       756        237504        4.71208651e+01    6.9261944128e-13
       757        239552        4.58040712e+01    6.7326417164e-13
       758        241600        4.54898219e+01    6.6864508796e-13
       759        243648        4.45916031e+01    6.5544236297e-13
       760        245696        4.48193384e+01    6.5878979608e-13
       761        247744        4.39961832e+01    6.4669041496e-13
       762        249792        4.28854962e+01    6.3036466578e-13
       763        251840        4.27264631e+01    6.2802707283e-13
       764        253888        4.19389313e+01    6.1645131253e-13
       765        255936        4.09465649e+01    6.0186473251e-13
       766        257984        4.08498728e+01    6.0044347600e-13
       767        260032        4.00737913e+01    5.8903602239e-13
       768        262080        4.00801527e+01    5.8912952611e-13
       769        266176        7.86195929e+01    5.7780622585e-13
       770        270272        7.69618321e+01    5.6562269139e-13
       771        274368        7.47798982e+01    5.4958680374e-13
       772        278464        7.36246819e+01    5.4109666614e-13
       773        282560        7.25229008e+01    5.3299924415e-13
       774        286656        7.09249364e+01    5.2125517716e-13
       775        290752        6.92175573e+01    5.0870697819e-13
       776        294848        6.83447837e+01    5.0229262313e-13
       777        298944        6.70521628e+01    4.9279264538e-13
       778        303040        6.57900763e+01    4.8351707654e-13
       779        307136        6.51526718e+01    4.7883254027e-13
       780        311232        6.36615776e+01    4.6787390451e-13
       781        315328        6.32697201e+01    4.6499398999e-13
       782        319424        6.21374046e+01    4.5667215909e-13
       783        323520        6.15165394e+01    4.5210917764e-13
       784        327616        6.02417303e+01    4.4274010509e-13
       785        331712        6.00877863e+01    4.4160871010e-13
       786        335808        5.90254453e+01    4.3380114964e-13
       787        339904        5.81539440e+01    4.2739614496e-13
       788        344000        5.75407125e+01    4.2288926574e-13
       789        348096        5.65254453e+01    4.1542766904e-13
       790        352192        5.65305344e+01    4.1546507053e-13
       791        356288        5.54834606e+01    4.0776971453e-13
       792        360384        5.49554707e+01    4.0388931023e-13
       793        364480        5.43269720e+01    3.9927022656e-13
       794        368576        5.31819338e+01    3.9085489193e-13
       795        372672        5.25547074e+01    3.8624515863e-13
       796        376768        5.22073791e+01    3.8369250713e-13
       797        380864        5.16259542e+01    3.7941938721e-13
       798        384960        5.15483461e+01    3.7884901453e-13
       799        389056        5.08651399e+01    3.7382786487e-13
       800        393152        5.01412214e+01    3.6850750331e-13
       801        397248        4.92735369e+01    3.6213054974e-13
       802        401344        4.86628499e+01    3.5764237127e-13
       803        405440        4.83320611e+01    3.5521127460e-13
       804        409536        4.75025445e+01    3.4911483218e-13
       805        413632        4.70356234e+01    3.4568324573e-13
       806        417728        4.64605598e+01    3.4145687767e-13
       807        421824        4.62061069e+01    3.3958680331e-13
       808        425920        4.54173028e+01    3.3378957279e-13
       809        430016        4.49338422e+01    3.3023643150e-13
       810        434112        4.45966921e+01    3.2775858297e-13
       811        438208        4.37099237e+01    3.2124137382e-13
       812        442304        4.30725191e+01    3.1655683755e-13
       813        446400        4.27709924e+01    3.1434079943e-13
       814        450496        4.20852417e+01    3.0930094902e-13
       815        454592        4.17786260e+01    3.0704750942e-13
       816        458688        4.10687023e+01    3.0183000195e-13
       817        462784        4.05445293e+01    2.9797764877e-13
       818        466880        3.97353690e+01    2.9203081230e-13
       819        470976        3.99287532e+01    2.9345206881e-13
       820        475072        3.87938931e+01    2.8511153716e-13
       821        479168        3.78473282e+01    2.7815486053e-13
       822        483264        3.77519084e+01    2.7745358265e-13
       823        487360        3.72302799e+01    2.7361993021e-13
       824        491456        3.68994911e+01    2.7118883354e-13
       825        495552        3.65890585e+01    2.6890734282e-13
       826        499648        3.56437659e+01    2.6196001656e-13
       827        503744        3.55750636e+01    2.6145509649e-13
       828        507840        3.51679389e+01    2.5846297751e-13
       829        511936        3.43460560e+01    2.5242263732e-13
       830        516032        3.41628499e+01    2.5107618378e-13
       831        520128        3.34707379e+01    2.4598958152e-13
       832        524224        3.28842239e+01    2.4167906011e-13
       833        532416        6.48358779e+01    2.3825214884e-13
       834        540608        6.26043257e+01    2.3005187277e-13
       835        548800        6.09058524e+01    2.2381049959e-13
       836        556992        5.93422392e+01    2.1806469611e-13
       837        565184        5.75585242e+01    2.1151008547e-13
       838        573376        5.54936387e+01    2.0392225875e-13
       839        581568        5.41310433e+01    1.9891513465e-13
       840        589760        5.24656489e+01    1.9279531630e-13
       841        597952        5.09007634e+01    1.8704483764e-13
       842        606144        4.95229008e+01    1.8198161131e-13
       843        614336        4.79363868e+01    1.7615165448e-13
       844        622528        4.64503817e+01    1.7069103735e-13
       845        630720        4.51755725e+01    1.6600650107e-13
       846        638912        4.35763359e+01    1.6012979239e-13
       847        647104        4.25941476e+01    1.5652054887e-13
       848        655296        4.15394402e+01    1.5264481976e-13
       849        663488        3.98905852e+01    1.4658577883e-13
       850        671680        3.89020356e+01    1.4295315938e-13
       851        679872        3.75394402e+01    1.3794603528e-13
       852        688064        3.67391858e+01    1.3500534334e-13
       853        696256        3.53117048e+01    1.2975978476e-13
       854        704448        3.41170483e+01    1.2536978520e-13
       855        712640        3.32290076e+01    1.2210650544e-13
       856        720832        3.23982188e+01    1.1905360904e-13
       857        729024        3.14478372e+01    1.1556124517e-13
       858        737216        3.03206107e+01    1.1141903046e-13
       859        745408        2.96539440e+01    1.0896923305e-13
       860        753600        2.85343511e+01    1.0485506945e-13
       861        761792        2.76552163e+01    1.0162451599e-13
       862        769984        2.69478372e+01    9.9025112629e-14
       863        778176        2.60801527e+01    9.5836635842e-14
       864        786368        2.51921120e+01    9.2573356082e-14
       865        794560        2.49033079e+01    9.1512088881e-14
       866        802752        2.38295165e+01    8.7566231979e-14
       867        810944        2.32048346e+01    8.5270715700e-14
       868        819136        2.23027990e+01    8.1956008894e-14
       869        827328        2.14949109e+01    7.8987265845e-14
       870        835520        2.06437659e+01    7.5859566475e-14
       871        843712        2.00763359e+01    7.3774433562e-14
       872        851904        1.97620865e+01    7.2619662644e-14
       873        860096        1.90814249e+01    7.0118438186e-14
       874        868288        1.82188295e+01    6.6948662143e-14
       875        876480        1.75776081e+01    6.4592368447e-14
       876        884672        1.69707379e+01    6.2362304771e-14
       877        892864        1.68536896e+01    6.1932187668e-14
       878        901056        1.59732824e+01    5.8696959022e-14
       879        909248        1.52417303e+01    5.6008727128e-14
       880        917440        1.48664122e+01    5.4629547286e-14
       881        925632        1.44287532e+01    5.3021283335e-14
       882        933824        1.42201018e+01    5.2254552847e-14
       883        942016        1.32659033e+01    4.8748163419e-14
       884        950208        1.29910941e+01    4.7738323264e-14
       885        958400        1.24605598e+01    4.5788770742e-14
       886        966592        1.20801527e+01    4.4390890157e-14
       887        974784        1.16997455e+01    4.2993009572e-14
       888        982976        1.09338422e+01    4.0178547657e-14
       889        991168        1.07977099e+01    3.9678302766e-14
       890        999360        1.02188295e+01    3.7551093179e-14
       891       1007552        9.86513995e+00    3.6251391498e-14
       892       1015744        9.69211196e+00    3.5615566215e-14
       893       1023936        9.14503817e+00    3.3605236277e-14
       894       1032128        8.57760814e+00    3.1520103364e-14
       895       1040320        8.32697201e+00    3.0599091741e-14
       896       1048512        7.99109415e+00    2.9364842662e-14
       897       1064896        1.50025445e+01    2.7564896089e-14
       898       1081280        1.38944020e+01    2.5528852628e-14
       899       1097664        1.25992366e+01    2.3149183003e-14
       900       1114048        1.15903308e+01    2.1295471792e-14
       901       1130432        1.05267176e+01    1.9341244084e-14
       902       1146816        9.40076336e+00    1.7272474322e-14
       903       1163200        8.80279898e+00    1.6173805634e-14
       904       1179584        7.75190840e+00    1.4242953856e-14
       905       1195968        6.90839695e+00    1.2693129729e-14
       906       1212352        6.20101781e+00    1.1393428048e-14
       907       1228736        5.45419847e+00    1.0021260985e-14
       908       1245120        4.82824427e+00    8.8711652525e-15
       909       1261504        4.27608142e+00    7.8566499114e-15
       910       1277888        3.66921120e+00    6.7416180733e-15
       911       1294272        3.43765903e+00    6.3161761561e-15
       912       1310656        2.77608142e+00    5.1006278211e-15
       913       1327040        2.40203562e+00    4.4133754932e-15
       914       1343424        2.06997455e+00    3.8032637328e-15
       915       1359808        1.70610687e+00    3.1347121485e-15
       916       1376192        1.43384224e+00    2.6344672568e-15
       917       1392576        1.25445293e+00    2.3048666506e-15
       918       1408960        1.02926209e+00    1.8911126981e-15
       919       1425344        8.71501272e-01    1.6012511721e-15
       920       1441728        6.13231552e-01    1.1267198028e-15
       921       1458112        4.75826972e-01    8.7425976401e-16
       922       1474496        4.33842239e-01    7.9711919660e-16
       923       1490880        3.24427481e-01    5.9608620274e-16
       924       1507264        2.18829517e-01    4.0206598773e-16
       925       1523648        1.93384224e-01    3.5531412869e-16
       926       1540032        1.46310433e-01    2.6882318947e-16
       927       1556416        1.09414758e-01    2.0103299386e-16
       928       1572800        8.39694656e-02    1.5428113483e-16
       929       1589184        5.08905852e-02    9.3503718076e-17
       930       1605568        4.70737913e-02    8.6490939221e-17
       931       1621952        2.29007634e-02    4.2076673134e-17
       932       1638336        1.27226463e-02    2.3375929519e-17
       933       1654720        6.36132316e-03    1.1687964760e-17
       934       1671104        1.14503817e-02    2.1038336567e-17
       935       1687488        2.54452926e-03    4.6751859038e-18
       936       1703872        3.81679389e-03    7.0127788557e-18
       937       1720256        0.00000000e+00    0.0000000000e+00
       938       1736640        0.00000000e+00    0.0000000000e+00
       939       1753024        1.27226463e-03    2.3375929519e-18
