         0             0        5.11221513e+06    1.2357056668e-02
         1             1        3.85754492e+08    9.3243144170e-01
         2             2        1.27842597e+07    3.0901637953e-02
         3             3        3.33255406e+06    8.0553259774e-03
         4             4        1.53574867e+06    3.7121546964e-03
         5             5        9.56977567e+05    2.3131706571e-03
         6             6        6.42982943e+05    1.5541945060e-03
         7             7        4.52810753e+05    1.0945173471e-03
         8             8        3.45236215e+05    8.3449216658e-04
         9             9        2.70348825e+05    6.5347714537e-04
        10            10        2.18055903e+05    5.2707663544e-04
        11            11        1.80265752e+05    4.3573168581e-04
        12            12        1.51729021e+05    3.6675375870e-04
        13            13        1.29615088e+05    3.1330078052e-04
        14            14        1.12214424e+05    2.7124054116e-04
        15            15        9.81880714e+04    2.3733656205e-04
        16            16        8.67311071e+04    2.0964321320e-04
        17            17        7.72595949e+04    1.8674902525e-04
        18            18        6.92930781e+04    1.6749265666e-04
        19            19        6.25542087e+04    1.5120371161e-04
        20            20        5.67871674e+04    1.3726383343e-04
        21            21        5.18047667e+04    1.2522055945e-04
        22            22        4.74826975e+04    1.1477341421e-04
        23            23        4.37071518e+04    1.0564730512e-04
        24            24        4.03752656e+04    9.7593593558e-05
        25            25        3.74293426e+04    9.0472817841e-05
        26            26        3.47888516e+04    8.4090320824e-05
        27            27        3.24501674e+04    7.8437340291e-05
        28            28        3.03435781e+04    7.3345370855e-05
        29            29        2.84381049e+04    6.8739531722e-05
        30            30        2.67084141e+04    6.4558587201e-05
        31            31        2.51472020e+04    6.0784883368e-05
        32            32        2.37207266e+04    5.7336859862e-05
        33            33        2.24155993e+04    5.4182154756e-05
        34            34        2.12217980e+04    5.1296542466e-05
        35            35        2.01345882e+04    4.8668579237e-05
        36            36        1.91142422e+04    4.6202236799e-05
        37            37        1.81779877e+04    4.3939157256e-05
        38            38        1.73122924e+04    4.1846630677e-05
        39            39        1.65041987e+04    3.9893336456e-05
        40            40        1.57601306e+04    3.8094802708e-05
        41            41        1.50705525e+04    3.6427980058e-05
        42            42        1.44117556e+04    3.4835560703e-05
        43            43        1.38175324e+04    3.3399226404e-05
        44            44        1.32462411e+04    3.2018322289e-05
        45            45        1.27120547e+04    3.0727106788e-05
        46            46        1.22127355e+04    2.9520170959e-05
        47            47        1.17396306e+04    2.8376599328e-05
        48            48        1.13009275e+04    2.7316182416e-05
        49            49        1.08817991e+04    2.6303080929e-05
        50            50        1.04950179e+04    2.5368167646e-05
        51            51        1.01092366e+04    2.4435671527e-05
        52            52        9.76086719e+03    2.3593605895e-05
        53            53        9.42538728e+03    2.2782696306e-05
        54            54        9.10949219e+03    2.2019126421e-05
        55            55        8.81424554e+03    2.1305467172e-05
        56            56        8.52743638e+03    2.0612202735e-05
        57            57        8.25890179e+03    1.9963110871e-05
        58            58        7.99966183e+03    1.9336485672e-05
        59            59        7.75523103e+03    1.8745656606e-05
        60            60        7.51475112e+03    1.8164377491e-05
        61            61        7.29601004e+03    1.7635644692e-05
        62            62        7.08184710e+03    1.7117977966e-05
        63            63        6.87611272e+03    1.6620684471e-05
        64            64        6.68576786e+03    1.6160589925e-05
        65            66        1.28173917e+04    1.5490861802e-05
        66            68        1.21253292e+04    1.4654447908e-05
        67            70        1.14946998e+04    1.3892280840e-05
        68            72        1.09153281e+04    1.3192063013e-05
        69            74        1.03740737e+04    1.2537912912e-05
        70            76        9.87521429e+03    1.1935000729e-05
        71            78        9.40826004e+03    1.1370648498e-05
        72            80        8.98253460e+03    1.0856124624e-05
        73            82        8.57974107e+03    1.0369315842e-05
        74            84        8.20975335e+03    9.9221555459e-06
        75            86        7.85307031e+03    9.4910750480e-06
        76            88        7.52342634e+03    9.0926734593e-06
        77            90        7.22050558e+03    8.7265690514e-06
        78            92        6.93104353e+03    8.3767305851e-06
        79            94        6.66396987e+03    8.0539503150e-06
        80            96        6.40275670e+03    7.7382529255e-06
        81            98        6.16210826e+03    7.4474096897e-06
        82           100        5.93549777e+03    7.1735324555e-06
        83           102        5.72144643e+03    6.9148339791e-06
        84           104        5.51839955e+03    6.6694352939e-06
        85           106        5.33067299e+03    6.4425524542e-06
        86           108        5.13853013e+03    6.2103321627e-06
        87           110        4.96649554e+03    6.0024143398e-06
        88           112        4.80207924e+03    5.8037038572e-06
        89           114        4.64970871e+03    5.6195516553e-06
        90           116        4.50036607e+03    5.4390589194e-06
        91           118        4.35611942e+03    5.2647250928e-06
        92           120        4.21995759e+03    5.1001624315e-06
        93           122        4.08973549e+03    4.9427784201e-06
        94           124        3.97336272e+03    4.8021324525e-06
        95           126        3.85641629e+03    4.6607931691e-06
        96           128        3.74157143e+03    4.5219937952e-06
        97           130        3.63122545e+03    4.3886316889e-06
        98           132        3.52822879e+03    4.2641518469e-06
        99           134        3.43064062e+03    4.1462085960e-06
       100           136        3.33406585e+03    4.0294901129e-06
       101           138        3.24340737e+03    3.9199219538e-06
       102           140        3.15835045e+03    3.8171237391e-06
       103           142        3.07432478e+03    3.7155718741e-06
       104           144        2.99454018e+03    3.6191456893e-06
       105           146        2.91562388e+03    3.5237689201e-06
       106           148        2.84630580e+03    3.4399923745e-06
       107           150        2.77392857e+03    3.3525185948e-06
       108           152        2.70207701e+03    3.2656801298e-06
       109           154        2.63082254e+03    3.1795633065e-06
       110           156        2.57224888e+03    3.1087722672e-06
       111           158        2.50964844e+03    3.0331145293e-06
       112           160        2.45365290e+03    2.9654393640e-06
       113           162        2.39319196e+03    2.8923673969e-06
       114           164        2.33578571e+03    2.8229872684e-06
       115           166        2.28631696e+03    2.7632002552e-06
       116           168        2.23610938e+03    2.7025202945e-06
       117           170        2.18355915e+03    2.6390090699e-06
       118           172        2.13523103e+03    2.5806005949e-06
       119           174        2.08829129e+03    2.5238701057e-06
       120           176        2.04484375e+03    2.4713602095e-06
       121           178        1.99918304e+03    2.4161755176e-06
       122           180        1.95539174e+03    2.3632501715e-06
       123           182        1.91400446e+03    2.3132302768e-06
       124           184        1.87463616e+03    2.2656504757e-06
       125           186        1.83306585e+03    2.2154093674e-06
       126           188        1.80169866e+03    2.1774995667e-06
       127           190        1.76454464e+03    2.1325959102e-06
       128           192        1.72841518e+03    2.0889305101e-06
       129           196        3.35134598e+03    2.0251872811e-06
       130           200        3.22250223e+03    1.9473281984e-06
       131           204        3.10277232e+03    1.8749765243e-06
       132           208        2.98594308e+03    1.8043776980e-06
       133           212        2.87940179e+03    1.7399957822e-06
       134           216        2.77378125e+03    1.6761702725e-06
       135           220        2.67912388e+03    1.6189697044e-06
       136           224        2.58189286e+03    1.5602138971e-06
       137           228        2.49413058e+03    1.5071799676e-06
       138           232        2.41292746e+03    1.4581096726e-06
       139           236        2.33618304e+03    1.4117337319e-06
       140           240        2.25796317e+03    1.3644661926e-06
       141           244        2.18507031e+03    1.3204177154e-06
       142           248        2.11600558e+03    1.2786825386e-06
       143           252        2.05268192e+03    1.2404166379e-06
       144           256        1.98916964e+03    1.2020367584e-06
       145           260        1.93105692e+03    1.1669197790e-06
       146           264        1.87096763e+03    1.1306083811e-06
       147           268        1.81650558e+03    1.0976974675e-06
       148           272        1.76320536e+03    1.0654886372e-06
       149           276        1.70974442e+03    1.0331826887e-06
       150           280        1.66562388e+03    1.0065210583e-06
       151           284        1.61682812e+03    9.7703423397e-07
       152           288        1.57556585e+03    9.5209982296e-07
       153           292        1.53363839e+03    9.2676345072e-07
       154           296        1.49274330e+03    9.0205092772e-07
       155           300        1.44882031e+03    8.7550867176e-07
       156           304        1.41319754e+03    8.5398216367e-07
       157           308        1.37798661e+03    8.3270452085e-07
       158           312        1.34079576e+03    8.1023043636e-07
       159           316        1.30857924e+03    7.9076229354e-07
       160           320        1.27633817e+03    7.7127931323e-07
       161           324        1.24326339e+03    7.5129253251e-07
       162           328        1.21444643e+03    7.3387870837e-07
       163           332        1.18514062e+03    7.1616948319e-07
       164           336        1.15739397e+03    6.9940243897e-07
       165           340        1.13166964e+03    6.8385746482e-07
       166           344        1.10280915e+03    6.6641733785e-07
       167           348        1.07882812e+03    6.5192582588e-07
       168           352        1.05321987e+03    6.3645099262e-07
       169           356        1.03029911e+03    6.2260019067e-07
       170           360        1.00563393e+03    6.0769525212e-07
       171           364        9.80373884e+02    5.9243084152e-07
       172           368        9.62204241e+02    5.8145109493e-07
       173           372        9.40614955e+02    5.6840488989e-07
       174           376        9.19703125e+02    5.5576806484e-07
       175           380        9.02363839e+02    5.4529009537e-07
       176           384        8.81400670e+02    5.3262224646e-07
       177           388        8.63693080e+02    5.2192171456e-07
       178           392        8.44986607e+02    5.1061756637e-07
       179           396        8.28985491e+02    5.0094824039e-07
       180           400        8.11371652e+02    4.9030436075e-07
       181           404        7.95726562e+02    4.8085017846e-07
       182           408        7.79628348e+02    4.7112217693e-07
       183           412        7.65290179e+02    4.6245775406e-07
       184           416        7.49061384e+02    4.5265084404e-07
       185           420        7.35416295e+02    4.4440524319e-07
       186           424        7.19638393e+02    4.3487080354e-07
       187           428        7.06190848e+02    4.2674457708e-07
       188           432        6.93227679e+02    4.1891105395e-07
       189           436        6.79030134e+02    4.1033160946e-07
       190           440        6.67469866e+02    4.0334584685e-07
       191           444        6.55366071e+02    3.9603163606e-07
       192           448        6.43661830e+02    3.8895887178e-07
       193           456        1.25261942e+03    3.7847314634e-07
       194           464        1.20618415e+03    3.6444294559e-07
       195           472        1.16761384e+03    3.5278910460e-07
       196           480        1.12625781e+03    3.4029357298e-07
       197           488        1.08721094e+03    3.2849574085e-07
       198           496        1.05349107e+03    3.1830743975e-07
       199           504        1.01662500e+03    3.0716852730e-07
       200           512        9.84304688e+02    2.9740309482e-07
       201           520        9.52782366e+02    2.8787877165e-07
       202           528        9.23122768e+02    2.7891726165e-07
       203           536        8.93965402e+02    2.7010749876e-07
       204           544        8.67501116e+02    2.6211143760e-07
       205           552        8.39747768e+02    2.5372589220e-07
       206           560        8.15790179e+02    2.4648721774e-07
       207           568        7.91755580e+02    2.3922527540e-07
       208           576        7.69508929e+02    2.3250355277e-07
       209           584        7.46825893e+02    2.2564997876e-07
       210           592        7.24454241e+02    2.1889048796e-07
       211           600        7.05532366e+02    2.1317333122e-07
       212           608        6.85333705e+02    2.0707039959e-07
       213           616        6.67203125e+02    2.0159232885e-07
       214           624        6.48732143e+02    1.9601140729e-07
       215           632        6.30595982e+02    1.9053165047e-07
       216           640        6.15090402e+02    1.8584671130e-07
       217           648        5.98945312e+02    1.8096854747e-07
       218           656        5.83266741e+02    1.7623133985e-07
       219           664        5.68220982e+02    1.7168533359e-07
       220           672        5.54559152e+02    1.6755747493e-07
       221           680        5.40356027e+02    1.6326606661e-07
       222           688        5.27285714e+02    1.5931693232e-07
       223           696        5.13146205e+02    1.5504474530e-07
       224           704        5.02061384e+02    1.5169551793e-07
       225           712        4.89121652e+02    1.4778583789e-07
       226           720        4.79148438e+02    1.4477247747e-07
       227           728        4.66738839e+02    1.4102297494e-07
       228           736        4.56465402e+02    1.3791890346e-07
       229           744        4.45150670e+02    1.3450020964e-07
       230           752        4.35035714e+02    1.3144402280e-07
       231           760        4.25043527e+02    1.2842492970e-07
       232           768        4.16767857e+02    1.2592447452e-07
       233           776        4.07263393e+02    1.2305274473e-07
       234           784        3.97318080e+02    1.2004781469e-07
       235           792        3.87992188e+02    1.1723003943e-07
       236           800        3.79939732e+02    1.1479702740e-07
       237           808        3.71800223e+02    1.1233771254e-07
       238           816        3.63579241e+02    1.0985378093e-07
       239           824        3.57575893e+02    1.0803989712e-07
       240           832        3.50287946e+02    1.0583787792e-07
       241           840        3.42541295e+02    1.0349726302e-07
       242           848        3.35222098e+02    1.0128580177e-07
       243           856        3.26933036e+02    9.8781299994e-08
       244           864        3.20926339e+02    9.6966404535e-08
       245           872        3.15859375e+02    9.5435444783e-08
       246           880        3.08777902e+02    9.3295810505e-08
       247           888        3.03232143e+02    9.1620185173e-08
       248           896        2.97135045e+02    8.9777975234e-08
       249           904        2.91385045e+02    8.8040639410e-08
       250           912        2.86328125e+02    8.6512714601e-08
       251           920        2.80005580e+02    8.4602387069e-08
       252           928        2.75066964e+02    8.3110207135e-08
       253           936        2.69015625e+02    8.1281823044e-08
       254           944        2.65489955e+02    8.0216558318e-08
       255           952        2.59968750e+02    7.8548351734e-08
       256           960        2.55993304e+02    7.7347189039e-08
       257           976        4.98449777e+02    7.5302143794e-08
       258           992        4.79754464e+02    7.2477792824e-08
       259          1008        4.63507812e+02    7.0023367593e-08
       260          1024        4.47638393e+02    6.7625931832e-08
       261          1040        4.32603795e+02    6.5354614782e-08
       262          1056        4.17950893e+02    6.3140961634e-08
       263          1072        4.04487723e+02    6.1107044510e-08
       264          1088        3.91171875e+02    5.9095383630e-08
       265          1104        3.79513393e+02    5.7334105484e-08
       266          1120        3.68187500e+02    5.5623072492e-08
       267          1136        3.56639509e+02    5.3878486529e-08
       268          1152        3.44889509e+02    5.2103382535e-08
       269          1168        3.35618304e+02    5.0702756692e-08
       270          1184        3.26839286e+02    4.9376486933e-08
       271          1200        3.17103795e+02    4.7905720203e-08
       272          1216        3.06469866e+02    4.6299224111e-08
       273          1232        3.00003348e+02    4.5322309926e-08
       274          1248        2.91587054e+02    4.4050837735e-08
       275          1264        2.85825893e+02    4.3180483744e-08
       276          1280        2.76646205e+02    4.1793683749e-08
       277          1296        2.69138393e+02    4.0659458391e-08
       278          1312        2.63593750e+02    3.9821814333e-08
       279          1328        2.57283482e+02    3.8868505254e-08
       280          1344        2.50765625e+02    3.7883835106e-08
       281          1360        2.45304688e+02    3.7058836640e-08
       282          1376        2.39026786e+02    3.6110417191e-08
       283          1392        2.33785714e+02    3.5318634482e-08
       284          1408        2.28349330e+02    3.4497345391e-08
       285          1424        2.24062500e+02    3.3849722439e-08
       286          1440        2.19225446e+02    3.3118975791e-08
       287          1456        2.14060268e+02    3.2338658419e-08
       288          1472        2.10075893e+02    3.1736728209e-08
       289          1488        2.07046875e+02    3.1279126362e-08
       290          1504        2.02547991e+02    3.0599467909e-08
       291          1520        1.98888393e+02    3.0046602597e-08
       292          1536        1.95526786e+02    2.9538755596e-08
       293          1552        1.92158482e+02    2.9029896947e-08
       294          1568        1.88763393e+02    2.8516991709e-08
       295          1584        1.85419643e+02    2.8011842434e-08
       296          1600        1.82450893e+02    2.7563345414e-08
       297          1616        1.79202009e+02    2.7072527811e-08
       298          1632        1.77328125e+02    2.6789435143e-08
       299          1648        1.74629464e+02    2.6381741236e-08
       300          1664        1.71573661e+02    2.5920092800e-08
       301          1680        1.69080357e+02    2.5543422746e-08
       302          1696        1.67043527e+02    2.5235713325e-08
       303          1712        1.65226562e+02    2.4961219660e-08
       304          1728        1.62108259e+02    2.4490129182e-08
       305          1744        1.60632812e+02    2.4267229535e-08
       306          1760        1.57665179e+02    2.3818901123e-08
       307          1776        1.56892857e+02    2.3702224455e-08
       308          1792        1.54824777e+02    2.3389794012e-08
       309          1808        1.52489955e+02    2.3037066281e-08
       310          1824        1.51921875e+02    2.2951244858e-08
       311          1840        1.49421875e+02    2.2573563158e-08
       312          1856        1.48159598e+02    2.2382867620e-08
       313          1872        1.46590402e+02    2.2145804910e-08
       314          1888        1.44597098e+02    2.1844671197e-08
       315          1904        1.43126116e+02    2.1622445981e-08
       316          1920        1.42342634e+02    2.1504083234e-08
       317          1936        1.40047991e+02    2.1157425387e-08
       318          1952        1.39558036e+02    2.1083406518e-08
       319          1968        1.37717634e+02    2.0805372088e-08
       320          1984        1.36555804e+02    2.0629851261e-08
       321          2016        2.67280134e+02    2.0189363117e-08
       322          2048        2.64208705e+02    1.9957358644e-08
       323          2080        2.58296875e+02    1.9510800615e-08
       324          2112        2.54369420e+02    1.9214135011e-08
       325          2144        2.50587054e+02    1.8928428921e-08
       326          2176        2.46565848e+02    1.8624681785e-08
       327          2208        2.41448661e+02    1.8238148169e-08
       328          2240        2.38081473e+02    1.7983803149e-08
       329          2272        2.33693080e+02    1.7652320013e-08
       330          2304        2.29717634e+02    1.7352029339e-08
       331          2336        2.25847098e+02    1.7059663237e-08
       332          2368        2.21821429e+02    1.6755578886e-08
       333          2400        2.18205357e+02    1.6482434084e-08
       334          2432        2.14133929e+02    1.6174893270e-08
       335          2464        2.10797991e+02    1.5922908761e-08
       336          2496        2.07150670e+02    1.5647403449e-08
       337          2528        2.03592634e+02    1.5378642452e-08
       338          2560        1.99659598e+02    1.5081555329e-08
       339          2592        1.96445312e+02    1.4838759950e-08
       340          2624        1.92014509e+02    1.4504073264e-08
       341          2656        1.89227679e+02    1.4293566298e-08
       342          2688        1.85353795e+02    1.4000947284e-08
       343          2720        1.83491071e+02    1.3860243990e-08
       344          2752        1.79533482e+02    1.3561302179e-08
       345          2784        1.77131696e+02    1.3379880076e-08
       346          2816        1.72712054e+02    1.3046036430e-08
       347          2848        1.68629464e+02    1.2737652577e-08
       348          2880        1.66250000e+02    1.2557916553e-08
       349          2912        1.62926339e+02    1.2306859387e-08
       350          2944        1.59443080e+02    1.2043746756e-08
       351          2976        1.56708705e+02    1.1837202075e-08
       352          3008        1.53565848e+02    1.1599802149e-08
       353          3040        1.49784598e+02    1.1314180363e-08
       354          3072        1.46651786e+02    1.1077539172e-08
       355          3104        1.44207589e+02    1.0892913519e-08
       356          3136        1.41421875e+02    1.0682490857e-08
       357          3168        1.38424107e+02    1.0456050445e-08
       358          3200        1.35719866e+02    1.0251781971e-08
       359          3232        1.32964286e+02    1.0043635516e-08
       360          3264        1.29368304e+02    9.7720081858e-09
       361          3296        1.27188616e+02    9.6073625693e-09
       362          3328        1.24714286e+02    9.4204607097e-09
       363          3360        1.21866071e+02    9.2053170266e-09
       364          3392        1.19455357e+02    9.0232204922e-09
       365          3424        1.16780134e+02    8.8211439215e-09
       366          3456        1.14148438e+02    8.6223552048e-09
       367          3488        1.11421875e+02    8.4164006524e-09
       368          3520        1.09310268e+02    8.2568975769e-09
       369          3552        1.06944196e+02    8.0781732006e-09
       370          3584        1.05526786e+02    7.9711071827e-09
       371          3616        1.02102679e+02    7.7124626608e-09
       372          3648        1.00280134e+02    7.5747943087e-09
       373          3680        9.81138393e+01    7.4111603396e-09
       374          3712        9.66238839e+01    7.2986145650e-09
       375          3744        9.36428571e+01    7.0734387116e-09
       376          3776        9.18526786e+01    6.9382151741e-09
       377          3808        8.98247768e+01    6.7850348950e-09
       378          3840        8.76395089e+01    6.6199677587e-09
       379          3872        8.61707589e+01    6.5090237591e-09
       380          3904        8.41104911e+01    6.3533986654e-09
       381          3936        8.27388393e+01    6.2497891095e-09
       382          3968        8.05055804e+01    6.0810969034e-09
       383          4000        7.95479911e+01    6.0087641134e-09
       384          4032        7.70033482e+01    5.8165511049e-09
       385          4096        1.49366071e+02    5.6412831906e-09
       386          4160        1.43845982e+02    5.4327995196e-09
       387          4224        1.36991071e+02    5.1739020858e-09
       388          4288        1.30169643e+02    4.9162692113e-09
       389          4352        1.26101562e+02    4.7626252605e-09
       390          4416        1.21224330e+02    4.5784211274e-09
       391          4480        1.15149554e+02    4.3489879245e-09
       392          4544        1.09867188e+02    4.1494826242e-09
       393          4608        1.04126116e+02    3.9326528621e-09
       394          4672        1.00536830e+02    3.7970921087e-09
       395          4736        9.60736607e+01    3.6285263585e-09
       396          4800        9.21908482e+01    3.4818796356e-09
       397          4864        8.82879464e+01    3.3344741772e-09
       398          4928        8.40669643e+01    3.1750554057e-09
       399          4992        8.03984375e+01    3.0365018621e-09
       400          5056        7.65178571e+01    2.8899394431e-09
       401          5120        7.31863839e+01    2.7641157961e-09
       402          5184        6.94564732e+01    2.6232438939e-09
       403          5248        6.65781250e+01    2.5145339489e-09
       404          5312        6.35345982e+01    2.3995855116e-09
       405          5376        5.99441964e+01    2.2639826063e-09
       406          5440        5.72600446e+01    2.1626071051e-09
       407          5504        5.47678571e+01    2.0684817438e-09
       408          5568        5.16875000e+01    1.9521422913e-09
       409          5632        4.92332589e+01    1.8594500970e-09
       410          5696        4.68772321e+01    1.7704672767e-09
       411          5760        4.48861607e+01    1.6952681523e-09
       412          5824        4.20569196e+01    1.5884128943e-09
       413          5888        4.00970982e+01    1.5143940253e-09
       414          5952        3.79207589e+01    1.4321976730e-09
       415          6016        3.59218750e+01    1.3567034848e-09
       416          6080        3.38158482e+01    1.2771627069e-09
       417          6144        3.23571429e+01    1.2220700749e-09
       418          6208        3.03917411e+01    1.1478404460e-09
       419          6272        2.86227679e+01    1.0810295647e-09
       420          6336        2.71573661e+01    1.0256840208e-09
       421          6400        2.54330357e+01    9.6055921863e-10
       422          6464        2.39084821e+01    9.0297962004e-10
       423          6528        2.27187500e+01    8.5804561412e-10
       424          6592        2.14330357e+01    8.0948653829e-10
       425          6656        1.98828125e+01    7.5093744427e-10
       426          6720        1.85245536e+01    6.9963849003e-10
       427          6784        1.76149554e+01    6.6528462997e-10
       428          6848        1.61707589e+01    6.1073997362e-10
       429          6912        1.53180804e+01    5.7853586430e-10
       430          6976        1.42555804e+01    5.3840718359e-10
       431          7040        1.32031250e+01    4.9865787065e-10
       432          7104        1.24185268e+01    4.6902503185e-10
       433          7168        1.15837054e+01    4.3749535414e-10
       434          7232        1.07946429e+01    4.0769390743e-10
       435          7296        9.91517857e+00    3.7447815071e-10
       436          7360        9.09151786e+00    3.4336999276e-10
       437          7424        8.61941964e+00    3.2553970710e-10
       438          7488        7.69419643e+00    2.9059571938e-10
       439          7552        7.21763393e+00    2.7259682582e-10
       440          7616        6.59933036e+00    2.4924463137e-10
       441          7680        6.02790179e+00    2.2766281990e-10
       442          7744        5.62500000e+00    2.1244595673e-10
       443          7808        5.10602679e+00    1.9284528810e-10
       444          7872        4.65178571e+00    1.7568943406e-10
       445          7936        4.26227679e+00    1.6097839459e-10
       446          8000        3.88058036e+00    1.4656241896e-10
       447          8064        3.44531250e+00    1.3012314850e-10
       448          8128        3.08370536e+00    1.1646590842e-10
       449          8256        5.35825893e+00    1.0118581729e-10
       450          8384        4.35044643e+00    8.2154200330e-11
       451          8512        3.48214286e+00    6.5757081844e-11
       452          8640        2.75334821e+00    5.1994461830e-11
       453          8768        2.11941964e+00    4.0023300776e-11
       454          8896        1.64732143e+00    3.1108157949e-11
       455          9024        1.23660714e+00    2.3352194450e-11
       456          9152        9.09598214e-01    1.7176930033e-11
       457          9280        6.47321429e-01    1.2224072907e-11
       458          9408        5.15625000e-01    9.7371063500e-12
       459          9536        3.61607143e-01    6.8286200377e-12
       460          9664        2.53348214e-01    4.7842492239e-12
       461          9792        2.02008929e-01    3.8147537865e-12
       462          9920        1.17187500e-01    2.2129787159e-12
       463         10048        8.25892857e-02    1.5596230950e-12
       464         10176        7.58928571e-02    1.4331671684e-12
       465         10304        3.57142857e-02    6.7443160866e-13
       466         10432        2.67857143e-02    5.0582370649e-13
       467         10560        1.11607143e-02    2.1075987771e-13
       468         10688        7.81250000e-03    1.4753191439e-13
       469         10816        3.34821429e-03    6.3227963312e-14
       470         10944        2.23214286e-03    4.2151975541e-14
       471         11072        0.00000000e+00    0.0000000000e+00
       472         11200        0.00000000e+00    0.0000000000e+00
       473         11328        1.11607143e-03    2.1075987771e-14
