         0             0        1.67772280e+10    3.3333357175e-01
         1             1        3.14203025e+10    6.2426532265e-01
         2             2        1.10956031e+09    2.2044982786e-02
         3             3        3.06377305e+08    6.0871701533e-03
         4             4        1.47423100e+08    2.9290338372e-03
         5             5        9.39133616e+07    1.8658908535e-03
         6             6        6.43717081e+07    1.2789509319e-03
         7             7        4.63816936e+07    9.2152145773e-04
         8             8        3.59180283e+07    7.1362710532e-04
         9             9        2.85460505e+07    5.6715906594e-04
        10            10        2.33377497e+07    4.6367942640e-04
        11            11        1.95259141e+07    3.8794505767e-04
        12            12        1.66116152e+07    3.3004314140e-04
        13            13        1.43327922e+07    2.8476699654e-04
        14            14        1.25235384e+07    2.4882035159e-04
        15            15        1.10509649e+07    2.1956294485e-04
        16            16        9.83891710e+06    1.9548171957e-04
        17            17        8.82712707e+06    1.7537925773e-04
        18            18        7.97241215e+06    1.5839759812e-04
        19            19        7.24262174e+06    1.4389796535e-04
        20            20        6.61496038e+06    1.3142745464e-04
        21            21        6.06984435e+06    1.2059697206e-04
        22            22        5.59322969e+06    1.1112748955e-04
        23            23        5.17392384e+06    1.0279663080e-04
        24            24        4.80269773e+06    9.5421030812e-05
        25            25        4.47216913e+06    8.8854017523e-05
        26            26        4.17663290e+06    8.2982240197e-05
        27            27        3.91096759e+06    7.7703944613e-05
        28            28        3.67140989e+06    7.2944360692e-05
        29            29        3.45434606e+06    6.8631689977e-05
        30            30        3.25699507e+06    6.4710678046e-05
        31            31        3.07697998e+06    6.1134099604e-05
        32            32        2.91230270e+06    5.7862256022e-05
        33            33        2.76132086e+06    5.4862516354e-05
        34            34        2.62207135e+06    5.2095877156e-05
        35            35        2.49392092e+06    4.9549756753e-05
        36            36        2.37520755e+06    4.7191134070e-05
        37            37        2.26543577e+06    4.5010164737e-05
        38            38        2.16328066e+06    4.2980525076e-05
        39            39        2.06828518e+06    4.1093134575e-05
        40            40        1.97964454e+06    3.9332003166e-05
        41            41        1.89692043e+06    3.7688422891e-05
        42            42        1.81957412e+06    3.6151689775e-05
        43            43        1.74698727e+06    3.4709518537e-05
        44            44        1.67895540e+06    3.3357846813e-05
        45            45        1.61487001e+06    3.2084584440e-05
        46            46        1.55458624e+06    3.0886853455e-05
        47            47        1.49779462e+06    2.9758505485e-05
        48            48        1.44416799e+06    2.8693039983e-05
        49            49        1.39356400e+06    2.7687629115e-05
        50            50        1.34558220e+06    2.6734316324e-05
        51            51        1.30015529e+06    2.5831764809e-05
        52            52        1.25704497e+06    2.4975239670e-05
        53            53        1.21619597e+06    2.4163642908e-05
        54            54        1.17737180e+06    2.3392275918e-05
        55            55        1.14044767e+06    2.2658659505e-05
        56            56        1.10520829e+06    2.1958515812e-05
        57            57        1.07184217e+06    2.1295590533e-05
        58            58        1.03983877e+06    2.0659740129e-05
        59            59        1.00933360e+06    2.0053656820e-05
        60            60        9.80253327e+05    1.9475883780e-05
        61            61        9.52483722e+05    1.8924151297e-05
        62            62        9.25794936e+05    1.8393892763e-05
        63            63        9.00311768e+05    1.7887587705e-05
        64            64        8.75929933e+05    1.7403164175e-05
        65            66        1.68256209e+06    1.6714752625e-05
        66            68        1.59625208e+06    1.5857339682e-05
        67            70        1.51679383e+06    1.5067992952e-05
        68            72        1.44313668e+06    1.4336274883e-05
        69            74        1.37488584e+06    1.3658263694e-05
        70            76        1.31147010e+06    1.3028284946e-05
        71            78        1.25244145e+06    1.2441887968e-05
        72            80        1.19745214e+06    1.1895618250e-05
        73            82        1.14603638e+06    1.1384848512e-05
        74            84        1.09791436e+06    1.0906799227e-05
        75            86        1.05285094e+06    1.0459134365e-05
        76            88        1.01057784e+06    1.0039188834e-05
        77            90        9.70834303e+05    9.6443722900e-06
        78            92        9.33375760e+05    9.2722551054e-06
        79            94        8.98161768e+05    8.9224355216e-06
        80            96        8.64845113e+05    8.5914642893e-06
        81            98        8.33459545e+05    8.2796766845e-06
        82           100        8.03811506e+05    7.9851498844e-06
        83           102        7.75601400e+05    7.7049076557e-06
        84           104        7.48918354e+05    7.4398354078e-06
        85           106        7.23670292e+05    7.1890184513e-06
        86           108        6.99571429e+05    6.9496177583e-06
        87           110        6.76754086e+05    6.7229478151e-06
        88           112        6.55022244e+05    6.5070613582e-06
        89           114        6.34299831e+05    6.3012026824e-06
        90           116        6.14633942e+05    6.1058396330e-06
        91           118        5.95800109e+05    5.9187423088e-06
        92           120        5.77864756e+05    5.7405705890e-06
        93           122        5.60716050e+05    5.5702134967e-06
        94           124        5.44285983e+05    5.4069954488e-06
        95           126        5.28596538e+05    5.2511348174e-06
        96           128        5.13597836e+05    5.1021360944e-06
        97           130        4.99175428e+05    4.9588623465e-06
        98           132        4.85431358e+05    4.8223272730e-06
        99           134        4.72203645e+05    4.6909217524e-06
       100           136        4.59510560e+05    4.5648272858e-06
       101           138        4.47323572e+05    4.4437604328e-06
       102           140        4.35601090e+05    4.3273080363e-06
       103           142        4.24356736e+05    4.2156054169e-06
       104           144        4.13520759e+05    4.1079596577e-06
       105           146        4.03145114e+05    4.0048868865e-06
       106           148        3.93124796e+05    3.9053439712e-06
       107           150        3.83438108e+05    3.8091153671e-06
       108           152        3.74079159e+05    3.7161425648e-06
       109           154        3.65158953e+05    3.6275282757e-06
       110           156        3.56493571e+05    3.5414454392e-06
       111           158        3.48109499e+05    3.4581571690e-06
       112           160        3.40063668e+05    3.3782290215e-06
       113           162        3.32257164e+05    3.3006783734e-06
       114           164        3.24767391e+05    3.2262741628e-06
       115           166        3.17456150e+05    3.1536435088e-06
       116           168        3.10409515e+05    3.0836414832e-06
       117           170        3.03605092e+05    3.0160456132e-06
       118           172        2.97030141e+05    2.9507293406e-06
       119           174        2.90647399e+05    2.8873224926e-06
       120           176        2.84436641e+05    2.8256241582e-06
       121           178        2.78467672e+05    2.7663277765e-06
       122           180        2.72669200e+05    2.7087251345e-06
       123           182        2.67049558e+05    2.6528990040e-06
       124           184        2.61549650e+05    2.5982623299e-06
       125           186        2.56320550e+05    2.5463158886e-06
       126           188        2.51172267e+05    2.4951722887e-06
       127           190        2.46126526e+05    2.4450473551e-06
       128           192        2.41344441e+05    2.3975416126e-06
       129           196        4.68680495e+05    2.3279612008e-06
       130           200        4.50929287e+05    2.2397899984e-06
       131           204        4.34131428e+05    2.1563541303e-06
       132           208        4.18279492e+05    2.0776167130e-06
       133           212        4.03292049e+05    2.0031732754e-06
       134           216        3.89016337e+05    1.9322650491e-06
       135           220        3.75510751e+05    1.8651820783e-06
       136           224        3.62649950e+05    1.8013017873e-06
       137           228        3.50435285e+05    1.7406308880e-06
       138           232        3.38804278e+05    1.6828590542e-06
       139           236        3.27819387e+05    1.6282965103e-06
       140           240        3.17277788e+05    1.5759358230e-06
       141           244        3.07236931e+05    1.5260623434e-06
       142           248        2.97630856e+05    1.4783484559e-06
       143           252        2.88506282e+05    1.4330262048e-06
       144           256        2.79743985e+05    1.3895034026e-06
       145           260        2.71380647e+05    1.3479622574e-06
       146           264        2.63397099e+05    1.3083075420e-06
       147           268        2.55729577e+05    1.2702225493e-06
       148           272        2.48373408e+05    1.2336840614e-06
       149           276        2.41327379e+05    1.1986860607e-06
       150           280        2.34582982e+05    1.1651862763e-06
       151           284        2.28077151e+05    1.1328714653e-06
       152           288        2.21871192e+05    1.1020461336e-06
       153           292        2.15934879e+05    1.0725601489e-06
       154           296        2.10192173e+05    1.0440358176e-06
       155           300        2.04668663e+05    1.0166002453e-06
       156           304        1.99347060e+05    9.9016755947e-07
       157           308        1.94213145e+05    9.6466712590e-07
       158           312        1.89288956e+05    9.4020841723e-07
       159           316        1.84585335e+05    9.1684527504e-07
       160           320        1.79976003e+05    8.9395047508e-07
       161           324        1.75577650e+05    8.7210362157e-07
       162           328        1.71315667e+05    8.5093412135e-07
       163           332        1.67199949e+05    8.3049112915e-07
       164           336        1.63242188e+05    8.1083272130e-07
       165           340        1.59431913e+05    7.9190687746e-07
       166           344        1.55696653e+05    7.7335363907e-07
       167           348        1.52129273e+05    7.5563427348e-07
       168           352        1.48675246e+05    7.3847793616e-07
       169           356        1.45323113e+05    7.2182770978e-07
       170           360        1.42105176e+05    7.0584404290e-07
       171           364        1.38959081e+05    6.9021722063e-07
       172           368        1.35956528e+05    6.7530338072e-07
       173           372        1.33000237e+05    6.6061932435e-07
       174           376        1.30163722e+05    6.4653020002e-07
       175           380        1.27415968e+05    6.3288195903e-07
       176           384        1.24716164e+05    6.1947188826e-07
       177           388        1.22134504e+05    6.0664864305e-07
       178           392        1.19600995e+05    5.9406456785e-07
       179           396        1.17154237e+05    5.8191139092e-07
       180           400        1.14802012e+05    5.7022775977e-07
       181           404        1.12488382e+05    5.5873583780e-07
       182           408        1.10248909e+05    5.4761225469e-07
       183           412        1.08077365e+05    5.3682608100e-07
       184           416        1.05975971e+05    5.2638833976e-07
       185           420        1.03919760e+05    5.1617503294e-07
       186           424        1.01913774e+05    5.0621119320e-07
       187           428        9.99726141e+04    4.9656934591e-07
       188           432        9.81103846e+04    4.8731955198e-07
       189           436        9.62695167e+04    4.7817586197e-07
       190           440        9.44760064e+04    4.6926740016e-07
       191           444        9.27376603e+04    4.6063294141e-07
       192           448        9.10527987e+04    4.5226414362e-07
       193           456        1.77197063e+05    4.4007366603e-07
       194           464        1.70981121e+05    4.2463620631e-07
       195           472        1.65024233e+05    4.0984211697e-07
       196           480        1.59387000e+05    3.9584189654e-07
       197           488        1.53990276e+05    3.8243898660e-07
       198           496        1.48903464e+05    3.6980575349e-07
       199           504        1.44013933e+05    3.5766247246e-07
       200           512        1.39385703e+05    3.4616813701e-07
       201           520        1.34945478e+05    3.3514072052e-07
       202           528        1.30720929e+05    3.2464894028e-07
       203           536        1.26729823e+05    3.1473692029e-07
       204           544        1.22839337e+05    3.0507479404e-07
       205           552        1.19134247e+05    2.9587310413e-07
       206           560        1.15617678e+05    2.8713960997e-07
       207           568        1.12233665e+05    2.7873532321e-07
       208           576        1.08990051e+05    2.7067972045e-07
       209           584        1.05881526e+05    2.6295961351e-07
       210           592        1.02896549e+05    2.5554634312e-07
       211           600        1.00063312e+05    2.4850992247e-07
       212           608        9.73064910e+04    2.4166328466e-07
       213           616        9.46750718e+04    2.3512808431e-07
       214           624        9.21344397e+04    2.2881835635e-07
       215           632        8.96876628e+04    2.2274172013e-07
       216           640        8.73477833e+04    2.1693056656e-07
       217           648        8.50833423e+04    2.1130676644e-07
       218           656        8.29072731e+04    2.0590244004e-07
       219           664        8.08250500e+04    2.0073118309e-07
       220           672        7.87882308e+04    1.9567268781e-07
       221           680        7.68455628e+04    1.9084801977e-07
       222           688        7.49585615e+04    1.8616160139e-07
       223           696        7.31703167e+04    1.8172044721e-07
       224           704        7.14151256e+04    1.7736138314e-07
       225           712        6.97191372e+04    1.7314935024e-07
       226           720        6.80912679e+04    1.6910649327e-07
       227           728        6.65088821e+04    1.6517659538e-07
       228           736        6.49858667e+04    1.6139414575e-07
       229           744        6.35141410e+04    1.5773907559e-07
       230           752        6.20935513e+04    1.5421100279e-07
       231           760        6.06924974e+04    1.5073144793e-07
       232           768        5.93749705e+04    1.4745933442e-07
       233           776        5.80791372e+04    1.4424109752e-07
       234           784        5.68223551e+04    1.4111984553e-07
       235           792        5.56165051e+04    1.3812508466e-07
       236           800        5.44329103e+04    1.3518559500e-07
       237           808        5.32938192e+04    1.3235663183e-07
       238           816        5.21906705e+04    1.2961693235e-07
       239           824        5.11173538e+04    1.2695132158e-07
       240           832        5.00721962e+04    1.2435564437e-07
       241           840        4.90692308e+04    1.2186475289e-07
       242           848        4.80870564e+04    1.1942549648e-07
       243           856        4.71122603e+04    1.1700456405e-07
       244           864        4.61866718e+04    1.1470584024e-07
       245           872        4.52986333e+04    1.1250037286e-07
       246           880        4.44258192e+04    1.1033271559e-07
       247           888        4.35692321e+04    1.0820535832e-07
       248           896        4.27449910e+04    1.0615833358e-07
       249           904        4.19397205e+04    1.0415842263e-07
       250           912        4.11609038e+04    1.0222421052e-07
       251           920        4.03887897e+04    1.0030664440e-07
       252           928        3.96530692e+04    9.8479462740e-08
       253           936        3.89296654e+04    9.6682869853e-08
       254           944        3.82370551e+04    9.4962753674e-08
       255           952        3.75509705e+04    9.3258844100e-08
       256           960        3.68739603e+04    9.1577470940e-08
       257           976        7.18296269e+04    8.9195404107e-08
       258           992        6.93606167e+04    8.6129477455e-08
       259          1008        6.69994821e+04    8.3197506829e-08
       260          1024        6.47832526e+04    8.0445474094e-08
       261          1040        6.26626974e+04    7.7812246278e-08
       262          1056        6.06321397e+04    7.5290773988e-08
       263          1072        5.87155013e+04    7.2910762432e-08
       264          1088        5.68512859e+04    7.0595847937e-08
       265          1104        5.51027372e+04    6.8424564078e-08
       266          1120        5.34177385e+04    6.6332194286e-08
       267          1136        5.18051897e+04    6.4329790254e-08
       268          1152        5.02764026e+04    6.2431398238e-08
       269          1168        4.88170641e+04    6.0619245100e-08
       270          1184        4.73866179e+04    5.8842969374e-08
       271          1200        4.60298077e+04    5.7158132012e-08
       272          1216        4.47339526e+04    5.5548986500e-08
       273          1232        4.35005833e+04    5.4017433690e-08
       274          1248        4.22990744e+04    5.2525443781e-08
       275          1264        4.11508231e+04    5.1099587328e-08
       276          1280        4.00714718e+04    4.9759288374e-08
       277          1296        3.89981641e+04    4.8426494130e-08
       278          1312        3.79685192e+04    4.7147918779e-08
       279          1328        3.69974359e+04    4.5942063006e-08
       280          1344        3.60656359e+04    4.4784987839e-08
       281          1360        3.51437372e+04    4.3640207722e-08
       282          1376        3.42716821e+04    4.2557321553e-08
       283          1392        3.34235308e+04    4.1504118305e-08
       284          1408        3.26036667e+04    4.0486041043e-08
       285          1424        3.18207615e+04    3.9513858083e-08
       286          1440        3.10780256e+04    3.8591555805e-08
       287          1456        3.03439359e+04    3.7679990005e-08
       288          1472        2.96318923e+04    3.6795800313e-08
       289          1488        2.89546718e+04    3.5954852644e-08
       290          1504        2.82992372e+04    3.5140957906e-08
       291          1520        2.76578487e+04    3.4344505169e-08
       292          1536        2.70319205e+04    3.3567250412e-08
       293          1552        2.64399705e+04    3.2832188548e-08
       294          1568        2.58533256e+04    3.2103714398e-08
       295          1584        2.52935077e+04    3.1408552940e-08
       296          1600        2.47601936e+04    3.0746302989e-08
       297          1616        2.42322308e+04    3.0090698065e-08
       298          1632        2.37196179e+04    2.9454154209e-08
       299          1648        2.32279192e+04    2.8843580721e-08
       300          1664        2.27512654e+04    2.8251689405e-08
       301          1680        2.22832615e+04    2.7670539343e-08
       302          1696        2.18383372e+04    2.7118048543e-08
       303          1712        2.14019397e+04    2.6576146165e-08
       304          1728        2.09670346e+04    2.6036096880e-08
       305          1744        2.05610744e+04    2.5531990279e-08
       306          1760        2.01649077e+04    2.5040044999e-08
       307          1776        1.97790282e+04    2.4560873962e-08
       308          1792        1.93994090e+04    2.4089476683e-08
       309          1808        1.90300808e+04    2.3630858423e-08
       310          1824        1.86692603e+04    2.3182804704e-08
       311          1840        1.83263410e+04    2.2756980143e-08
       312          1856        1.79920295e+04    2.2341844299e-08
       313          1872        1.76539038e+04    2.1921972243e-08
       314          1888        1.73266218e+04    2.1515565359e-08
       315          1904        1.70131359e+04    2.1126290035e-08
       316          1920        1.67060603e+04    2.0744974733e-08
       317          1936        1.64232705e+04    2.0393816770e-08
       318          1952        1.61311590e+04    2.0031083343e-08
       319          1968        1.58519603e+04    1.9684384585e-08
       320          1984        1.55678372e+04    1.9331570938e-08
       321          2016        3.03529744e+04    1.8845606818e-08
       322          2048        2.93381577e+04    1.8215525704e-08
       323          2080        2.83804487e+04    1.7620901713e-08
       324          2112        2.74609795e+04    1.7050020078e-08
       325          2144        2.65792833e+04    1.6502591057e-08
       326          2176        2.57485962e+04    1.5986832575e-08
       327          2208        2.49424256e+04    1.5486296043e-08
       328          2240        2.41818333e+04    1.5014058186e-08
       329          2272        2.34558385e+04    1.4563301244e-08
       330          2304        2.27577808e+04    1.4129889986e-08
       331          2336        2.20822744e+04    1.3710480406e-08
       332          2368        2.14465090e+04    1.3315745303e-08
       333          2400        2.08448308e+04    1.2942174306e-08
       334          2432        2.02715077e+04    1.2586208490e-08
       335          2464        1.96861769e+04    1.2222787318e-08
       336          2496        1.91499436e+04    1.1889849845e-08
       337          2528        1.86337654e+04    1.1569364235e-08
       338          2560        1.81267551e+04    1.1254570837e-08
       339          2592        1.76623692e+04    1.0966242124e-08
       340          2624        1.71975923e+04    1.0677670630e-08
       341          2656        1.67559115e+04    1.0403439116e-08
       342          2688        1.63136128e+04    1.0128823929e-08
       343          2720        1.59279782e+04    9.8893904470e-09
       344          2752        1.55261231e+04    9.6398859452e-09
       345          2784        1.51365936e+04    9.3980342086e-09
       346          2816        1.47760269e+04    9.1741649578e-09
       347          2848        1.44302179e+04    8.9594584882e-09
       348          2880        1.40791603e+04    8.7414931856e-09
       349          2912        1.37479526e+04    8.5358523852e-09
       350          2944        1.34292141e+04    8.3379535021e-09
       351          2976        1.31190564e+04    8.1453822617e-09
       352          3008        1.28271718e+04    7.9641564407e-09
       353          3040        1.25394910e+04    7.7855407109e-09
       354          3072        1.22550564e+04    7.6089404587e-09
       355          3104        1.19829654e+04    7.4400041157e-09
       356          3136        1.17243205e+04    7.2794162438e-09
       357          3168        1.14782167e+04    7.1266148654e-09
       358          3200        1.12301256e+04    6.9725796835e-09
       359          3232        1.09883308e+04    6.8224536685e-09
       360          3264        1.07578590e+04    6.6793579449e-09
       361          3296        1.05329628e+04    6.5397240349e-09
       362          3328        1.03165321e+04    6.4053461274e-09
       363          3360        1.01162051e+04    6.2809668036e-09
       364          3392        9.91502564e+03    6.1560581383e-09
       365          3424        9.71348718e+03    6.0309265923e-09
       366          3456        9.52865000e+03    5.9161645671e-09
       367          3488        9.33366538e+03    5.7951021844e-09
       368          3520        9.15590769e+03    5.6847356833e-09
       369          3552        8.97681538e+03    5.5735405439e-09
       370          3584        8.80995769e+03    5.4699416535e-09
       371          3616        8.63988077e+03    5.3643440016e-09
       372          3648        8.47908718e+03    5.2645102016e-09
       373          3680        8.32316667e+03    5.1677020060e-09
       374          3712        8.17687692e+03    5.0768733789e-09
       375          3744        8.02005513e+03    4.9795055937e-09
       376          3776        7.87890513e+03    4.8918681395e-09
       377          3808        7.73868462e+03    4.8048077868e-09
       378          3840        7.59633974e+03    4.7164284585e-09
       379          3872        7.46515256e+03    4.6349767373e-09
       380          3904        7.33645769e+03    4.5550724444e-09
       381          3936        7.20481282e+03    4.4733365504e-09
       382          3968        7.08562051e+03    4.3993322258e-09
       383          4000        6.96351154e+03    4.3235169963e-09
       384          4032        6.84926410e+03    4.2525828522e-09
       385          4096        1.33562295e+04    4.1463193444e-09
       386          4160        1.29228808e+04    4.0117901965e-09
       387          4224        1.25017718e+04    3.8810607651e-09
       388          4288        1.21115231e+04    3.7599116182e-09
       389          4352        1.17230077e+04    3.6393005688e-09
       390          4416        1.13614615e+04    3.5270618705e-09
       391          4480        1.10247641e+04    3.4225372295e-09
       392          4544        1.06956423e+04    3.3203643771e-09
       393          4608        1.03803551e+04    3.2224863545e-09
       394          4672        1.00751410e+04    3.1277354265e-09
       395          4736        9.78646282e+03    3.0381179168e-09
       396          4800        9.50641538e+03    2.9511797505e-09
       397          4864        9.24530769e+03    2.8701212544e-09
       398          4928        8.99294103e+03    2.7917763298e-09
       399          4992        8.74732692e+03    2.7155276770e-09
       400          5056        8.51090897e+03    2.6421338861e-09
       401          5120        8.28839615e+03    2.5730568152e-09
       402          5184        8.06733462e+03    2.5044302814e-09
       403          5248        7.85804231e+03    2.4394573978e-09
       404          5312        7.65565000e+03    2.3766265561e-09
       405          5376        7.47045641e+03    2.3191348992e-09
       406          5440        7.28043333e+03    2.2601439721e-09
       407          5504        7.09632564e+03    2.2029894221e-09
       408          5568        6.92350000e+03    2.1493372818e-09
       409          5632        6.75910256e+03    2.0983016007e-09
       410          5696        6.60447179e+03    2.0502978920e-09
       411          5760        6.44654744e+03    2.0012717185e-09
       412          5824        6.29324359e+03    1.9536799409e-09
       413          5888        6.14874487e+03    1.9088216349e-09
       414          5952        6.00709744e+03    1.8648484833e-09
       415          6016        5.87368205e+03    1.8234308968e-09
       416          6080        5.74099231e+03    1.7822385790e-09
       417          6144        5.61825385e+03    1.7441355456e-09
       418          6208        5.49435128e+03    1.7056711273e-09
       419          6272        5.37336410e+03    1.6681117635e-09
       420          6336        5.26761282e+03    1.6352822447e-09
       421          6400        5.14225256e+03    1.5963652991e-09
       422          6464        5.03830256e+03    1.5640949719e-09
       423          6528        4.93827051e+03    1.5330409361e-09
       424          6592        4.83357692e+03    1.5005397682e-09
       425          6656        4.73292436e+03    1.4692930998e-09
       426          6720        4.64233333e+03    1.4411699441e-09
       427          6784        4.54623462e+03    1.4113369756e-09
       428          6848        4.45842436e+03    1.3840770842e-09
       429          6912        4.36790897e+03    1.3559774106e-09
       430          6976        4.28343205e+03    1.3297523221e-09
       431          7040        4.20736282e+03    1.3061373248e-09
       432          7104        4.12181026e+03    1.2795783134e-09
       433          7168        4.05106410e+03    1.2576158166e-09
       434          7232        3.97213974e+03    1.2331144709e-09
       435          7296        3.89915641e+03    1.2104574623e-09
       436          7360        3.82649744e+03    1.1879011479e-09
       437          7424        3.75479744e+03    1.1656425384e-09
       438          7488        3.68522051e+03    1.1440430187e-09
       439          7552        3.62093462e+03    1.1240860495e-09
       440          7616        3.56007564e+03    1.1051929373e-09
       441          7680        3.49543590e+03    1.0851261198e-09
       442          7744        3.43283333e+03    1.0656917261e-09
       443          7808        3.37586026e+03    1.0480049552e-09
       444          7872        3.32151667e+03    1.0311344845e-09
       445          7936        3.26114744e+03    1.0123934087e-09
       446          8000        3.20407949e+03    9.9467718576e-10
       447          8064        3.15063077e+03    9.7808451989e-10
       448          8128        3.09872436e+03    9.6197064934e-10
       449          8256        6.04604615e+03    9.3846987838e-10
       450          8384        5.84849359e+03    9.0780568461e-10
       451          8512        5.66700000e+03    8.7963417173e-10
       452          8640        5.49081667e+03    8.5228691913e-10
       453          8768        5.31477821e+03    8.2496215359e-10
       454          8896        5.15906282e+03    8.0079194477e-10
       455          9024        5.00107179e+03    7.7626850998e-10
       456          9152        4.85530513e+03    7.5364254543e-10
       457          9280        4.71232949e+03    7.3144980508e-10
       458          9408        4.58493462e+03    7.1167551841e-10
       459          9536        4.44958846e+03    6.9066703033e-10
       460          9664        4.32616795e+03    6.7150964537e-10
       461          9792        4.20336795e+03    6.5244857668e-10
       462          9920        4.08982692e+03    6.3482468996e-10
       463         10048        3.97879231e+03    6.1758984931e-10
       464         10176        3.87578205e+03    6.0160055311e-10
       465         10304        3.77582436e+03    5.8608507722e-10
       466         10432        3.67847179e+03    5.7097397044e-10
       467         10560        3.58546538e+03    5.5653747553e-10
       468         10688        3.49489103e+03    5.4247848467e-10
       469         10816        3.40765513e+03    5.2893769124e-10
       470         10944        3.32019231e+03    5.1536167470e-10
       471         11072        3.24166026e+03    5.0317189601e-10
       472         11200        3.16347821e+03    4.9103644446e-10
       473         11328        3.08560897e+03    4.7894954904e-10
       474         11456        3.01259744e+03    4.6761666671e-10
       475         11584        2.94359744e+03    4.5690645711e-10
       476         11712        2.87926154e+03    4.4692021150e-10
       477         11840        2.81032308e+03    4.3621955392e-10
       478         11968        2.74733974e+03    4.2644325389e-10
       479         12096        2.68888590e+03    4.1737002281e-10
       480         12224        2.62754615e+03    4.0784884149e-10
       481         12352        2.57021923e+03    3.9895053189e-10
       482         12480        2.51254872e+03    3.8999889014e-10
       483         12608        2.45961026e+03    3.8178175943e-10
       484         12736        2.41145385e+03    3.7430690076e-10
       485         12864        2.35773077e+03    3.6596798171e-10
       486         12992        2.31120256e+03    3.5874585374e-10
       487         13120        2.26279872e+03    3.5123258797e-10
       488         13248        2.21755513e+03    3.4420985856e-10
       489         13376        2.17255513e+03    3.3722493925e-10
       490         13504        2.12719231e+03    3.3018370278e-10
       491         13632        2.08584615e+03    3.2376593504e-10
       492         13760        2.04475256e+03    3.1738737041e-10
       493         13888        2.00619231e+03    3.1140203086e-10
       494         14016        1.96757564e+03    3.0540793529e-10
       495         14144        1.92877308e+03    2.9938498464e-10
       496         14272        1.89161795e+03    2.9361774970e-10
       497         14400        1.85647051e+03    2.8816214962e-10
       498         14528        1.82530256e+03    2.8332424724e-10
       499         14656        1.78888077e+03    2.7767084061e-10
       500         14784        1.75683974e+03    2.7269741887e-10
       501         14912        1.72664872e+03    2.6801115491e-10
       502         15040        1.69332051e+03    2.6283793661e-10
       503         15168        1.66280256e+03    2.5810092751e-10
       504         15296        1.63379744e+03    2.5359873907e-10
       505         15424        1.60732692e+03    2.4948997471e-10
       506         15552        1.57837821e+03    2.4499654229e-10
       507         15680        1.54825385e+03    2.4032062636e-10
       508         15808        1.52380256e+03    2.3652528787e-10
       509         15936        1.50026282e+03    2.3287143877e-10
       510         16064        1.47433077e+03    2.2884625464e-10
       511         16192        1.44924744e+03    2.2495280888e-10
       512         16320        1.42565897e+03    2.2129139775e-10
       513         16576        2.78021667e+03    2.1577321200e-10
       514         16832        2.69162564e+03    2.0889764349e-10
       515         17088        2.60633077e+03    2.0227789019e-10
       516         17344        2.52502821e+03    1.9596798075e-10
       517         17600        2.45077564e+03    1.9020522332e-10
       518         17856        2.37518333e+03    1.8433848810e-10
       519         18112        2.30574359e+03    1.7894925470e-10
       520         18368        2.23880385e+03    1.7375404684e-10
       521         18624        2.17221410e+03    1.6858600255e-10
       522         18880        2.11043590e+03    1.6379138280e-10
       523         19136        2.05198205e+03    1.5925476726e-10
       524         19392        1.99458974e+03    1.5480053794e-10
       525         19648        1.93906026e+03    1.5049088253e-10
       526         19904        1.88907821e+03    1.4661176480e-10
       527         20160        1.83597051e+03    1.4249006541e-10
       528         20416        1.78832692e+03    1.3879243619e-10
       529         20672        1.74154487e+03    1.3516167115e-10
       530         20928        1.69604744e+03    1.3163060539e-10
       531         21184        1.65521410e+03    1.2846152163e-10
       532         21440        1.61294103e+03    1.2518069906e-10
       533         21696        1.57154359e+03    1.2196783518e-10
       534         21952        1.53391026e+03    1.1904710410e-10
       535         22208        1.49755385e+03    1.1622547530e-10
       536         22464        1.46101282e+03    1.1338951846e-10
       537         22720        1.42322564e+03    1.1045684736e-10
       538         22976        1.39139487e+03    1.0798645453e-10
       539         23232        1.36085769e+03    1.0561645747e-10
       540         23488        1.33168462e+03    1.0335232871e-10
       541         23744        1.30010128e+03    1.0090113944e-10
       542         24000        1.27128718e+03    9.8664870757e-11
       543         24256        1.24105897e+03    9.6318853271e-11
       544         24512        1.21541154e+03    9.4328350268e-11
       545         24768        1.18901923e+03    9.2280037606e-11
       546         25024        1.16177821e+03    9.0165855761e-11
       547         25280        1.13758846e+03    8.8288484571e-11
       548         25536        1.11272564e+03    8.6358875737e-11
       549         25792        1.09378718e+03    8.4889057674e-11
       550         26048        1.06828205e+03    8.2909599202e-11
       551         26304        1.04818590e+03    8.1349932390e-11
       552         26560        1.02560256e+03    7.9597235045e-11
       553         26816        1.00568974e+03    7.8051796772e-11
       554         27072        9.83294872e+02    7.6313725967e-11
       555         27328        9.65998718e+02    7.4971367757e-11
       556         27584        9.45592308e+02    7.3387621878e-11
       557         27840        9.27448718e+02    7.1979493986e-11
       558         28096        9.10491026e+02    7.0663403847e-11
       559         28352        8.95282051e+02    6.9483032084e-11
       560         28608        8.76615385e+02    6.8034308079e-11
       561         28864        8.58580769e+02    6.6634637710e-11
       562         29120        8.43316667e+02    6.5449987435e-11
       563         29376        8.29233333e+02    6.4356976913e-11
       564         29632        8.13030769e+02    6.3099492437e-11
       565         29888        7.98430769e+02    6.1966383305e-11
       566         30144        7.86507692e+02    6.1041030746e-11
       567         30400        7.70351282e+02    5.9787128280e-11
       568         30656        7.58220513e+02    5.8845656677e-11
       569         30912        7.44834615e+02    5.7806774305e-11
       570         31168        7.31524359e+02    5.6773762450e-11
       571         31424        7.18342308e+02    5.5750700621e-11
       572         31680        7.05843590e+02    5.4780672440e-11
       573         31936        6.94583333e+02    5.3906761524e-11
       574         32192        6.81230769e+02    5.2870466159e-11
       575         32448        6.71316667e+02    5.2101030532e-11
       576         32704        6.60450000e+02    5.1257666201e-11
       577         33216        1.28981026e+03    5.0051225365e-11
       578         33728        1.24902949e+03    4.8468723241e-11
       579         34240        1.20982949e+03    4.6947563035e-11
       580         34752        1.17139487e+03    4.5456103662e-11
       581         35264        1.13743333e+03    4.4138222519e-11
       582         35776        1.10215513e+03    4.2769247985e-11
       583         36288        1.07024487e+03    4.1530967061e-11
       584         36800        1.03623974e+03    4.0211394413e-11
       585         37312        1.00671538e+03    3.9065698496e-11
       586         37824        9.77221795e+02    3.7921196582e-11
       587         38336        9.52110256e+02    3.6946740638e-11
       588         38848        9.23360256e+02    3.5831093804e-11
       589         39360        9.01301282e+02    3.4975092938e-11
       590         39872        8.75966667e+02    3.3991980470e-11
       591         40384        8.51102564e+02    3.3027126303e-11
       592         40896        8.29387179e+02    3.2184458473e-11
       593         41408        8.09060256e+02    3.1395670043e-11
       594         41920        7.87324359e+02    3.0552206211e-11
       595         42432        7.67864103e+02    2.9797048873e-11
       596         42944        7.47873077e+02    2.9021294979e-11
       597         43456        7.29282051e+02    2.8299868234e-11
       598         43968        7.12223077e+02    2.7637892904e-11
       599         44480        6.94669231e+02    2.6956714021e-11
       600         44992        6.79102564e+02    2.6352647851e-11
       601         45504        6.63006410e+02    2.5728034875e-11
       602         46016        6.46301282e+02    2.5079790582e-11
       603         46528        6.30971795e+02    2.4484928188e-11
       604         47040        6.16834615e+02    2.3936333421e-11
       605         47552        6.03138462e+02    2.3404852702e-11
       606         48064        5.89747436e+02    2.2885212516e-11
       607         48576        5.76783333e+02    2.2382139125e-11
       608         49088        5.64375641e+02    2.1900657294e-11
       609         49600        5.50607692e+02    2.1366390567e-11
       610         50112        5.40429487e+02    2.0971424225e-11
       611         50624        5.26566667e+02    2.0433475988e-11
       612         51136        5.16628205e+02    2.0047812922e-11
       613         51648        5.06569231e+02    1.9657473343e-11
       614         52160        4.96464103e+02    1.9265342759e-11
       615         52672        4.83730769e+02    1.8771224393e-11
       616         53184        4.75676923e+02    1.8458694029e-11
       617         53696        4.66955128e+02    1.8120243843e-11
       618         54208        4.56387179e+02    1.7710153459e-11
       619         54720        4.49375641e+02    1.7438069957e-11
       620         55232        4.40367949e+02    1.7088525491e-11
       621         55744        4.30465385e+02    1.6704255429e-11
       622         56256        4.23048718e+02    1.6416450883e-11
       623         56768        4.15291026e+02    1.6115412801e-11
       624         57280        4.07876923e+02    1.5827707755e-11
       625         57792        4.00021795e+02    1.5522888663e-11
       626         58304        3.93667949e+02    1.5276326981e-11
       627         58816        3.84688462e+02    1.4927877018e-11
       628         59328        3.77905128e+02    1.4664649040e-11
       629         59840        3.70155128e+02    1.4363909459e-11
       630         60352        3.64676923e+02    1.4151327121e-11
       631         60864        3.58457692e+02    1.3909989204e-11
       632         61376        3.51867949e+02    1.3654273497e-11
       633         61888        3.44657692e+02    1.3374478723e-11
       634         62400        3.40065385e+02    1.3196273731e-11
       635         62912        3.34844872e+02    1.2993691171e-11
       636         63424        3.28330769e+02    1.2740910722e-11
       637         63936        3.23112821e+02    1.2538427662e-11
       638         64448        3.17476923e+02    1.2319726058e-11
       639         64960        3.11816667e+02    1.2100079200e-11
       640         65472        3.08226923e+02    1.1960778815e-11
       641         66496        5.98850000e+02    1.1619219246e-11
       642         67520        5.80638462e+02    1.1265868894e-11
       643         68544        5.60483333e+02    1.0874807938e-11
       644         69568        5.44628205e+02    1.0567177963e-11
       645         70592        5.26535897e+02    1.0216140992e-11
       646         71616        5.10987179e+02    9.9144561583e-12
       647         72640        4.96347436e+02    9.6304077480e-12
       648         73664        4.82414103e+02    9.3600655007e-12
       649         74688        4.66391026e+02    9.0491768912e-12
       650         75712        4.53888462e+02    8.8065952206e-12
       651         76736        4.41826923e+02    8.5725705737e-12
       652         77760        4.29612821e+02    8.3355857935e-12
       653         78784        4.17230769e+02    8.0953423794e-12
       654         79808        4.07315385e+02    7.9029585975e-12
       655         80832        3.96893590e+02    7.7007491635e-12
       656         81856        3.84305128e+02    7.4565008633e-12
       657         82880        3.74364103e+02    7.2636195801e-12
       658         83904        3.64867949e+02    7.0793699457e-12
       659         84928        3.56926923e+02    6.9252937698e-12
       660         85952        3.45700000e+02    6.7074627926e-12
       661         86976        3.39219231e+02    6.5817193200e-12
       662         88000        3.30000000e+02    6.4028427005e-12
       663         89024        3.23212821e+02    6.2711540865e-12
       664         90048        3.14998718e+02    6.1117795209e-12
       665         91072        3.06960256e+02    5.9558128397e-12
       666         92096        3.00544872e+02    5.8313379956e-12
       667         93120        2.92652564e+02    5.6782070723e-12
       668         94144        2.86275641e+02    5.5544784802e-12
       669         95168        2.79547436e+02    5.4239341193e-12
       670         96192        2.73744872e+02    5.3113495581e-12
       671         97216        2.68097436e+02    5.2017748802e-12
       672         98240        2.62080769e+02    5.0850361825e-12
       673         99264        2.56200000e+02    4.9709342420e-12
       674        100288        2.51183333e+02    4.8735980979e-12
       675        101312        2.44683333e+02    4.7474814993e-12
       676        102336        2.40244872e+02    4.6613640112e-12
       677        103360        2.35502564e+02    4.5693511319e-12
       678        104384        2.29301282e+02    4.4490304242e-12
       679        105408        2.25076923e+02    4.3670670727e-12
       680        106432        2.21203846e+02    4.2919194899e-12
       681        107456        2.16594872e+02    4.2024936177e-12
       682        108480        2.12176923e+02    4.1167741307e-12
       683        109504        2.07252564e+02    4.0212289916e-12
       684        110528        2.04305128e+02    3.9640412085e-12
       685        111552        2.00743590e+02    3.8949382675e-12
       686        112576        1.95967949e+02    3.8022786363e-12
       687        113600        1.92898718e+02    3.7427277217e-12
       688        114624        1.89766667e+02    3.6819579287e-12
       689        115648        1.86011538e+02    3.6090988523e-12
       690        116672        1.82358974e+02    3.5382297814e-12
       691        117696        1.79034615e+02    3.4737287280e-12
       692        118720        1.74633333e+02    3.3883326170e-12
       693        119744        1.72158974e+02    3.3403237342e-12
       694        120768        1.69847436e+02    3.2954739853e-12
       695        121792        1.66787179e+02    3.2360971961e-12
       696        122816        1.63417949e+02    3.1707255154e-12
       697        123840        1.60923077e+02    3.1223186316e-12
       698        124864        1.57620513e+02    3.0582404544e-12
       699        125888        1.55160256e+02    3.0105051975e-12
       700        126912        1.52274359e+02    2.9545114177e-12
       701        127936        1.49510256e+02    2.9008807694e-12
       702        128960        1.47644872e+02    2.8646875444e-12
       703        129984        1.44661538e+02    2.8068032593e-12
       704        131008        1.42555128e+02    2.7659335214e-12
       705        133056        2.78488462e+02    2.7016936563e-12
       706        135104        2.69415385e+02    2.6136732254e-12
       707        137152        2.60523077e+02    2.5274064870e-12
       708        139200        2.52194872e+02    2.4466122636e-12
       709        141248        2.45166667e+02    2.3784297001e-12
       710        143296        2.38820513e+02    2.3168639049e-12
       711        145344        2.29782051e+02    2.2291792875e-12
       712        147392        2.23675641e+02    2.1699393112e-12
       713        149440        2.17808974e+02    2.1130251539e-12
       714        151488        2.12116667e+02    2.0578025012e-12
       715        153536        2.05508974e+02    1.9936994490e-12
       716        155584        2.00730769e+02    1.9473447584e-12
       717        157632        1.95011538e+02    1.8918609175e-12
       718        159680        1.89762821e+02    1.8409416517e-12
       719        161728        1.85288462e+02    1.7975346567e-12
       720        163776        1.80302564e+02    1.7491650855e-12
       721        165824        1.74826923e+02    1.6960443762e-12
       722        167872        1.71316667e+02    1.6619904070e-12
       723        169920        1.67858974e+02    1.6284463768e-12
       724        171968        1.62412821e+02    1.5756117307e-12
       725        174016        1.58775641e+02    1.5403264457e-12
       726        176064        1.54997436e+02    1.5036730319e-12
       727        178112        1.51970513e+02    1.4743080132e-12
       728        180160        1.47842308e+02    1.4342591525e-12
       729        182208        1.43688462e+02    1.3939615411e-12
       730        184256        1.41375641e+02    1.3715242290e-12
       731        186304        1.38267949e+02    1.3413756457e-12
       732        188352        1.34391026e+02    1.3037645417e-12
       733        190400        1.31570513e+02    1.2764019661e-12
       734        192448        1.28625641e+02    1.2478329496e-12
       735        194496        1.26323077e+02    1.2254951379e-12
       736        196544        1.24143590e+02    1.2043513294e-12
       737        198592        1.20914103e+02    1.1730211803e-12
       738        200640        1.18542308e+02    1.1500117417e-12
       739        202688        1.16058974e+02    1.1259202376e-12
       740        204736        1.14091026e+02    1.1068286223e-12
       741        206784        1.11544872e+02    1.0821276790e-12
       742        208832        1.08705128e+02    1.0545785404e-12
       743        210880        1.07317949e+02    1.0411211282e-12
       744        212928        1.05107692e+02    1.0196788189e-12
       745        214976        1.04021795e+02    1.0091442273e-12
       746        217024        1.00700000e+02    9.7691857567e-13
       747        219072        9.91051282e+01    9.6144628289e-13
       748        221120        9.82153846e+01    9.5281463403e-13
       749        223168        9.55692308e+01    9.2714356307e-13
       750        225216        9.43192308e+01    9.1501696704e-13
       751        227264        9.23525641e+01    8.9593778930e-13
       752        229312        9.06871795e+01    8.7978143213e-13
       753        231360        8.93653846e+01    8.6695833419e-13
       754        233408        8.71333333e+01    8.4530458682e-13
       755        235456        8.55282051e+01    8.2973279378e-13
       756        237504        8.45948718e+01    8.2067826875e-13
       757        239552        8.25256410e+01    8.0060408825e-13
       758        241600        8.18897436e+01    7.9443507120e-13
       759        243648        8.02615385e+01    7.7863940253e-13
       760        245696        7.96730769e+01    7.7293057425e-13
       761        247744        7.79730769e+01    7.5643840366e-13
       762        249792        7.64371795e+01    7.4153823746e-13
       763        251840        7.51858974e+01    7.2939920391e-13
       764        253888        7.41858974e+01    7.1969792709e-13
       765        255936        7.22064103e+01    7.0049437400e-13
       766        257984        7.19871795e+01    6.9836755562e-13
       767        260032        7.00820513e+01    6.7988537953e-13
       768        262080        7.02025641e+01    6.8105450776e-13
       769        266176        1.36711538e+02    6.6313823948e-13
       770        270272        1.32152564e+02    6.4102430335e-13
       771        274368        1.28329487e+02    6.2247993958e-13
       772        278464        1.25103846e+02    6.0683352133e-13
       773        282560        1.22161538e+02    5.9256145062e-13
       774        286656        1.18467949e+02    5.7464518234e-13
       775        290752        1.14701282e+02    5.5637444433e-13
       776        294848        1.12452564e+02    5.4546672668e-13
       777        298944        1.08987179e+02    5.2865739896e-13
       778        303040        1.06611538e+02    5.1713402335e-13
       779        307136        1.03567949e+02    5.0237067004e-13
       780        311232        1.00817949e+02    4.8903141442e-13
       781        315328        9.91371795e+01    4.8087861063e-13
       782        319424        9.62961538e+01    4.6709782253e-13
       783        323520        9.41217949e+01    4.5655079337e-13
       784        327616        9.12743590e+01    4.4273891144e-13
       785        331712        9.02051282e+01    4.3755245960e-13
       786        335808        8.79243590e+01    4.2648927277e-13
       787        339904        8.54743590e+01    4.1460520867e-13
       788        344000        8.35974359e+01    4.0550093350e-13
       789        348096        8.15769231e+01    3.9570015640e-13
       790        352192        8.05282051e+01    3.9061320484e-13
       791        356288        7.82987179e+01    3.7979876869e-13
       792        360384        7.66602564e+01    3.7185118422e-13
       793        364480        7.49320513e+01    3.6346828605e-13
       794        368576        7.29384615e+01    3.5379810307e-13
       795        372672        7.15115385e+01    3.4687661518e-13
       796        376768        7.01935897e+01    3.4048372251e-13
       797        380864        6.87423077e+01    3.3344407805e-13
       798        384960        6.74461538e+01    3.2715690442e-13
       799        389056        6.63294872e+01    3.2174035819e-13
       800        393152        6.49782051e+01    3.1518577757e-13
       801        397248        6.30974359e+01    3.0606284610e-13
       802        401344        6.21333333e+01    3.0138633318e-13
       803        405440        6.07705128e+01    2.9477578365e-13
       804        409536        5.93179487e+01    2.8772992042e-13
       805        413632        5.81884615e+01    2.8225118653e-13
       806        417728        5.72705128e+01    2.7779854922e-13
       807        421824        5.63923077e+01    2.7353869369e-13
       808        425920        5.52000000e+01    2.6775524020e-13
       809        430016        5.42410256e+01    2.6310360234e-13
       810        434112        5.32179487e+01    2.5814102612e-13
       811        438208        5.18974359e+01    2.5173569592e-13
       812        442304        5.07820513e+01    2.4632536846e-13
       813        446400        5.01358974e+01    2.4319110980e-13
       814        450496        4.89384615e+01    2.3738278124e-13
       815        454592        4.83576923e+01    2.3456567970e-13
       816        458688        4.73397436e+01    2.2962797855e-13
       817        462784        4.64474359e+01    2.2529971659e-13
       818        466880        4.51653846e+01    2.1908094939e-13
       819        470976        4.49000000e+01    2.1779366459e-13
       820        475072        4.36628205e+01    2.1179255425e-13
       821        479168        4.24705128e+01    2.0600910076e-13
       822        483264        4.20230769e+01    2.0383875101e-13
       823        487360        4.13141026e+01    2.0039977275e-13
       824        491456        4.08423077e+01    1.9811126642e-13
       825        495552        4.00269231e+01    1.9415613049e-13
       826        499648        3.90897436e+01    1.8961021167e-13
       827        503744        3.88051282e+01    1.8822964536e-13
       828        507840        3.81115385e+01    1.8486529231e-13
       829        511936        3.70461538e+01    1.7969749677e-13
       830        516032        3.67935897e+01    1.7847239963e-13
       831        520128        3.57897436e+01    1.7360310492e-13
       832        524224        3.51128205e+01    1.7031959584e-13
       833        532416        6.88730769e+01    1.6703919615e-13
       834        540608        6.61679487e+01    1.6047839676e-13
       835        548800        6.38717949e+01    1.5490949074e-13
       836        556992        6.20564103e+01    1.5050660357e-13
       837        565184        5.98961538e+01    1.4526729221e-13
       838        573376        5.73935897e+01    1.3919777543e-13
       839        581568        5.58474359e+01    1.3544785882e-13
       840        589760        5.39602564e+01    1.3087084616e-13
       841        597952        5.21397436e+01    1.2645552146e-13
       842        606144        5.05423077e+01    1.2258122950e-13
       843        614336        4.87923077e+01    1.1833692089e-13
       844        622528        4.71602564e+01    1.1437867557e-13
       845        630720        4.58307692e+01    1.1115424478e-13
       846        638912        4.40961538e+01    1.0694724878e-13
       847        647104        4.30397436e+01    1.0438511670e-13
       848        655296        4.19000000e+01    1.0162087468e-13
       849        663488        4.01692308e+01    9.7423206824e-14
       850        671680        3.91500000e+01    9.4951246865e-14
       851        679872        3.77153846e+01    9.1471846622e-14
       852        688064        3.68923077e+01    8.9475622353e-14
       853        696256        3.54282051e+01    8.5924706287e-14
       854        704448        3.42115385e+01    8.2973901254e-14
       855        712640        3.32871795e+01    8.0732035682e-14
       856        720832        3.24384615e+01    7.8673623741e-14
       857        729024        3.14923077e+01    7.6378898648e-14
       858        737216        3.03705128e+01    7.3658188001e-14
       859        745408        2.96653846e+01    7.1948027024e-14
       860        753600        2.85371795e+01    6.9211769459e-14
       861        761792        2.76525641e+01    6.7066294778e-14
       862        769984        2.69282051e+01    6.5309493047e-14
       863        778176        2.61000000e+01    6.3300831244e-14
       864        786368        2.51807692e+01    6.1071403205e-14
       865        794560        2.49230769e+01    6.0446417103e-14
       866        802752        2.38307692e+01    5.7797222279e-14
       867        810944        2.32192308e+01    5.6314046304e-14
       868        819136        2.23153846e+01    5.4121930869e-14
       869        827328        2.14602564e+01    5.2047972010e-14
       870        835520        2.06294872e+01    5.0033091440e-14
       871        843712        2.00666667e+01    4.8668072042e-14
       872        851904        1.97423077e+01    4.7881397992e-14
       873        860096        1.90833333e+01    4.6283174824e-14
       874        868288        1.82243590e+01    4.4199887815e-14
       875        876480        1.75756410e+01    4.2626539715e-14
       876        884672        1.69602564e+01    4.1134035589e-14
       877        892864        1.68435897e+01    4.0851081682e-14
       878        901056        1.59871795e+01    3.8774013440e-14
       879        909248        1.52397436e+01    3.6961242803e-14
       880        917440        1.48551282e+01    3.6028427725e-14
       881        925632        1.44012821e+01    3.4927705932e-14
       882        933824        1.42448718e+01    3.4548361133e-14
       883        942016        1.32602564e+01    3.2160354532e-14
       884        950208        1.30089744e+01    3.1550915347e-14
       885        958400        1.24423077e+01    3.0176567797e-14
       886        966592        1.20858974e+01    2.9312159158e-14
       887        974784        1.17038462e+01    2.8385562846e-14
       888        982976        1.09410256e+01    2.6535479607e-14
       889        991168        1.07897436e+01    2.6168572342e-14
       890        999360        1.01858974e+01    2.4704052669e-14
       891       1007552        9.85512821e+00    2.3901831701e-14
       892       1015744        9.68461538e+00    2.3488283683e-14
       893       1023936        9.15512821e+00    2.2204108258e-14
       894       1032128        8.57692308e+00    2.0801776256e-14
       895       1040320        8.32051282e+00    2.0179899537e-14
       896       1048512        7.99871795e+00    1.9399444254e-14
       897       1064896        1.49897436e+01    1.8177456501e-14
       898       1081280        1.38820513e+01    1.6834202788e-14
       899       1097664        1.26025641e+01    1.5282620373e-14
       900       1114048        1.16038462e+01    1.4071515463e-14
       901       1130432        1.05256410e+01    1.2764019661e-14
       902       1146816        9.41282051e+00    1.1414547180e-14
       903       1163200        8.79487179e+00    1.0665185734e-14
       904       1179584        7.74743590e+00    9.3950025348e-15
       905       1195968        6.90769231e+00    8.3766794071e-15
       906       1212352        6.19743590e+00    7.5153801511e-15
       907       1228736        5.44358974e+00    6.6012213739e-15
       908       1245120        4.82564103e+00    5.8518599273e-15
       909       1261504        4.27948718e+00    5.1895612214e-15
       910       1277888        3.68333333e+00    4.4666295354e-15
       911       1294272        3.43589744e+00    4.1665740184e-15
       912       1310656        2.77564103e+00    3.3659077425e-15
       913       1327040        2.39615385e+00    2.9057189703e-15
       914       1343424        2.07307692e+00    2.5139366372e-15
       915       1359808        1.70897436e+00    2.0724041666e-15
       916       1376192        1.43717949e+00    1.7428095055e-15
       917       1392576        1.25000000e+00    1.5158245030e-15
       918       1408960        1.02307692e+00    1.2406440547e-15
       919       1425344        8.75641026e-01    1.0618544980e-15
       920       1441728        6.10256410e-01    7.4003329580e-16
       921       1458112        4.75641026e-01    5.7679065702e-16
       922       1474496        4.32051282e-01    5.2393113589e-16
       923       1490880        3.25641026e-01    3.9489171667e-16
       924       1507264        2.19230769e-01    2.6585229744e-16
       925       1523648        1.92307692e-01    2.3320376969e-16
       926       1540032        1.47435897e-01    1.7878955676e-16
       927       1556416        1.08974359e-01    1.3214880282e-16
       928       1572800        8.33333333e-02    1.0105496686e-16
       929       1589184        5.12820513e-02    6.2187671916e-17
       930       1605568        4.61538462e-02    5.5968904725e-17
       931       1621952        2.17948718e-02    2.6429760564e-17
       932       1638336        1.28205128e-02    1.5546917979e-17
       933       1654720        6.41025641e-03    7.7734589895e-18
       934       1671104        1.15384615e-02    1.3992226181e-17
       935       1687488        2.56410256e-03    3.1093835958e-18
       936       1703872        3.84615385e-03    4.6640753937e-18
       937       1720256        0.00000000e+00    0.0000000000e+00
       938       1736640        0.00000000e+00    0.0000000000e+00
       939       1753024        1.28205128e-03    1.5546917979e-18
