         0             0        4.78612946e+03    3.0718111018e-03
         1             1        1.47302989e+06    9.4541311548e-01
         2             2        4.41897656e+04    2.8361667533e-02
         3             3        1.04298638e+04    6.6940461538e-03
         4             4        4.40140513e+03    2.8248891416e-03
         5             5        2.53559710e+03    1.6273850037e-03
         6             6        1.57075558e+03    1.0081349587e-03
         7             7        1.02120982e+03    6.5542808446e-04
         8             8        7.23141741e+02    4.6412343105e-04
         9             9        5.29007812e+02    3.3952530610e-04
        10            10        4.05439732e+02    2.6021742195e-04
        11            11        3.23481027e+02    2.0761507116e-04
        12            12        2.70196429e+02    1.7341620095e-04
        13            13        2.34690848e+02    1.5062817636e-04
        14            14        2.12323661e+02    1.3627257328e-04
        15            15        2.00187500e+02    1.2848339969e-04
        16            16        1.92781250e+02    1.2372995515e-04
        17            17        1.89646205e+02    1.2171783555e-04
        18            18        1.87965402e+02    1.2063907010e-04
        19            19        1.88861607e+02    1.2121426841e-04
        20            20        1.90174107e+02    1.2205665099e-04
        21            21        1.93342634e+02    1.2409025995e-04
        22            22        1.95529018e+02    1.2549351460e-04
        23            23        1.98619420e+02    1.2747698173e-04
        24            24        2.02320312e+02    1.2985227138e-04
        25            25        2.06320312e+02    1.3241953257e-04
        26            26        2.11633929e+02    1.3582989264e-04
        27            27        2.15885045e+02    1.3855832397e-04
        28            28        2.18147321e+02    1.4001028781e-04
        29            29        2.22687500e+02    1.4292424387e-04
        30            30        2.23695312e+02    1.4357107335e-04
        31            31        2.27703125e+02    1.4614334872e-04
        32            32        2.30833705e+02    1.4815260308e-04
        33            33        2.36399554e+02    1.5172484960e-04
        34            34        2.42565848e+02    1.5568247182e-04
        35            35        2.48829241e+02    1.5970241317e-04
        36            36        2.58579241e+02    1.6596011231e-04
        37            37        2.69650670e+02    1.7306592452e-04
        38            38        2.82302455e+02    1.8118603412e-04
        39            39        2.96704241e+02    1.9042932050e-04
        40            40        3.11924107e+02    2.0019766335e-04
        41            41        3.30077009e+02    2.1184847340e-04
        42            42        3.49921875e+02    2.2458521200e-04
        43            43        3.70311384e+02    2.3767151072e-04
        44            44        3.93177455e+02    2.5234730514e-04
        45            45        4.17367188e+02    2.6787264525e-04
        46            46        4.44779018e+02    2.8546597728e-04
        47            47        4.71036830e+02    3.0231864300e-04
        48            48        4.98083705e+02    3.1967774110e-04
        49            49        5.22599330e+02    3.3541224423e-04
        50            50        5.45479911e+02    3.5009735070e-04
        51            51        5.59400670e+02    3.5903190672e-04
        52            52        5.62675223e+02    3.6113356529e-04
        53            53        5.46843750e+02    3.5097268362e-04
        54            54        5.04697545e+02    3.2392260432e-04
        55            55        4.30579241e+02    2.7635234333e-04
        56            56        3.25662946e+02    2.0901546056e-04
        57            57        1.96647321e+02    1.2621125893e-04
        58            58        8.54162946e+01    5.4821484483e-05
        59            59        1.91160714e+01    1.2268987054e-05
        60            60        5.99330357e-01    3.8465939095e-07
