         0             0        1.31456000e+07    3.3430989583e-01
         1             1        2.45197061e+07    6.2356837148e-01
         2             2        8.62540427e+05    2.1935537401e-02
         3             3        2.37747497e+05    6.0462315026e-03
         4             4        1.14346317e+05    2.9079772177e-03
         5             5        7.27883237e+04    1.8511027949e-03
         6             6        4.98735179e+04    1.2683491480e-03
         7             7        3.59354487e+04    9.1388571830e-04
         8             8        2.78236105e+04    7.0759100573e-04
         9             9        2.21035502e+04    5.6212235065e-04
        10            10        1.80712266e+04    4.5957505703e-04
        11            11        1.51257266e+04    3.8466711839e-04
        12            12        1.28579810e+04    3.2699536710e-04
        13            13        1.10987757e+04    2.8225646133e-04
        14            14        9.69706027e+03    2.4660899526e-04
        15            15        8.56315179e+03    2.1777221135e-04
        16            16        7.61939844e+03    1.9377132257e-04
        17            17        6.84029018e+03    1.7395757494e-04
        18            18        6.17206138e+03    1.5696363790e-04
        19            19        5.61387500e+03    1.4276822408e-04
        20            20        5.12847991e+03    1.3042398861e-04
        21            21        4.70542411e+03    1.1966512317e-04
        22            22        4.33564062e+03    1.1026104291e-04
        23            23        4.01160826e+03    1.0202047371e-04
        24            24        3.72435045e+03    9.4715129761e-05
        25            25        3.46687277e+03    8.8167133785e-05
        26            26        3.24060379e+03    8.2412816229e-05
        27            27        3.03559933e+03    7.7199283100e-05
        28            28        2.84672433e+03    7.2395943460e-05
        29            29        2.68014397e+03    6.8159585907e-05
        30            30        2.52759933e+03    6.4280175027e-05
        31            31        2.38875000e+03    6.0749053955e-05
        32            32        2.26144866e+03    5.7511613483e-05
        33            33        2.14428795e+03    5.4532062440e-05
        34            34        2.03772210e+03    5.1821952774e-05
        35            35        1.93896205e+03    4.9310354959e-05
        36            36        1.84705804e+03    4.6973114922e-05
        37            37        1.76282031e+03    4.4830838839e-05
        38            38        1.68057031e+03    4.2739113172e-05
        39            39        1.60899665e+03    4.0918900853e-05
        40            40        1.53858594e+03    3.9128263791e-05
        41            41        1.47808817e+03    3.7589725994e-05
        42            42        1.41701116e+03    3.6036457334e-05
        43            43        1.36135379e+03    3.4621017320e-05
        44            44        1.30727121e+03    3.3245625950e-05
        45            45        1.25736049e+03    3.1976330848e-05
        46            46        1.21182143e+03    3.0818212600e-05
        47            47        1.16739174e+03    2.9688307217e-05
        48            48        1.12504576e+03    2.8611393202e-05
        49            49        1.08544420e+03    2.7604273387e-05
        50            50        1.05028460e+03    2.6710118566e-05
        51            51        1.01265737e+03    2.5753208569e-05
        52            52        9.81126116e+02    2.4951327415e-05
        53            53        9.49467634e+02    2.4146210580e-05
        54            54        9.20733259e+02    2.3415457635e-05
        55            55        8.90879464e+02    2.2656236376e-05
        56            56        8.64054688e+02    2.1974047025e-05
        57            57        8.38878348e+02    2.1333779608e-05
        58            58        8.14380580e+02    2.0710769154e-05
        59            59        7.88912946e+02    2.0063093730e-05
        60            60        7.66123884e+02    1.9483537901e-05
        61            61        7.45376116e+02    1.8955894879e-05
        62            62        7.25188616e+02    1.8442500205e-05
        63            63        7.05035714e+02    1.7929985410e-05
        64            64        6.86824777e+02    1.7466857320e-05
        65            66        1.31648661e+03    1.6739992868e-05
        66            68        1.25361719e+03    1.5940566858e-05
        67            70        1.18949219e+03    1.5125175317e-05
        68            72        1.13309375e+03    1.4408032099e-05
        69            74        1.07778683e+03    1.3704768249e-05
        70            76        1.02900112e+03    1.3084425813e-05
        71            78        9.85946429e+02    1.2536957150e-05
        72            80        9.41523438e+02    1.1972089609e-05
        73            82        9.00911830e+02    1.1455686319e-05
        74            84        8.65936384e+02    1.1010950520e-05
        75            86        8.28439732e+02    1.0534155936e-05
        76            88        7.97944196e+02    1.0146385147e-05
        77            90        7.66280134e+02    9.7437557720e-06
        78            92        7.37599330e+02    9.3790604955e-06
        79            94        7.08960938e+02    9.0149044991e-06
        80            96        6.84952009e+02    8.7096151851e-06
        81            98        6.57810268e+02    8.3644901003e-06
        82           100        6.36793527e+02    8.0972484180e-06
        83           102        6.14948661e+02    7.8194765818e-06
        84           104        5.93435268e+02    7.5459196454e-06
        85           106        5.74322545e+02    7.3028888021e-06
        86           108        5.55931920e+02    7.0690399125e-06
        87           110        5.37953125e+02    6.8404277166e-06
        88           112        5.20805804e+02    6.6223882494e-06
        89           114        5.05989955e+02    6.4339949971e-06
        90           116        4.91080357e+02    6.2444096520e-06
        91           118        4.74380580e+02    6.0320610092e-06
        92           120        4.61729911e+02    5.8711994262e-06
        93           122        4.47754464e+02    5.6934924353e-06
        94           124        4.35348214e+02    5.5357388088e-06
        95           126        4.21872768e+02    5.3643896466e-06
        96           128        4.11002232e+02    5.2261636371e-06
        97           130        4.00734375e+02    5.0956010818e-06
        98           132        3.88753348e+02    4.9432544481e-06
        99           134        3.79322545e+02    4.8233355795e-06
       100           136        3.69400670e+02    4.6971724147e-06
       101           138        3.60154018e+02    4.5795951571e-06
       102           140        3.49691964e+02    4.4465632666e-06
       103           142        3.40592634e+02    4.3308592978e-06
       104           144        3.33733259e+02    4.2436378343e-06
       105           146        3.25253348e+02    4.1358101936e-06
       106           148        3.16967634e+02    4.0304518881e-06
       107           150        3.09978795e+02    3.9415842011e-06
       108           152        3.02917411e+02    3.8517940612e-06
       109           154        2.96243304e+02    3.7669284003e-06
       110           156        2.88222098e+02    3.6649334998e-06
       111           158        2.82311384e+02    3.5897748811e-06
       112           160        2.75734375e+02    3.5061438878e-06
       113           162        2.70267857e+02    3.4366335188e-06
       114           164        2.63524554e+02    3.3508879798e-06
       115           166        2.57786830e+02    3.2779290563e-06
       116           168        2.53001116e+02    3.2170755523e-06
       117           170        2.47751116e+02    3.1503183501e-06
       118           172        2.42496652e+02    3.0835043816e-06
       119           174        2.37444196e+02    3.0192590895e-06
       120           176        2.32044643e+02    2.9506002154e-06
       121           178        2.27210938e+02    2.8891364733e-06
       122           180        2.23895089e+02    2.8469732830e-06
       123           182        2.18381696e+02    2.7768668674e-06
       124           184        2.14601562e+02    2.7287999789e-06
       125           186        2.10485491e+02    2.6764614241e-06
       126           188        2.06601562e+02    2.6270747185e-06
       127           190        2.02787946e+02    2.5785820825e-06
       128           192        1.98205357e+02    2.5203114464e-06
       129           196        3.85878348e+02    2.4533484663e-06
       130           200        3.71702009e+02    2.3632177285e-06
       131           204        3.59137277e+02    2.2833333129e-06
       132           208        3.46106027e+02    2.2004828567e-06
       133           212        3.34625000e+02    2.1274884542e-06
       134           216        3.22577009e+02    2.0508893899e-06
       135           220        3.13305804e+02    1.9919446536e-06
       136           224        3.03412946e+02    1.9290475618e-06
       137           228        2.92745536e+02    1.8612259910e-06
       138           232        2.82560268e+02    1.7964698019e-06
       139           236        2.73669643e+02    1.7399447305e-06
       140           240        2.65190848e+02    1.6860380059e-06
       141           244        2.56040179e+02    1.6278596151e-06
       142           248        2.50052455e+02    1.5897906962e-06
       143           252        2.42856027e+02    1.5440370355e-06
       144           256        2.35716518e+02    1.4986452602e-06
       145           260        2.27835938e+02    1.4485418797e-06
       146           264        2.21450893e+02    1.4079468591e-06
       147           268        2.17121652e+02    1.3804222856e-06
       148           272        2.10273438e+02    1.3368825118e-06
       149           276        2.04027902e+02    1.2971744651e-06
       150           280        1.98656250e+02    1.2630224228e-06
       151           284        1.93872768e+02    1.2326098624e-06
       152           288        1.89226562e+02    1.2030700843e-06
       153           292        1.84521205e+02    1.1731542292e-06
       154           296        1.79468750e+02    1.1410315832e-06
       155           300        1.75555804e+02    1.1161537397e-06
       156           304        1.70042411e+02    1.0811005320e-06
       157           308        1.67328125e+02    1.0638435682e-06
       158           312        1.62262277e+02    1.0316357726e-06
       159           316        1.59573661e+02    1.0145420120e-06
       160           320        1.55797991e+02    9.9053695088e-07
       161           324        1.53046875e+02    9.7304582596e-07
       162           328        1.48819196e+02    9.4616696948e-07
       163           332        1.45935268e+02    9.2783144542e-07
       164           336        1.42984375e+02    9.0907017390e-07
       165           340        1.40219866e+02    8.9149389948e-07
       166           344        1.37525670e+02    8.7436465990e-07
       167           348        1.34883929e+02    8.5756892250e-07
       168           352        1.32560268e+02    8.4279548554e-07
       169           356        1.29837054e+02    8.2548175539e-07
       170           360        1.27236607e+02    8.0894856226e-07
       171           364        1.24710938e+02    7.9289078712e-07
       172           368        1.22425223e+02    7.7835860707e-07
       173           372        1.20577009e+02    7.6660797710e-07
       174           376        1.18715402e+02    7.5477219763e-07
       175           380        1.16858259e+02    7.4296480133e-07
       176           384        1.15341518e+02    7.3332162130e-07
       177           388        1.13005580e+02    7.1847013065e-07
       178           392        1.11218750e+02    7.0710976919e-07
       179           396        1.09560268e+02    6.9656542369e-07
       180           400        1.07302455e+02    6.8221063841e-07
       181           404        1.05632812e+02    6.7159533501e-07
       182           408        1.03936384e+02    6.6080973262e-07
       183           412        1.03073661e+02    6.5532468614e-07
       184           416        1.00982143e+02    6.4202717372e-07
       185           420        9.96305804e+01    6.3343417077e-07
       186           424        9.80613839e+01    6.2345748856e-07
       187           428        9.69620536e+01    6.1646813438e-07
       188           432        9.50837054e+01    6.0452591805e-07
       189           436        9.42343750e+01    5.9912602107e-07
       190           440        9.18258929e+01    5.8381330399e-07
       191           444        9.11785714e+01    5.7969774519e-07
       192           448        9.01953125e+01    5.7344635328e-07
       193           456        1.76419643e+02    5.6082294101e-07
       194           464        1.70501116e+02    5.4200845105e-07
       195           472        1.66197545e+02    5.2832776592e-07
       196           480        1.61139509e+02    5.1224870341e-07
       197           488        1.56592634e+02    4.9779457705e-07
       198           496        1.52054688e+02    4.8336883386e-07
       199           504        1.47121652e+02    4.6768713565e-07
       200           512        1.43424107e+02    4.5593295779e-07
       201           520        1.38800223e+02    4.4123402664e-07
       202           528        1.35482143e+02    4.3068613325e-07
       203           536        1.32056920e+02    4.1979764189e-07
       204           544        1.27591518e+02    4.0560251191e-07
       205           552        1.24013393e+02    3.9422795886e-07
       206           560        1.19590402e+02    3.8016764891e-07
       207           568        1.16657366e+02    3.7084377947e-07
       208           576        1.12578125e+02    3.5787622134e-07
       209           584        1.10013393e+02    3.4972315743e-07
       210           592        1.06306920e+02    3.3794059640e-07
       211           600        1.03119420e+02    3.2780780679e-07
       212           608        1.00073661e+02    3.1812559991e-07
       213           616        9.59821429e+01    3.0511901492e-07
       214           624        9.31205357e+01    2.9602221080e-07
       215           632        8.96417411e+01    2.8496342046e-07
       216           640        8.65725446e+01    2.7520670777e-07
       217           648        8.26785714e+01    2.6282810030e-07
       218           656        7.92611607e+01    2.5196444421e-07
       219           664        7.68515625e+01    2.4430453777e-07
       220           672        7.30859375e+01    2.3233393828e-07
       221           680        6.97600446e+01    2.2176120962e-07
       222           688        6.67611607e+01    2.1222801436e-07
       223           696        6.36930804e+01    2.0247484956e-07
       224           704        6.02734375e+01    1.9160409768e-07
       225           712        5.69598214e+01    1.8107039588e-07
       226           720        5.40279018e+01    1.7175007434e-07
       227           728        5.07098214e+01    1.6120218095e-07
       228           736        4.76238839e+01    1.5139224983e-07
       229           744        4.43370536e+01    1.4094369752e-07
       230           752        4.15267857e+01    1.3201009660e-07
       231           760        3.80669643e+01    1.2101162048e-07
       232           768        3.52544643e+01    1.1207092376e-07
       233           776        3.22287946e+01    1.0245257900e-07
       234           784        2.98125000e+01    9.4771385193e-08
       235           792        2.68024554e+01    8.5202710969e-08
       236           800        2.41395089e+01    7.6737432253e-08
       237           808        2.16417411e+01    6.8797242074e-08
       238           816        1.90189732e+01    6.0459687596e-08
       239           824        1.66093750e+01    5.2799781164e-08
       240           832        1.45825893e+01    4.6356802895e-08
       241           840        1.22388393e+01    3.8906222298e-08
       242           848        1.07466518e+01    3.4162685985e-08
       243           856        8.95758929e+00    2.8475409462e-08
       244           864        7.18191964e+00    2.2830707686e-08
       245           872        5.83147321e+00    1.8537754104e-08
       246           880        4.48214286e+00    1.4248348418e-08
       247           888        3.40401786e+00    1.0821081343e-08
       248           896        2.55803571e+00    8.1317765372e-09
       249           904        1.85044643e+00    5.8824107760e-09
       250           912        1.20982143e+00    3.8459187462e-09
       251           920        7.64508929e-01    2.4303084328e-09
       252           928        4.82142857e-01    1.5326908657e-09
       253           936        2.63392857e-01    8.3730334327e-10
       254           944        1.25000000e-01    3.9736429850e-10
       255           952        5.69196429e-02    1.8094267164e-10
       256           960        2.45535714e-02    7.8053701492e-11
       257           976        5.58035714e-03    8.8697388059e-12
