         0             0        2.09753600e+08    3.3339436849e-01
         1             1        3.92726816e+08    6.2422246238e-01
         2             2        1.38656881e+07    2.2038917627e-02
         3             3        3.82814671e+06    6.0846753223e-03
         4             4        1.84194721e+06    2.9276962507e-03
         5             5        1.17336743e+06    1.8650173094e-03
         6             6        8.04258321e+05    1.2783341748e-03
         7             7        5.79472924e+05    9.2104740796e-04
         8             8        4.48744471e+05    7.1326012767e-04
         9             9        3.56616967e+05    5.6682740294e-04
        10            10        2.91577658e+05    4.6345020689e-04
        11            11        2.43953567e+05    3.8775375202e-04
        12            12        2.07550417e+05    3.2989250407e-04
        13            13        1.79084456e+05    2.8464707768e-04
        14            14        1.56475265e+05    2.4871073486e-04
        15            15        1.38071146e+05    2.1945817662e-04
        16            16        1.22938279e+05    1.9540513200e-04
        17            17        1.10294866e+05    1.7530896834e-04
        18            18        9.96092355e+04    1.5832461594e-04
        19            19        9.05070011e+04    1.4385700403e-04
        20            20        8.26528103e+04    1.3137310389e-04
        21            21        7.58306350e+04    1.2052954840e-04
        22            22        6.98899933e+04    1.1108715265e-04
        23            23        6.46475658e+04    1.0275453861e-04
        24            24        6.00163259e+04    9.5393380948e-05
        25            25        5.58936931e+04    8.8840632566e-05
        26            26        5.21847612e+04    8.2945444045e-05
        27            27        4.88780547e+04    7.7689575652e-05
        28            28        4.58868080e+04    7.2935117143e-05
        29            29        4.31691038e+04    6.8615442585e-05
        30            30        4.06996373e+04    6.4690331263e-05
        31            31        3.84529911e+04    6.1119383290e-05
        32            32        3.63903348e+04    5.7840879474e-05
        33            33        3.45064208e+04    5.4846478715e-05
        34            34        3.27651183e+04    5.2078753000e-05
        35            35        3.11858661e+04    4.9568599179e-05
        36            36        2.96956641e+04    4.7199986875e-05
        37            37        2.83243728e+04    4.5020378062e-05
        38            38        2.70390826e+04    4.2977464341e-05
        39            39        2.58469900e+04    4.1082684128e-05
        40            40        2.47451763e+04    3.9331398550e-05
        41            41        2.37171975e+04    3.7697470259e-05
        42            42        2.27349955e+04    3.6136302210e-05
        43            43        2.18442946e+04    3.4720571268e-05
        44            44        2.09876518e+04    3.3358974116e-05
        45            45        2.01905960e+04    3.2092088035e-05
        46            46        1.94343192e+04    3.0890018457e-05
        47            47        1.87260770e+04    2.9764297817e-05
        48            48        1.80601261e+04    2.8705797380e-05
        49            49        1.74240246e+04    2.7694741175e-05
        50            50        1.68297422e+04    2.6750154793e-05
        51            51        1.62515569e+04    2.5831154060e-05
        52            52        1.57135737e+04    2.4976052699e-05
        53            53        1.51985201e+04    2.4157397094e-05
        54            54        1.47188594e+04    2.3394996921e-05
        55            55        1.42621685e+04    2.2669106367e-05
        56            56        1.38197913e+04    2.1965966693e-05
        57            57        1.34074654e+04    2.1310592336e-05
        58            58        1.30066931e+04    2.0673581887e-05
        59            59        1.26296183e+04    2.0074237670e-05
        60            60        1.22564699e+04    1.9481134202e-05
        61            61        1.19105826e+04    1.8931361181e-05
        62            62        1.15779330e+04    1.8402628955e-05
        63            63        1.12591998e+04    1.7896016084e-05
        64            64        1.09623560e+04    1.7424195650e-05
        65            66        2.10531819e+04    1.6731565729e-05
        66            68        1.99663895e+04    1.5867860722e-05
        67            70        1.89748158e+04    1.5079828777e-05
        68            72        1.80599141e+04    1.4352730165e-05
        69            74        1.72033036e+04    1.3671957311e-05
        70            76        1.64097467e+04    1.3041294934e-05
        71            78        1.56668092e+04    1.2450861257e-05
        72            80        1.49874308e+04    1.1910939855e-05
        73            82        1.43394665e+04    1.1395984108e-05
        74            84        1.37404453e+04    1.0919924825e-05
        75            86        1.31744007e+04    1.0470072961e-05
        76            88        1.26464040e+04    1.0050458922e-05
        77            90        1.21494107e+04    9.6554841314e-06
        78            92        1.16801295e+04    9.2825329020e-06
        79            94        1.12465815e+04    8.9379799153e-06
        80            96        1.08240525e+04    8.6021840218e-06
        81            98        1.04316775e+04    8.2903523885e-06
        82           100        1.00626920e+04    7.9971090669e-06
        83           102        9.70974665e+03    7.7166133338e-06
        84           104        9.38109933e+03    7.4554279092e-06
        85           106        9.06357143e+03    7.2030794053e-06
        86           108        8.75729576e+03    6.9596733721e-06
        87           110        8.47267857e+03    6.7334799539e-06
        88           112        8.20346429e+03    6.5195276624e-06
        89           114        7.94780246e+03    6.3163458946e-06
        90           116        7.70056920e+03    6.1198625536e-06
        91           118        7.46091741e+03    5.9294044262e-06
        92           120        7.23618750e+03    5.7508051395e-06
        93           122        7.01910268e+03    5.5782816240e-06
        94           124        6.82400223e+03    5.4232297199e-06
        95           126        6.62760714e+03    5.2671489261e-06
        96           128        6.43637946e+03    5.1151748214e-06
        97           130        6.25474777e+03    4.9708269182e-06
        98           132        6.08185938e+03    4.8334275683e-06
        99           134        5.91737165e+03    4.7027044708e-06
       100           136        5.75701786e+03    4.5752667245e-06
       101           138        5.60502009e+03    4.4544697517e-06
       102           140        5.46086830e+03    4.3399082053e-06
       103           142        5.32000670e+03    4.2279614579e-06
       104           144        5.18364397e+03    4.1195901022e-06
       105           146        5.05688616e+03    4.0188520437e-06
       106           148        4.93308594e+03    3.9204644660e-06
       107           150        4.81013170e+03    3.8227492145e-06
       108           152        4.69038728e+03    3.7275848999e-06
       109           154        4.57117188e+03    3.6328410109e-06
       110           156        4.47054129e+03    3.5528670109e-06
       111           158        4.36548214e+03    3.4693734986e-06
       112           160        4.26566183e+03    3.3900434417e-06
       113           162        4.16657812e+03    3.3112987876e-06
       114           164        4.07080580e+03    3.2351857850e-06
       115           166        3.98343973e+03    3.1657534696e-06
       116           168        3.89612388e+03    3.0963610680e-06
       117           170        3.80992857e+03    3.0278591883e-06
       118           172        3.72382924e+03    2.9594335882e-06
       119           174        3.64811049e+03    2.8992577323e-06
       120           176        3.56802121e+03    2.8356084866e-06
       121           178        3.49350670e+03    2.7763896755e-06
       122           180        3.41740625e+03    2.7159104745e-06
       123           182        3.34992857e+03    2.6622840336e-06
       124           184        3.28130804e+03    2.6077493316e-06
       125           186        3.21248326e+03    2.5530523133e-06
       126           188        3.15533705e+03    2.5076365897e-06
       127           190        3.08735603e+03    2.4536101236e-06
       128           192        3.02742522e+03    2.4059814002e-06
       129           196        5.88089621e+03    2.3368581952e-06
       130           200        5.65765290e+03    2.2481492765e-06
       131           204        5.44898326e+03    2.1652314102e-06
       132           208        5.24855357e+03    2.0855878081e-06
       133           212        5.06160938e+03    2.0113028586e-06
       134           216        4.88238281e+03    1.9400846213e-06
       135           220        4.71574219e+03    1.8738675863e-06
       136           224        4.55224330e+03    1.8088989669e-06
       137           228        4.39774219e+03    1.7475057393e-06
       138           232        4.25673661e+03    1.6914751558e-06
       139           236        4.12114174e+03    1.6375945970e-06
       140           240        3.98263839e+03    1.5825583112e-06
       141           244        3.86072545e+03    1.5341144587e-06
       142           248        3.73858482e+03    1.4855801350e-06
       143           252        3.62575223e+03    1.4407444923e-06
       144           256        3.51635491e+03    1.3972739024e-06
       145           260        3.41181362e+03    1.3557329242e-06
       146           264        3.30935045e+03    1.3150177186e-06
       147           268        3.21483482e+03    1.2774605836e-06
       148           272        3.12353906e+03    1.2411829084e-06
       149           276        3.03159487e+03    1.2046475673e-06
       150           280        2.94938951e+03    1.1719820932e-06
       151           284        2.86634933e+03    1.1389848909e-06
       152           288        2.79107254e+03    1.1090725838e-06
       153           292        2.71456808e+03    1.0786724410e-06
       154           296        2.64827567e+03    1.0523302037e-06
       155           300        2.56929688e+03    1.0209468504e-06
       156           304        2.50678013e+03    9.9610492942e-07
       157           308        2.44636049e+03    9.7209632042e-07
       158           312        2.38156585e+03    9.4634924261e-07
       159           316        2.32202232e+03    9.2268877086e-07
       160           320        2.26509933e+03    9.0006960645e-07
       161           324        2.20768973e+03    8.7725708172e-07
       162           328        2.15805357e+03    8.5753344354e-07
       163           332        2.10513951e+03    8.3650728422e-07
       164           336        2.05693973e+03    8.1735441373e-07
       165           340        2.00890402e+03    7.9826673581e-07
       166           344        1.96126786e+03    7.7933782623e-07
       167           348        1.91581362e+03    7.6127593361e-07
       168           352        1.87253348e+03    7.4407795355e-07
       169           356        1.83115179e+03    7.2763434478e-07
       170           360        1.79107143e+03    7.1170784178e-07
       171           364        1.74656362e+03    6.9402202609e-07
       172           368        1.71055692e+03    6.7971425042e-07
       173           372        1.67608036e+03    6.6601449535e-07
       174           376        1.63934710e+03    6.5141800968e-07
       175           380        1.60479241e+03    6.3768721053e-07
       176           384        1.57215513e+03    6.2471832193e-07
       177           388        1.53835045e+03    6.1128554600e-07
       178           392        1.50562612e+03    5.9828206542e-07
       179           396        1.47691853e+03    5.8687469434e-07
       180           400        1.44598661e+03    5.7458345379e-07
       181           404        1.41682589e+03    5.6299602702e-07
       182           408        1.38960268e+03    5.5217849357e-07
       183           412        1.36291183e+03    5.4157250339e-07
       184           416        1.33629688e+03    5.3099667033e-07
       185           420        1.31055804e+03    5.2076897451e-07
       186           424        1.28507478e+03    5.1064283720e-07
       187           428        1.25992411e+03    5.0064885900e-07
       188           432        1.23751786e+03    4.9174541519e-07
       189           436        1.21295536e+03    4.8198515461e-07
       190           440        1.19101004e+03    4.7326487090e-07
       191           444        1.16980692e+03    4.6483950601e-07
       192           448        1.15075446e+03    4.5726874045e-07
       193           456        2.23462165e+03    4.4397943254e-07
       194           464        2.15389509e+03    4.2794050560e-07
       195           472        2.08376674e+03    4.1400725465e-07
       196           480        2.01100670e+03    3.9955113261e-07
       197           488        1.94222210e+03    3.8588486080e-07
       198           496        1.88149442e+03    3.7381935510e-07
       199           504        1.81675223e+03    3.6095623814e-07
       200           512        1.75957031e+03    3.4959521145e-07
       201           520        1.70311830e+03    3.3837920498e-07
       202           528        1.65091183e+03    3.2800671068e-07
       203           536        1.59941406e+03    3.1777502348e-07
       204           544        1.55196094e+03    3.0834693462e-07
       205           552        1.50466406e+03    2.9894988984e-07
       206           560        1.46058259e+03    2.9019168800e-07
       207           568        1.41796317e+03    2.8172397010e-07
       208           576        1.37915737e+03    2.7401394965e-07
       209           584        1.33773884e+03    2.6578482773e-07
       210           592        1.30031138e+03    2.5834866045e-07
       211           600        1.26637388e+03    2.5160588501e-07
       212           608        1.23040960e+03    2.4446042343e-07
       213           616        1.19715737e+03    2.3785379848e-07
       214           624        1.16432701e+03    2.3133099257e-07
       215           632        1.13384821e+03    2.2527540014e-07
       216           640        1.10441406e+03    2.1942735960e-07
       217           648        1.07688281e+03    2.1395739168e-07
       218           656        1.04808705e+03    2.0823618841e-07
       219           664        1.02257478e+03    2.0316735442e-07
       220           672        9.98132812e+02    1.9831117243e-07
       221           680        9.72976562e+02    1.9331307461e-07
       222           688        9.48248884e+02    1.8840012628e-07
       223           696        9.26268973e+02    1.8403311038e-07
       224           704        9.03802455e+02    1.7956941433e-07
       225           712        8.82478795e+02    1.7533278359e-07
       226           720        8.63154018e+02    1.7149329540e-07
       227           728        8.42419643e+02    1.6737374521e-07
       228           736        8.24329241e+02    1.6377950531e-07
       229           744        8.05202009e+02    1.5997926572e-07
       230           752        7.86371652e+02    1.5623800989e-07
       231           760        7.68132812e+02    1.5261427810e-07
       232           768        7.53183036e+02    1.4964402432e-07
       233           776        7.37149554e+02    1.4645845762e-07
       234           784        7.20404018e+02    1.4313141860e-07
       235           792        7.04329241e+02    1.3993764740e-07
       236           800        6.90637277e+02    1.3721729850e-07
       237           808        6.75077009e+02    1.3412575104e-07
       238           816        6.60568080e+02    1.3124308593e-07
       239           824        6.49669643e+02    1.2907776095e-07
       240           832        6.36753348e+02    1.2651152377e-07
       241           840        6.24154018e+02    1.2400826173e-07
       242           848        6.09973214e+02    1.2119078920e-07
       243           856        5.97408482e+02    1.1869440121e-07
       244           864        5.85696429e+02    1.1636742524e-07
       245           872        5.75916295e+02    1.1442428721e-07
       246           880        5.64034598e+02    1.1206360623e-07
       247           888        5.53046875e+02    1.0988054176e-07
       248           896        5.42591518e+02    1.0780324893e-07
       249           904        5.32333705e+02    1.0576520470e-07
       250           912        5.23002232e+02    1.0391120755e-07
       251           920        5.12744420e+02    1.0187316331e-07
       252           928        5.02916295e+02    9.9920490313e-08
       253           936        4.93997768e+02    9.8148538243e-08
       254           944        4.86204241e+02    9.6600103591e-08
       255           952        4.77299107e+02    9.4830812443e-08
       256           960        4.69258929e+02    9.3233372484e-08
       257           976        9.15875000e+02    9.0984006723e-08
       258           992        8.83003348e+02    8.7718501510e-08
       259          1008        8.52039062e+02    8.4642476092e-08
       260          1024        8.25690848e+02    8.2025016170e-08
       261          1040        7.97590402e+02    7.9233487624e-08
       262          1056        7.72564732e+02    7.6747410709e-08
       263          1072        7.48438616e+02    7.4350696412e-08
       264          1088        7.24945312e+02    7.2016846389e-08
       265          1104        7.03320312e+02    6.9868595650e-08
       266          1120        6.82327009e+02    6.7783098313e-08
       267          1136        6.62395089e+02    6.5803039996e-08
       268          1152        6.42196429e+02    6.3796483335e-08
       269          1168        6.24214286e+02    6.2010117940e-08
       270          1184        6.06641741e+02    6.0264442471e-08
       271          1200        5.89902902e+02    5.8601588188e-08
       272          1216        5.70549107e+02    5.6678961430e-08
       273          1232        5.57501116e+02    5.5382759976e-08
       274          1248        5.42437500e+02    5.3886324167e-08
       275          1264        5.28736607e+02    5.2525262747e-08
       276          1280        5.13197545e+02    5.0981595580e-08
       277          1296        4.99975446e+02    4.9668098135e-08
       278          1312        4.89218750e+02    4.8599516352e-08
       279          1328        4.75530134e+02    4.7239674521e-08
       280          1344        4.64797991e+02    4.6173531917e-08
       281          1360        4.53505580e+02    4.5051731701e-08
       282          1376        4.40544643e+02    4.3764178242e-08
       283          1392        4.30235491e+02    4.2740056025e-08
       284          1408        4.20012277e+02    4.1724470932e-08
       285          1424        4.10715402e+02    4.0800909379e-08
       286          1440        4.00418527e+02    3.9778006751e-08
       287          1456        3.90738839e+02    3.8816416193e-08
       288          1472        3.82357143e+02    3.7983769462e-08
       289          1488        3.75407366e+02    3.7293371168e-08
       290          1504        3.66590402e+02    3.6417484461e-08
       291          1520        3.58167411e+02    3.5580735476e-08
       292          1536        3.50410714e+02    3.4810176917e-08
       293          1552        3.42786830e+02    3.4052812095e-08
       294          1568        3.36787946e+02    3.3456876519e-08
       295          1584        3.28156250e+02    3.2599394520e-08
       296          1600        3.21940848e+02    3.1981949828e-08
       297          1616        3.13956473e+02    3.1188773435e-08
       298          1632        3.08921875e+02    3.0688631038e-08
       299          1648        3.02739955e+02    3.0074512497e-08
       300          1664        2.96347098e+02    2.9439439199e-08
       301          1680        2.90587054e+02    2.8867230174e-08
       302          1696        2.85418527e+02    2.8353783169e-08
       303          1712        2.80330357e+02    2.7848318929e-08
       304          1728        2.73545759e+02    2.7174329651e-08
       305          1744        2.69406250e+02    2.6763106386e-08
       306          1760        2.62886161e+02    2.6115393710e-08
       307          1776        2.60186384e+02    2.5847194982e-08
       308          1792        2.54812500e+02    2.5313347578e-08
       309          1808        2.49455357e+02    2.4781163250e-08
       310          1824        2.46209821e+02    2.4458748244e-08
       311          1840        2.41104911e+02    2.3951620928e-08
       312          1856        2.37154018e+02    2.3559134986e-08
       313          1872        2.32694196e+02    2.3116091532e-08
       314          1888        2.28588170e+02    2.2708194419e-08
       315          1904        2.24110491e+02    2.2263377018e-08
       316          1920        2.21880580e+02    2.2041855291e-08
       317          1936        2.16736607e+02    2.1530847464e-08
       318          1952        2.14453125e+02    2.1304003894e-08
       319          1968        2.09950893e+02    2.0856747315e-08
       320          1984        2.06820312e+02    2.0545752098e-08
       321          2016        4.02236607e+02    1.9979308404e-08
       322          2048        3.90283482e+02    1.9385590262e-08
       323          2080        3.76964286e+02    1.8724018619e-08
       324          2112        3.65916295e+02    1.8175258966e-08
       325          2144        3.54770089e+02    1.7621620957e-08
       326          2176        3.44157366e+02    1.7094481293e-08
       327          2208        3.32945312e+02    1.6537572568e-08
       328          2240        3.24246652e+02    1.6105505416e-08
       329          2272        3.13892857e+02    1.5591226873e-08
       330          2304        3.05190848e+02    1.5158993414e-08
       331          2336        2.96186384e+02    1.4711736834e-08
       332          2368        2.87494420e+02    1.4280002298e-08
       333          2400        2.79077009e+02    1.3861904985e-08
       334          2432        2.70591518e+02    1.3440426084e-08
       335          2464        2.63803571e+02    1.3103265138e-08
       336          2496        2.56770089e+02    1.2753908301e-08
       337          2528        2.49213170e+02    1.2378552042e-08
       338          2560        2.42237723e+02    1.2032077869e-08
       339          2592        2.36354911e+02    1.1739875412e-08
       340          2624        2.28837054e+02    1.1366459408e-08
       341          2656        2.23358259e+02    1.1094324734e-08
       342          2688        2.17136161e+02    1.0785269773e-08
       343          2720        2.12822545e+02    1.0571010145e-08
       344          2752        2.06888393e+02    1.0276257637e-08
       345          2784        2.02069196e+02    1.0036885561e-08
       346          2816        1.95881696e+02    9.7295491114e-09
       347          2848        1.89907366e+02    9.4328009124e-09
       348          2880        1.85819196e+02    9.2297393296e-09
       349          2912        1.81142857e+02    8.9974630447e-09
       350          2944        1.76225446e+02    8.7532126123e-09
       351          2976        1.72204241e+02    8.5534771816e-09
       352          3008        1.67607143e+02    8.3251368432e-09
       353          3040        1.62869420e+02    8.0898115855e-09
       354          3072        1.58458705e+02    7.8707290370e-09
       355          3104        1.54922991e+02    7.6951082086e-09
       356          3136        1.51430804e+02    7.5216493791e-09
       357          3168        1.47505580e+02    7.3266814330e-09
       358          3200        1.44015625e+02    7.1533334752e-09
       359          3232        1.40370536e+02    6.9722799318e-09
       360          3264        1.36333705e+02    6.7717683989e-09
       361          3296        1.33356027e+02    6.6238655043e-09
       362          3328        1.30486607e+02    6.4813398889e-09
       363          3360        1.27050223e+02    6.3106528528e-09
       364          3392        1.24234375e+02    6.1707881590e-09
       365          3424        1.21020089e+02    6.0111328605e-09
       366          3456        1.18112723e+02    5.8667224255e-09
       367          3488        1.14812500e+02    5.7027985652e-09
       368          3520        1.12492188e+02    5.5875473966e-09
       369          3552        1.09776786e+02    5.4526719309e-09
       370          3584        1.08059152e+02    5.3673561308e-09
       371          3616        1.04417411e+02    5.1864688950e-09
       372          3648        1.02435268e+02    5.0880147942e-09
       373          3680        9.99821429e+01    4.9661667574e-09
       374          3712        9.82712054e+01    4.8811835725e-09
       375          3744        9.51852679e+01    4.7279033987e-09
       376          3776        9.32109375e+01    4.6298373491e-09
       377          3808        9.09464286e+01    4.5173579738e-09
       378          3840        8.87287946e+01    4.4072069050e-09
       379          3872        8.70468750e+01    4.3236650527e-09
       380          3904        8.49330357e+01    4.2186695195e-09
       381          3936        8.34375000e+01    4.1443854570e-09
       382          3968        8.11406250e+01    4.0302984416e-09
       383          4000        8.00948661e+01    3.9783550338e-09
       384          4032        7.75022321e+01    3.8495775135e-09
       385          4096        1.50171875e+02    3.7295588603e-09
       386          4160        1.44457589e+02    3.5876430394e-09
       387          4224        1.37440848e+02    3.4133803898e-09
       388          4288        1.30551339e+02    3.2422775846e-09
       389          4352        1.26358259e+02    3.1381413074e-09
       390          4416        1.21422991e+02    3.0155726043e-09
       391          4480        1.15263393e+02    2.8625973279e-09
       392          4544        1.09959821e+02    2.7308817066e-09
       393          4608        1.04210938e+02    2.5881066297e-09
       394          4672        1.00570312e+02    2.4976907298e-09
       395          4736        9.61060268e+01    2.3868189947e-09
       396          4800        9.22020089e+01    2.2898616624e-09
       397          4864        8.83046875e+01    2.1930706377e-09
       398          4928        8.40758929e+01    2.0880473866e-09
       399          4992        8.04040179e+01    1.9968553845e-09
       400          5056        7.65245536e+01    1.9005078468e-09
       401          5120        7.31875000e+01    1.8176312248e-09
       402          5184        6.94575893e+01    1.7249978901e-09
       403          5248        6.65803571e+01    1.6535410569e-09
       404          5312        6.35357143e+01    1.5779265336e-09
       405          5376        5.99441964e+01    1.4887302227e-09
       406          5440        5.72600446e+01    1.4220685920e-09
       407          5504        5.47678571e+01    1.3601744459e-09
       408          5568        5.16875000e+01    1.2836729487e-09
       409          5632        4.92332589e+01    1.2227212123e-09
       410          5696        4.68772321e+01    1.1642086541e-09
       411          5760        4.48861607e+01    1.1147598603e-09
       412          5824        4.20569196e+01    1.0444948982e-09
       413          5888        4.00970982e+01    9.9582220649e-10
       414          5952        3.79207589e+01    9.4177223565e-10
       415          6016        3.59218750e+01    8.9212941627e-10
       416          6080        3.38158482e+01    8.3982567525e-10
       417          6144        3.23571429e+01    8.0359833581e-10
       418          6208        3.03917411e+01    7.5478705445e-10
       419          6272        2.86227679e+01    7.1085412942e-10
       420          6336        2.71573661e+01    6.7446048238e-10
       421          6400        2.54330357e+01    6.3163627471e-10
       422          6464        2.39084821e+01    5.9377357718e-10
       423          6528        2.27187500e+01    5.6422625979e-10
       424          6592        2.14330357e+01    5.3229520009e-10
       425          6656        1.98828125e+01    4.9379499008e-10
       426          6720        1.85245536e+01    4.6006226469e-10
       427          6784        1.76149554e+01    4.3747214867e-10
       428          6848        1.61707589e+01    4.0160514237e-10
       429          6912        1.53180804e+01    3.8042864097e-10
       430          6976        1.42555804e+01    3.5404116802e-10
       431          7040        1.32031250e+01    3.2790315648e-10
       432          7104        1.24185268e+01    3.0841744904e-10
       433          7168        1.15837054e+01    2.8768443458e-10
       434          7232        1.07946429e+01    2.6808785541e-10
       435          7296        9.91517857e+00    2.4624612360e-10
       436          7360        9.09151786e+00    2.2579028848e-10
       437          7424        8.61941964e+00    2.1406560249e-10
       438          7488        7.69419643e+00    1.9108743540e-10
       439          7552        7.21763393e+00    1.7925187768e-10
       440          7616        6.59933036e+00    1.6389614237e-10
       441          7680        6.02790179e+00    1.4970456028e-10
       442          7744        5.62500000e+00    1.3969838619e-10
       443          7808        5.10602679e+00    1.2680954699e-10
       444          7872        4.65178571e+00    1.1552834795e-10
       445          7936        4.26227679e+00    1.0585478906e-10
       446          8000        3.88058036e+00    9.6375255712e-11
       447          8064        3.44531250e+00    8.5565261543e-11
       448          8128        3.08370536e+00    7.6584651002e-11
       449          8256        5.35825893e+00    6.6536900011e-11
       450          8384        4.35044643e+00    5.4022252914e-11
       451          8512        3.48214286e+00    4.3239976679e-11
       452          8640        2.75334821e+00    3.4190071303e-11
       453          8768        2.11941964e+00    2.6318178113e-11
       454          8896        1.64732143e+00    2.0455835121e-11
       455          9024        1.23660714e+00    1.5355735308e-11
       456          9152        9.09598214e-01    1.1295058011e-11
       457          9280        6.47321429e-01    8.0382007928e-12
       458          9408        5.15625000e-01    6.4028427005e-12
       459          9536        3.61607143e-01    4.4903052705e-12
       460          9664        2.53348214e-01    3.1459854827e-12
       461          9792        2.02008929e-01    2.5084730060e-12
       462          9920        1.17187500e-01    1.4551915228e-12
       463         10048        8.25892857e-02    1.0255635494e-12
       464         10176        7.58928571e-02    9.4240974812e-13
       465         10304        3.57142857e-02    4.4348694029e-13
       466         10432        2.67857143e-02    3.3261520522e-13
       467         10560        1.11607143e-02    1.3858966884e-13
       468         10688        7.81250000e-03    9.7012768189e-14
       469         10816        3.34821429e-03    4.1576900652e-14
       470         10944        2.23214286e-03    2.7717933768e-14
       471         11072        0.00000000e+00    0.0000000000e+00
       472         11200        0.00000000e+00    0.0000000000e+00
       473         11328        1.11607143e-03    1.3858966884e-14
