         0             0        8.57600000e+05    3.4895833333e-01
         1             1        1.50361987e+06    6.1182449250e-01
         2             2        4.91819688e+04    2.0012194316e-02
         3             3        1.29902991e+04    5.2857662383e-03
         4             4        6.09868192e+03    2.4815600259e-03
         5             5        3.77498772e+03    1.5360464369e-03
         6             6        2.51952790e+03    1.0251985277e-03
         7             7        1.78886942e+03    7.2789283026e-04
         8             8        1.35831138e+03    5.5269831703e-04
         9             9        1.06335603e+03    4.3268067496e-04
        10            10        8.62704241e+02    3.5103525434e-04
        11            11        7.17373884e+02    2.9190018063e-04
        12            12        6.08609375e+02    2.4764378866e-04
        13            13        5.24337054e+02    2.1335329328e-04
        14            14        4.60022321e+02    1.8718356178e-04
        15            15        4.09531250e+02    1.6663869222e-04
        16            16        3.68190848e+02    1.4981723967e-04
        17            17        3.35150670e+02    1.3637315659e-04
        18            18        3.06439732e+02    1.2469064622e-04
        19            19        2.83447545e+02    1.1533510117e-04
        20            20        2.65507812e+02    1.0803540548e-04
        21            21        2.52257812e+02    1.0264396667e-04
        22            22        2.41047991e+02    9.8082678659e-05
        23            23        2.32767857e+02    9.4713483538e-05
        24            24        2.26771205e+02    9.2273439680e-05
        25            25        2.22382812e+02    9.0487798055e-05
        26            26        2.21098214e+02    8.9965093703e-05
        27            27        2.20449777e+02    8.9701243809e-05
        28            28        2.19517857e+02    8.9322044736e-05
        29            29        2.22857143e+02    9.0680803571e-05
        30            30        2.23695312e+02    9.1021855672e-05
        31            31        2.27703125e+02    9.2652638753e-05
        32            32        2.30833705e+02    9.3926475162e-05
        33            33        2.36399554e+02    9.6191224598e-05
        34            34        2.42565848e+02    9.8700296311e-05
        35            35        2.48829241e+02    1.0124887739e-04
        36            36        2.58579241e+02    1.0521616255e-04
        37            37        2.69650670e+02    1.0972113836e-04
        38            38        2.82302455e+02    1.1486916315e-04
        39            39        2.96704241e+02    1.2072926476e-04
        40            40        3.11924107e+02    1.2692224412e-04
        41            41        3.30077009e+02    1.3430867876e-04
        42            42        3.49921875e+02    1.4238357544e-04
        43            43        3.70311384e+02    1.5068008786e-04
        44            44        3.93177455e+02    1.5998431614e-04
        45            45        4.17367188e+02    1.6982714335e-04
        46            46        4.44779018e+02    1.8098104568e-04
        47            47        4.71036830e+02    1.9166537694e-04
        48            48        4.98083705e+02    2.0267077855e-04
        49            49        5.22599330e+02    2.1264621190e-04
        50            50        5.45479911e+02    2.2195634388e-04
        51            51        5.59400670e+02    2.2762071519e-04
        52            52        5.62675223e+02    2.2895313445e-04
        53            53        5.46843750e+02    2.2251129150e-04
        54            54        5.04697545e+02    2.0536195664e-04
        55            55        4.30579241e+02    1.7520314171e-04
        56            56        3.25662946e+02    1.3251259213e-04
        57            57        1.96647321e+02    8.0015999930e-05
        58            58        8.54162946e+01    3.4755979265e-05
        59            59        1.91160714e+01    7.7783493769e-06
        60            60        5.99330357e-01    2.4386814662e-07
