         0             0        8.92565794e+07    1.3447034324e-02
         1             1        6.17901819e+09    9.3090582604e-01
         2             2        2.05592653e+08    3.0973755486e-02
         3             3        5.37634709e+07    8.0997865261e-03
         4             4        2.48371370e+07    3.7418623562e-03
         5             5        1.55020873e+07    2.3354816204e-03
         6             6        1.04324607e+07    1.5717122202e-03
         7             7        7.35936033e+06    1.1087313864e-03
         8             8        5.61813375e+06    8.4640524974e-04
         9             9        4.40552463e+06    6.6371847646e-04
        10            10        3.55741294e+06    5.3594540912e-04
        11            11        2.94439634e+06    4.4359081296e-04
        12            12        2.48065225e+06    3.7372500907e-04
        13            13        2.12112067e+06    3.1955943920e-04
        14            14        1.83836914e+06    2.7696124086e-04
        15            15        1.60997567e+06    2.4255240562e-04
        16            16        1.42349742e+06    2.1445834846e-04
        17            17        1.26892169e+06    1.9117059611e-04
        18            18        1.13914263e+06    1.7161860930e-04
        19            19        1.02901848e+06    1.5502775214e-04
        20            20        9.34878521e+05    1.4084500718e-04
        21            21        8.53641302e+05    1.2860613721e-04
        22            22        7.82972528e+05    1.1795946619e-04
        23            23        7.21063001e+05    1.0863242792e-04
        24            24        6.66529604e+05    1.0041664741e-04
        25            25        6.18225776e+05    9.3139388530e-05
        26            26        5.75186821e+05    8.6655314202e-05
        27            27        5.36734310e+05    8.0862214791e-05
        28            28        5.02114557e+05    7.5646543130e-05
        29            29        4.70910433e+05    7.0945456355e-05
        30            30        4.42638098e+05    6.6686061032e-05
        31            31        4.16951492e+05    6.2816221124e-05
        32            32        3.93532574e+05    5.9288021820e-05
        33            33        3.72076235e+05    5.6055496914e-05
        34            34        3.52386852e+05    5.3089174169e-05
        35            35        3.34380058e+05    5.0376343672e-05
        36            36        3.17648990e+05    4.7855708798e-05
        37            37        3.02280105e+05    4.5540294896e-05
        38            38        2.88067791e+05    4.3399125356e-05
        39            39        2.74768700e+05    4.1395538154e-05
        40            40        2.62484625e+05    3.9544869258e-05
        41            41        2.50980969e+05    3.7811775054e-05
        42            42        2.40312435e+05    3.6204497059e-05
        43            43        2.30292801e+05    3.4694979640e-05
        44            44        2.20926248e+05    3.3283852659e-05
        45            45        2.12162336e+05    3.1963517239e-05
        46            46        2.03891146e+05    3.0717413333e-05
        47            47        1.96139773e+05    2.9549622943e-05
        48            48        1.88825742e+05    2.8447720652e-05
        49            49        1.81905802e+05    2.7405190591e-05
        50            50        1.75388877e+05    2.6423377063e-05
        51            51        1.69211954e+05    2.5492786892e-05
        52            52        1.63392080e+05    2.4615988291e-05
        53            53        1.57858549e+05    2.3782328911e-05
        54            54        1.52631787e+05    2.2994886100e-05
        55            55        1.47647987e+05    2.2244046967e-05
        56            56        1.42963694e+05    2.1538330467e-05
        57            57        1.38432105e+05    2.0855619600e-05
        58            58        1.34164829e+05    2.0212729151e-05
        59            59        1.30090584e+05    1.9598919839e-05
        60            60        1.26203837e+05    1.9013358349e-05
        61            61        1.22469494e+05    1.8450757430e-05
        62            62        1.18930138e+05    1.7917532403e-05
        63            63        1.15539485e+05    1.7406710385e-05
        64            64        1.12311605e+05    1.6920410986e-05
        65            66        2.15429479e+05    1.6227865867e-05
        66            68        2.03990297e+05    1.5366175485e-05
        67            70        1.93504095e+05    1.4576271148e-05
        68            72        1.83818119e+05    1.3846646256e-05
        69            74        1.74846438e+05    1.3170827646e-05
        70            76        1.66569799e+05    1.2547365256e-05
        71            78        1.58830665e+05    1.1964391988e-05
        72            80        1.51642702e+05    1.1422937296e-05
        73            82        1.44951164e+05    1.0918877309e-05
        74            84        1.38728994e+05    1.0450173885e-05
        75            86        1.32876070e+05    1.0009284978e-05
        76            88        1.27387153e+05    9.5958159582e-06
        77            90        1.22247185e+05    9.2086326173e-06
        78            92        1.17438083e+05    8.8463726627e-06
        79            94        1.12900182e+05    8.5045418056e-06
        80            96        1.08605826e+05    8.1810566726e-06
        81            98        1.04581095e+05    7.8778818443e-06
        82           100        1.00764795e+05    7.5904076858e-06
        83           102        9.71511339e+04    7.3181979507e-06
        84           104        9.37675145e+04    7.0633167599e-06
        85           106        9.05258694e+04    6.8191302075e-06
        86           108        8.74582868e+04    6.5880554304e-06
        87           110        8.45541228e+04    6.3692906396e-06
        88           112        8.17823337e+04    6.1604973892e-06
        89           114        7.91621384e+04    5.9631233886e-06
        90           116        7.66476830e+04    5.7737145644e-06
        91           118        7.42487467e+04    5.5930075503e-06
        92           120        7.19720480e+04    5.4215084561e-06
        93           122        6.98041462e+04    5.2582048099e-06
        94           124        6.77547109e+04    5.1038250063e-06
        95           126        6.57610580e+04    4.9536471752e-06
        96           128        6.38732667e+04    4.8114436843e-06
        97           130        6.20430670e+04    4.6735784458e-06
        98           132        6.03319252e+04    4.5446816077e-06
        99           134        5.86504096e+04    4.4180164448e-06
       100           136        5.70541350e+04    4.2977723190e-06
       101           138        5.55257411e+04    4.1826414998e-06
       102           140        5.40662333e+04    4.0726997353e-06
       103           142        5.26543036e+04    3.9663419346e-06
       104           144        5.12901663e+04    3.8635842392e-06
       105           146        4.99890089e+04    3.7655706928e-06
       106           148        4.87321719e+04    3.6708957058e-06
       107           150        4.75225837e+04    3.5797798813e-06
       108           152        4.63672087e+04    3.4927478250e-06
       109           154        4.52413449e+04    3.4079387846e-06
       110           156        4.41693237e+04    3.3271856007e-06
       111           158        4.31143203e+04    3.2477143374e-06
       112           160        4.21250011e+04    3.1731909281e-06
       113           162        4.11303850e+04    3.0982685160e-06
       114           164        4.02069955e+04    3.0287114564e-06
       115           166        3.92993605e+04    2.9603411487e-06
       116           168        3.84172533e+04    2.8938938060e-06
       117           170        3.75712054e+04    2.8301627262e-06
       118           172        3.67435301e+04    2.7678156297e-06
       119           174        3.59587444e+04    2.7086993129e-06
       120           176        3.51986908e+04    2.6514460183e-06
       121           178        3.44451317e+04    2.5946819352e-06
       122           180        3.37309933e+04    2.5408873380e-06
       123           182        3.30283225e+04    2.4879565743e-06
       124           184        3.23608906e+04    2.4376802810e-06
       125           186        3.16991853e+04    2.3878353580e-06
       126           188        3.10667065e+04    2.3401920127e-06
       127           190        3.04396730e+04    2.2929588518e-06
       128           192        2.98464475e+04    2.2482723816e-06
       129           196        5.79686339e+04    2.1833298329e-06
       130           200        5.57835770e+04    2.1010318791e-06
       131           204        5.36964107e+04    2.0224208764e-06
       132           208        5.17434286e+04    1.9488637838e-06
       133           212        4.98808415e+04    1.8787113305e-06
       134           216        4.81292645e+04    1.8127399581e-06
       135           220        4.64691574e+04    1.7502137055e-06
       136           224        4.48848103e+04    1.6905408781e-06
       137           228        4.33847232e+04    1.6340416199e-06
       138           232        4.19623850e+04    1.5804706946e-06
       139           236        4.05887243e+04    1.5287331563e-06
       140           240        3.92792020e+04    1.4794113255e-06
       141           244        3.80499542e+04    1.4331129545e-06
       142           248        3.68759185e+04    1.3888940894e-06
       143           252        3.57460792e+04    1.3463398381e-06
       144           256        3.46844453e+04    1.3063544724e-06
       145           260        3.36385536e+04    1.2669620202e-06
       146           264        3.26613203e+04    1.2301555201e-06
       147           268        3.17203002e+04    1.1947129524e-06
       148           272        3.08221674e+04    1.1608856905e-06
       149           276        2.99649498e+04    1.1285994573e-06
       150           280        2.91292321e+04    1.0971229998e-06
       151           284        2.83274844e+04    1.0669259828e-06
       152           288        2.75586295e+04    1.0379678420e-06
       153           292        2.68278705e+04    1.0104445478e-06
       154           296        2.61462578e+04    9.8477229551e-07
       155           300        2.54457500e+04    9.5838837887e-07
       156           304        2.48019509e+04    9.3414033814e-07
       157           308        2.41736775e+04    9.1047705601e-07
       158           312        2.35668962e+04    8.8762325533e-07
       159           316        2.29843337e+04    8.6568162932e-07
       160           320        2.24239855e+04    8.4457668187e-07
       161           324        2.18843929e+04    8.2425347231e-07
       162           328        2.13534029e+04    8.0425427392e-07
       163           332        2.08598147e+04    7.8566377587e-07
       164           336        2.03718404e+04    7.6728471738e-07
       165           340        1.98979688e+04    7.4943682199e-07
       166           344        1.94452545e+04    7.3238579735e-07
       167           348        1.90019676e+04    7.1568984825e-07
       168           352        1.85700893e+04    6.9942358807e-07
       169           356        1.81645368e+04    6.8414886595e-07
       170           360        1.77739888e+04    6.6943927178e-07
       171           364        1.73830112e+04    6.5471349386e-07
       172           368        1.70148940e+04    6.4084873316e-07
       173           372        1.66506987e+04    6.2713168590e-07
       174           376        1.63024107e+04    6.1401377347e-07
       175           380        1.59626808e+04    6.0121819077e-07
       176           384        1.56319978e+04    5.8876334945e-07
       177           388        1.53110190e+04    5.7667400853e-07
       178           392        1.49990212e+04    5.6492292889e-07
       179           396        1.47006507e+04    5.5368510512e-07
       180           400        1.44138214e+04    5.4288197252e-07
       181           404        1.41317835e+04    5.3225929918e-07
       182           408        1.38515279e+04    5.2170375684e-07
       183           412        1.35856920e+04    5.1169131574e-07
       184           416        1.33247020e+04    5.0186139364e-07
       185           420        1.30757400e+04    4.9248449027e-07
       186           424        1.28281562e+04    4.8315950099e-07
       187           428        1.25836719e+04    4.7395124485e-07
       188           432        1.23599788e+04    4.6552607174e-07
       189           436        1.21224710e+04    4.5658058075e-07
       190           440        1.19118895e+04    4.4864924303e-07
       191           444        1.16974676e+04    4.4057326047e-07
       192           448        1.14881339e+04    4.3268891866e-07
       193           456        2.23664911e+04    4.2120560642e-07
       194           464        2.15821172e+04    4.0643428282e-07
       195           472        2.08597879e+04    3.9283138351e-07
       196           480        2.01609286e+04    3.7967046855e-07
       197           488        1.94897712e+04    3.6703123764e-07
       198           496        1.88639710e+04    3.5524617213e-07
       199           504        1.82598292e+04    3.4386897900e-07
       200           512        1.76874420e+04    3.3308978573e-07
       201           520        1.71334877e+04    3.2265772326e-07
       202           528        1.66144721e+04    3.1288362458e-07
       203           536        1.61064911e+04    3.0331732936e-07
       204           544        1.56352411e+04    2.9444275260e-07
       205           552        1.51782533e+04    2.8583676293e-07
       206           560        1.47307589e+04    2.7740955109e-07
       207           568        1.43155815e+04    2.6959093210e-07
       208           576        1.39081172e+04    2.6191756746e-07
       209           584        1.35244185e+04    2.5469175692e-07
       210           592        1.31484609e+04    2.4761172617e-07
       211           600        1.27938493e+04    2.4093368282e-07
       212           608        1.24435949e+04    2.3433769315e-07
       213           616        1.21159777e+04    2.2816800852e-07
       214           624        1.17973404e+04    2.2216743351e-07
       215           632        1.15036272e+04    2.1663622912e-07
       216           640        1.12070848e+04    2.1105174447e-07
       217           648        1.09151953e+04    2.0555488324e-07
       218           656        1.06403214e+04    2.0037846015e-07
       219           664        1.03867199e+04    1.9560263726e-07
       220           672        1.01341150e+04    1.9084558332e-07
       221           680        9.88574107e+03    1.8616820804e-07
       222           688        9.65092746e+03    1.8174619963e-07
       223           696        9.42004018e+03    1.7739813202e-07
       224           704        9.20228013e+03    1.7329727635e-07
       225           712        8.99030692e+03    1.6930539824e-07
       226           720        8.78729576e+03    1.6548229345e-07
       227           728        8.58316071e+03    1.6163802369e-07
       228           736        8.39216853e+03    1.5804126012e-07
       229           744        8.20285938e+03    1.5447619148e-07
       230           752        8.02820982e+03    1.5118719228e-07
       231           760        7.85143304e+03    1.4785813307e-07
       232           768        7.67726451e+03    1.4457819256e-07
       233           776        7.52223772e+03    1.4165872920e-07
       234           784        7.36664174e+03    1.3872854673e-07
       235           792        7.21042746e+03    1.3578672037e-07
       236           800        7.06066295e+03    1.3296635617e-07
       237           808        6.91484375e+03    1.3022029006e-07
       238           816        6.77224219e+03    1.2753481842e-07
       239           824        6.63837388e+03    1.2501381144e-07
       240           832        6.50522433e+03    1.2250633996e-07
       241           840        6.37982701e+03    1.2014485847e-07
       242           848        6.25369754e+03    1.1776958926e-07
       243           856        6.13754688e+03    1.1558224065e-07
       244           864        6.01083147e+03    1.1319593707e-07
       245           872        5.90039174e+03    1.1111613679e-07
       246           880        5.78519420e+03    1.0894673742e-07
       247           888        5.68262388e+03    1.0701513400e-07
       248           896        5.57295647e+03    1.0494987807e-07
       249           904        5.46906473e+03    1.0299338952e-07
       250           912        5.36352455e+03    1.0100585760e-07
       251           920        5.27371540e+03    9.9314572268e-08
       252           928        5.17675000e+03    9.7488520487e-08
       253           936        5.08410491e+03    9.5743828801e-08
       254           944        4.99875446e+03    9.4136509779e-08
       255           952        4.90806920e+03    9.2428725437e-08
       256           960        4.82176897e+03    9.0803520225e-08
       257           976        9.39087054e+03    8.8424404753e-08
       258           992        9.08102344e+03    8.5506885539e-08
       259          1008        8.78005580e+03    8.2672975330e-08
       260          1024        8.49456473e+03    7.9984792381e-08
       261          1040        8.22639174e+03    7.7459676417e-08
       262          1056        7.96022656e+03    7.4953466008e-08
       263          1072        7.70669196e+03    7.2566185101e-08
       264          1088        7.47557924e+03    7.0390028492e-08
       265          1104        7.24469754e+03    6.8216047230e-08
       266          1120        7.03331696e+03    6.6225688411e-08
       267          1136        6.81754129e+03    6.4193945446e-08
       268          1152        6.62290513e+03    6.2361252024e-08
       269          1168        6.43039844e+03    6.0548609631e-08
       270          1184        6.24857589e+03    5.8836569174e-08
       271          1200        6.07062723e+03    5.7161005195e-08
       272          1216        5.91115513e+03    5.5659416465e-08
       273          1232        5.74324442e+03    5.4078369755e-08
       274          1248        5.58593192e+03    5.2597115795e-08
       275          1264        5.43956250e+03    5.1218901842e-08
       276          1280        5.29575558e+03    4.9864816380e-08
       277          1296        5.15768527e+03    4.8564746791e-08
       278          1312        5.02137612e+03    4.7281260285e-08
       279          1328        4.89589955e+03    4.6099773403e-08
       280          1344        4.76996317e+03    4.4913956844e-08
       281          1360        4.65434710e+03    4.3825316312e-08
       282          1376        4.53799107e+03    4.2729708363e-08
       283          1392        4.42721317e+03    4.1686624020e-08
       284          1408        4.31898661e+03    4.0667563078e-08
       285          1424        4.21986272e+03    3.9734212927e-08
       286          1440        4.11838839e+03    3.8778730981e-08
       287          1456        4.02077455e+03    3.7859599405e-08
       288          1472        3.93265179e+03    3.7029835725e-08
       289          1488        3.84030692e+03    3.6160316783e-08
       290          1504        3.75545424e+03    3.5361344252e-08
       291          1520        3.66821094e+03    3.4539861605e-08
       292          1536        3.59154799e+03    3.3818003565e-08
       293          1552        3.51155022e+03    3.3064744857e-08
       294          1568        3.43557701e+03    3.2349381332e-08
       295          1584        3.35929018e+03    3.1631064799e-08
       296          1600        3.28995759e+03    3.0978229376e-08
       297          1616        3.21690402e+03    3.0290357198e-08
       298          1632        3.15186830e+03    2.9677981135e-08
       299          1648        3.08734710e+03    2.9070449687e-08
       300          1664        3.02661049e+03    2.8498554002e-08
       301          1680        2.96417076e+03    2.7910621699e-08
       302          1696        2.90221094e+03    2.7327208233e-08
       303          1712        2.84532366e+03    2.6791557830e-08
       304          1728        2.78972321e+03    2.6268024217e-08
       305          1744        2.73623661e+03    2.5764394507e-08
       306          1760        2.68341629e+03    2.5267038626e-08
       307          1776        2.62973549e+03    2.4761580364e-08
       308          1792        2.58115402e+03    2.4304137379e-08
       309          1808        2.53100112e+03    2.3831897827e-08
       310          1824        2.48323326e+03    2.3382115848e-08
       311          1840        2.43488728e+03    2.2926890246e-08
       312          1856        2.39079464e+03    2.2511714156e-08
       313          1872        2.35080915e+03    2.2135210910e-08
       314          1888        2.30702121e+03    2.1722903756e-08
       315          1904        2.26443192e+03    2.1321883188e-08
       316          1920        2.22343415e+03    2.0935848347e-08
       317          1936        2.18261384e+03    2.0551484424e-08
       318          1952        2.14809933e+03    2.0226495926e-08
       319          1968        2.10989062e+03    1.9866722888e-08
       320          1984        2.07456696e+03    1.9534115420e-08
       321          2016        4.03745871e+03    1.9008348660e-08
       322          2048        3.90581808e+03    1.8388584824e-08
       323          2080        3.77967857e+03    1.7794720232e-08
       324          2112        3.65231250e+03    1.7195080986e-08
       325          2144        3.53763393e+03    1.6655174469e-08
       326          2176        3.42380692e+03    1.6119277106e-08
       327          2208        3.32061161e+03    1.5633433751e-08
       328          2240        3.21839955e+03    1.5152219579e-08
       329          2272        3.11422321e+03    1.4661757552e-08
       330          2304        3.02604129e+03    1.4246597225e-08
       331          2336        2.93724665e+03    1.3828552199e-08
       332          2368        2.85199777e+03    1.3427200600e-08
       333          2400        2.76650781e+03    1.3024714037e-08
       334          2432        2.69147656e+03    1.2671467040e-08
       335          2464        2.61709263e+03    1.2321267632e-08
       336          2496        2.54572768e+03    1.1985281545e-08
       337          2528        2.47612723e+03    1.1657602762e-08
       338          2560        2.40734152e+03    1.1333759737e-08
       339          2592        2.34419196e+03    1.1036451747e-08
       340          2624        2.28233594e+03    1.0745233679e-08
       341          2656        2.22413281e+03    1.0471213467e-08
       342          2688        2.16666518e+03    1.0200655945e-08
       343          2720        2.11446652e+03    9.9549047397e-09
       344          2752        2.05915513e+03    9.6944988390e-09
       345          2784        2.00867299e+03    9.4568289970e-09
       346          2816        1.95825781e+03    9.2194744227e-09
       347          2848        1.91504353e+03    9.0160216397e-09
       348          2880        1.86464732e+03    8.7787563913e-09
       349          2912        1.82170424e+03    8.5765804427e-09
       350          2944        1.77634598e+03    8.3630338374e-09
       351          2976        1.73626897e+03    8.1743513481e-09
       352          3008        1.69776228e+03    7.9930618874e-09
       353          3040        1.65717076e+03    7.8019570909e-09
       354          3072        1.62251228e+03    7.6387850164e-09
       355          3104        1.58677009e+03    7.4705108590e-09
       356          3136        1.55132589e+03    7.3036396430e-09
       357          3168        1.51512165e+03    7.1331901381e-09
       358          3200        1.48280692e+03    6.9810524346e-09
       359          3232        1.45182366e+03    6.8351833047e-09
       360          3264        1.42035268e+03    6.6870179747e-09
       361          3296        1.38925558e+03    6.5406128897e-09
       362          3328        1.35950335e+03    6.4005394318e-09
       363          3360        1.33460491e+03    6.2833176307e-09
       364          3392        1.30454799e+03    6.1418097046e-09
       365          3424        1.28254241e+03    6.0382074700e-09
       366          3456        1.25473214e+03    5.9072767766e-09
       367          3488        1.22866853e+03    5.7845693169e-09
       368          3520        1.20436272e+03    5.6701376354e-09
       369          3552        1.18273996e+03    5.5683376814e-09
       370          3584        1.15901116e+03    5.4566225569e-09
       371          3616        1.13582366e+03    5.3474558467e-09
       372          3648        1.11444531e+03    5.2468066199e-09
       373          3680        1.09383817e+03    5.1497882267e-09
       374          3712        1.07212612e+03    5.0475679157e-09
       375          3744        1.05302344e+03    4.9576325378e-09
       376          3776        1.03403795e+03    4.8682488784e-09
       377          3808        1.01418415e+03    4.7747772472e-09
       378          3840        9.97514509e+02    4.6962965973e-09
       379          3872        9.78190848e+02    4.6053208357e-09
       380          3904        9.61553571e+02    4.5269925652e-09
       381          3936        9.41606027e+02    4.4330795592e-09
       382          3968        9.26978795e+02    4.3642145754e-09
       383          4000        9.11380580e+02    4.2907782093e-09
       384          4032        8.95520089e+02    4.2161070445e-09
       385          4096        1.74308594e+03    4.1032228021e-09
       386          4160        1.68564844e+03    3.9680149764e-09
       387          4224        1.63284933e+03    3.8437259235e-09
       388          4288        1.57744420e+03    3.7133022857e-09
       389          4352        1.52808259e+03    3.5971051048e-09
       390          4416        1.47984598e+03    3.4835561730e-09
       391          4480        1.43516629e+03    3.3783802269e-09
       392          4544        1.38800446e+03    3.2673613187e-09
       393          4608        1.34648549e+03    3.1696256913e-09
       394          4672        1.30468638e+03    3.0712306290e-09
       395          4736        1.26737054e+03    2.9833891543e-09
       396          4800        1.23057366e+03    2.8967693421e-09
       397          4864        1.19633259e+03    2.8161658893e-09
       398          4928        1.16449554e+03    2.7412214925e-09
       399          4992        1.12920982e+03    2.6581589513e-09
       400          5056        1.09894531e+03    2.5869163233e-09
       401          5120        1.06633036e+03    2.5101407463e-09
       402          5184        1.04065737e+03    2.4497065473e-09
       403          5248        1.01256250e+03    2.3835712567e-09
       404          5312        9.84495536e+02    2.3175016468e-09
       405          5376        9.59077009e+02    2.2576664566e-09
       406          5440        9.33666295e+02    2.1978496569e-09
       407          5504        9.10406250e+02    2.1430955318e-09
       408          5568        8.87534598e+02    2.0892556831e-09
       409          5632        8.65309152e+02    2.0369370013e-09
       410          5696        8.44318080e+02    1.9875240371e-09
       411          5760        8.23216518e+02    1.9378509771e-09
       412          5824        8.04367188e+02    1.8934796696e-09
       413          5888        7.82609375e+02    1.8422617976e-09
       414          5952        7.65521205e+02    1.8020362610e-09
       415          6016        7.48222098e+02    1.7613141776e-09
       416          6080        7.30058036e+02    1.7185559900e-09
       417          6144        7.12708705e+02    1.6777156812e-09
       418          6208        6.96973214e+02    1.6406743488e-09
       419          6272        6.81162946e+02    1.6034569918e-09
       420          6336        6.66564732e+02    1.5690928079e-09
       421          6400        6.51103795e+02    1.5326977743e-09
       422          6464        6.36287946e+02    1.4978212803e-09
       423          6528        6.23877232e+02    1.4686064695e-09
       424          6592        6.10089286e+02    1.4361496554e-09
       425          6656        5.98364955e+02    1.4085505918e-09
       426          6720        5.86635045e+02    1.3809383920e-09
       427          6784        5.73215402e+02    1.3493485643e-09
       428          6848        5.60484375e+02    1.3193797381e-09
       429          6912        5.48405134e+02    1.2909452150e-09
       430          6976        5.37553571e+02    1.2654006462e-09
       431          7040        5.27187500e+02    1.2409989229e-09
       432          7104        5.17037946e+02    1.2171068825e-09
       433          7168        5.06270089e+02    1.1917593560e-09
       434          7232        4.96513393e+02    1.1687921010e-09
       435          7296        4.86132812e+02    1.1443562238e-09
       436          7360        4.76938616e+02    1.1227130932e-09
       437          7424        4.67587054e+02    1.1006995231e-09
       438          7488        4.58496652e+02    1.0793007251e-09
       439          7552        4.50186384e+02    1.0597383617e-09
       440          7616        4.42481027e+02    1.0415999576e-09
       441          7680        4.32675223e+02    1.0185171044e-09
       442          7744        4.26789062e+02    1.0046610871e-09
       443          7808        4.18827009e+02    9.8591841986e-10
       444          7872        4.11036830e+02    9.6758034619e-10
       445          7936        4.01388393e+02    9.4486793259e-10
       446          8000        3.95224330e+02    9.3035773475e-10
       447          8064        3.89561384e+02    9.1702716371e-10
       448          8128        3.81116071e+02    8.9714690533e-10
       449          8256        7.43345982e+02    8.7491790226e-10
       450          8384        7.19147321e+02    8.4643608898e-10
       451          8512        6.93781250e+02    8.1658023378e-10
       452          8640        6.71468750e+02    7.9031843085e-10
       453          8768        6.50952009e+02    7.6617023541e-10
       454          8896        6.27494420e+02    7.3856066287e-10
       455          9024        6.08392857e+02    7.1607813200e-10
       456          9152        5.89327009e+02    6.9363763683e-10
       457          9280        5.72104911e+02    6.7336723461e-10
       458          9408        5.53814732e+02    6.5183970228e-10
       459          9536        5.37937500e+02    6.3315220685e-10
       460          9664        5.21002232e+02    6.1321940385e-10
       461          9792        5.04828125e+02    5.9418248667e-10
       462          9920        4.93188616e+02    5.8048278966e-10
       463         10048        4.76775670e+02    5.6116475875e-10
       464         10176        4.64148438e+02    5.4630251193e-10
       465         10304        4.50914062e+02    5.3072565823e-10
       466         10432        4.39462054e+02    5.1724664863e-10
       467         10560        4.25530134e+02    5.0084878518e-10
       468         10688        4.14505580e+02    4.8787289036e-10
       469         10816        4.04091518e+02    4.7561554326e-10
       470         10944        3.93386161e+02    4.6301534249e-10
       471         11072        3.81954241e+02    4.4955997797e-10
       472         11200        3.73531250e+02    4.3964612109e-10
       473         11328        3.63734375e+02    4.2811520342e-10
       474         11456        3.54758929e+02    4.1755110682e-10
       475         11584        3.44902902e+02    4.0595056752e-10
       476         11712        3.35607143e+02    3.9500946325e-10
       477         11840        3.28074777e+02    3.8614387161e-10
       478         11968        3.19765625e+02    3.7636400352e-10
       479         12096        3.12599330e+02    3.6792927780e-10
       480         12224        3.05704241e+02    3.5981376067e-10
       481         12352        2.98166295e+02    3.5094160095e-10
       482         12480        2.91397321e+02    3.4297452238e-10
       483         12608        2.83754464e+02    3.3397888280e-10
       484         12736        2.78160714e+02    3.2739504145e-10
       485         12864        2.72900670e+02    3.2120397116e-10
       486         12992        2.66017857e+02    3.1310290380e-10
       487         13120        2.60547991e+02    3.0666487378e-10
       488         13248        2.54787946e+02    2.9988530370e-10
       489         13376        2.49504464e+02    2.9366664749e-10
       490         13504        2.43729911e+02    2.8687000041e-10
       491         13632        2.38023438e+02    2.8015348388e-10
       492         13760        2.33547991e+02    2.7488588535e-10
       493         13888        2.29085938e+02    2.6963405021e-10
       494         14016        2.23255580e+02    2.6277172236e-10
       495         14144        2.19841518e+02    2.5875337226e-10
       496         14272        2.15420759e+02    2.5355014089e-10
       497         14400        2.11438616e+02    2.4886316046e-10
       498         14528        2.07899554e+02    2.4469768541e-10
       499         14656        2.04042411e+02    2.4015782993e-10
       500         14784        1.99796875e+02    2.3516083621e-10
       501         14912        1.95688616e+02    2.3032541721e-10
       502         15040        1.92786830e+02    2.2691001667e-10
       503         15168        1.88760045e+02    2.2217049161e-10
       504         15296        1.85268973e+02    2.1806150204e-10
       505         15424        1.82149554e+02    2.1438994645e-10
       506         15552        1.79058036e+02    2.1075123126e-10
       507         15680        1.76459821e+02    2.0769313416e-10
       508         15808        1.73195312e+02    2.0385080855e-10
       509         15936        1.69746652e+02    1.9979173637e-10
       510         16064        1.66793527e+02    1.9631590951e-10
       511         16192        1.64116071e+02    1.9316454570e-10
       512         16320        1.61727679e+02    1.9035340834e-10
       513         16576        3.16708705e+02    1.8638300521e-10
       514         16832        3.06347098e+02    1.8028520162e-10
       515         17088        2.97950893e+02    1.7534403657e-10
       516         17344        2.89479911e+02    1.7035886540e-10
       517         17600        2.81001116e+02    1.6536909657e-10
       518         17856        2.73055804e+02    1.6069328186e-10
       519         18112        2.65593750e+02    1.5630186494e-10
       520         18368        2.59434152e+02    1.5267694271e-10
       521         18624        2.52785714e+02    1.4876433866e-10
       522         18880        2.47478795e+02    1.4564121759e-10
       523         19136        2.41972098e+02    1.4240052792e-10
       524         19392        2.36811384e+02    1.3936344867e-10
       525         19648        2.30753348e+02    1.3579829596e-10
       526         19904        2.26460938e+02    1.3327221317e-10
       527         20160        2.21747768e+02    1.3049851385e-10
       528         20416        2.16958705e+02    1.2768015159e-10
       529         20672        2.13824777e+02    1.2583583530e-10
       530         20928        2.09544643e+02    1.2331697740e-10
       531         21184        2.07581473e+02    1.2216165249e-10
       532         21440        2.04094866e+02    1.2010978493e-10
       533         21696        1.99811384e+02    1.1758895661e-10
       534         21952        1.97188616e+02    1.1604545828e-10
       535         22208        1.94448661e+02    1.1443299514e-10
       536         22464        1.90890625e+02    1.1233909189e-10
       537         22720        1.88347098e+02    1.1084222692e-10
       538         22976        1.85302455e+02    1.0905045525e-10
       539         23232        1.83026786e+02    1.0771122416e-10
       540         23488        1.81487723e+02    1.0680548620e-10
       541         23744        1.78565848e+02    1.0508596339e-10
       542         24000        1.74848214e+02    1.0289813662e-10
       543         24256        1.73762277e+02    1.0225906264e-10
       544         24512        1.71207589e+02    1.0075562959e-10
       545         24768        1.70045759e+02    1.0007189267e-10
       546         25024        1.68021205e+02    9.8880443332e-11
       547         25280        1.66125000e+02    9.7764526886e-11
       548         25536        1.63185268e+02    9.6034495150e-11
       549         25792        1.62525670e+02    9.5646321742e-11
       550         26048        1.59924107e+02    9.4115302769e-11
       551         26304        1.58982143e+02    9.3560956989e-11
       552         26560        1.57706473e+02    9.2810225677e-11
       553         26816        1.55434152e+02    9.1472965004e-11
       554         27072        1.53679688e+02    9.0440463148e-11
       555         27328        1.52063616e+02    8.9489405459e-11
       556         27584        1.50669643e+02    8.8669052521e-11
       557         27840        1.48964286e+02    8.7665450208e-11
       558         28096        1.46760045e+02    8.6368254810e-11
       559         28352        1.46165179e+02    8.6018176254e-11
       560         28608        1.43897321e+02    8.4683542812e-11
       561         28864        1.42622768e+02    8.3933468308e-11
       562         29120        1.40996652e+02    8.2976499349e-11
       563         29376        1.40174107e+02    8.2492432003e-11
       564         29632        1.38410714e+02    8.1454675685e-11
       565         29888        1.37579241e+02    8.0965353876e-11
       566         30144        1.36030134e+02    8.0053704655e-11
       567         30400        1.33977679e+02    7.8845835117e-11
       568         30656        1.33149554e+02    7.8358483732e-11
       569         30912        1.31489955e+02    7.7381810539e-11
       570         31168        1.30407366e+02    7.6744706976e-11
       571         31424        1.28003348e+02    7.5329942983e-11
       572         31680        1.26534598e+02    7.4465583923e-11
       573         31936        1.26184152e+02    7.4259346274e-11
       574         32192        1.24141741e+02    7.3057388007e-11
       575         32448        1.22970982e+02    7.2368396628e-11
       576         32704        1.21606027e+02    7.1565120693e-11
       577         33216        2.39168527e+02    7.0375313370e-11
       578         33728        2.34219866e+02    6.8919170485e-11
       579         34240        2.29337054e+02    6.7482403431e-11
       580         34752        2.23165179e+02    6.5666329873e-11
       581         35264        2.17888393e+02    6.4113636243e-11
       582         35776        2.13458705e+02    6.2810201171e-11
       583         36288        2.08391741e+02    6.1319247473e-11
       584         36800        2.03299107e+02    5.9820740485e-11
       585         37312        1.98632812e+02    5.8447683787e-11
       586         37824        1.93339286e+02    5.6890064097e-11
       587         38336        1.89018973e+02    5.5618812607e-11
       588         38848        1.84534598e+02    5.4299285744e-11
       589         39360        1.79364955e+02    5.2778118888e-11
       590         39872        1.74992188e+02    5.1491432414e-11
       591         40384        1.70636161e+02    5.0209672000e-11
       592         40896        1.66273438e+02    4.8925941161e-11
       593         41408        1.62049107e+02    4.7682932407e-11
       594         41920        1.57616071e+02    4.6378512123e-11
       595         42432        1.53215402e+02    4.5083615552e-11
       596         42944        1.49414062e+02    4.3965071875e-11
       597         43456        1.45409598e+02    4.2786758688e-11
       598         43968        1.41678571e+02    4.1688904456e-11
       599         44480        1.37399554e+02    4.0429803910e-11
       600         44992        1.33952009e+02    3.9415364269e-11
       601         45504        1.30505580e+02    3.8401253031e-11
       602         46016        1.28058036e+02    3.7681063282e-11
       603         46528        1.23785714e+02    3.6423933160e-11
       604         47040        1.20588170e+02    3.5483055992e-11
       605         47552        1.17687500e+02    3.4629534260e-11
       606         48064        1.14263393e+02    3.3621991100e-11
       607         48576        1.10695312e+02    3.2572083838e-11
       608         49088        1.08032366e+02    3.1788512136e-11
       609         49600        1.05434152e+02    3.1023987861e-11
       610         50112        1.02325893e+02    3.0109383005e-11
       611         50624        9.94319196e+01    2.9257831697e-11
       612         51136        9.67991071e+01    2.8483126901e-11
       613         51648        9.40446429e+01    2.7672626080e-11
       614         52160        9.19185268e+01    2.7047016654e-11
       615         52672        8.92176339e+01    2.6252279220e-11
       616         53184        8.63113839e+01    2.5397115469e-11
       617         53696        8.45837054e+01    2.4888746235e-11
       618         54208        8.20491071e+01    2.4142940982e-11
       619         54720        7.97209821e+01    2.3457890450e-11
       620         55232        7.82511161e+01    2.3025382516e-11
       621         55744        7.51372768e+01    2.2109135640e-11
       622         56256        7.37667411e+01    2.1705855653e-11
       623         56768        7.10535714e+01    2.0907505777e-11
       624         57280        6.98415179e+01    2.0550859143e-11
       625         57792        6.77276786e+01    1.9928862160e-11
       626         58304        6.58861607e+01    1.9386995728e-11
       627         58816        6.44732143e+01    1.8971236393e-11
       628         59328        6.21417411e+01    1.8285200649e-11
       629         59840        6.04531250e+01    1.7788325551e-11
       630         60352        5.83549107e+01    1.7170926223e-11
       631         60864        5.69241071e+01    1.6749912425e-11
       632         61376        5.51138393e+01    1.6217241302e-11
       633         61888        5.37712054e+01    1.5822171413e-11
       634         62400        5.21729911e+01    1.5351897030e-11
       635         62912        5.03895089e+01    1.4827107601e-11
       636         63424        4.89441964e+01    1.4401824553e-11
       637         63936        4.78638393e+01    1.4083929579e-11
       638         64448        4.60993304e+01    1.3564723016e-11
       639         64960        4.45435268e+01    1.3106927982e-11
       640         65472        4.31216518e+01    1.2688541416e-11
       641         66496        8.28783482e+01    1.2193472539e-11
       642         67520        7.76875000e+01    1.1429769274e-11
       643         68544        7.32656250e+01    1.0779201151e-11
       644         69568        6.76462054e+01    9.9524443377e-12
       645         70592        6.38013393e+01    9.3867686230e-12
       646         71616        5.91941964e+01    8.7089429770e-12
       647         72640        5.54441964e+01    8.1572244280e-12
       648         73664        5.23214286e+01    7.6977873744e-12
       649         74688        4.84587054e+01    7.1294844285e-12
       650         75712        4.46774554e+01    6.5731682249e-12
       651         76736        4.16082589e+01    6.1216128649e-12
       652         77760        3.90078125e+01    5.7390223234e-12
       653         78784        3.57600446e+01    5.2611946515e-12
       654         79808        3.30256696e+01    4.8588998762e-12
       655         80832        3.02935268e+01    4.4569335048e-12
       656         81856        2.80725446e+01    4.1301716260e-12
       657         82880        2.58470982e+01    3.8027529395e-12
       658         83904        2.39464286e+01    3.5231170202e-12
       659         84928        2.18470982e+01    3.2142531539e-12
       660         85952        2.00178571e+01    2.9451261593e-12
       661         86976        1.83080357e+01    2.6935687732e-12
       662         88000        1.65267857e+01    2.4315024625e-12
       663         89024        1.52555804e+01    2.2444764424e-12
       664         90048        1.35267857e+01    1.9901276232e-12
       665         91072        1.20301339e+01    1.7699328095e-12
       666         92096        1.09218750e+01    1.6068802740e-12
       667         93120        1.00457589e+01    1.4779817440e-12
       668         94144        8.74218750e+00    1.2861938674e-12
       669         95168        7.75781250e+00    1.1413677483e-12
       670         96192        6.73325893e+00    9.9063035900e-13
       671         97216        6.12165179e+00    9.0064769088e-13
       672         98240        5.27566964e+00    7.7618261345e-13
       673         99264        4.65848214e+00    6.8537893560e-13
       674        100288        4.17410714e+00    6.1411528968e-13
       675        101312        3.56919643e+00    5.2511783326e-13
       676        102336        3.10379464e+00    4.5664562048e-13
       677        103360        2.61607143e+00    3.8488936872e-13
       678        104384        2.10267857e+00    3.0935647213e-13
       679        105408        1.85491071e+00    2.7290363942e-13
       680        106432        1.59709821e+00    2.3497298918e-13
       681        107456        1.35602679e+00    1.9950536817e-13
       682        108480        1.04799107e+00    1.5418563022e-13
       683        109504        9.01785714e-01    1.3267517488e-13
       684        110528        7.71205357e-01    1.1346354684e-13
       685        111552        6.21651786e-01    9.1460485656e-14
       686        112576        4.96651786e-01    7.3069867355e-14
       687        113600        3.86160714e-01    5.6813874393e-14
       688        114624        3.04687500e-01    4.4827132108e-14
       689        115648        2.19866071e-01    3.2347783975e-14
       690        116672        1.80803571e-01    2.6600715756e-14
       691        117696        1.30580357e-01    1.9211628046e-14
       692        118720        1.06026786e-01    1.5599185166e-14
       693        119744        9.15178571e-02    1.3464559827e-14
       694        120768        6.36160714e-02    9.3595110994e-15
       695        121792        3.79464286e-02    5.5828662698e-15
       696        122816        3.79464286e-02    5.5828662698e-15
       697        123840        2.12053571e-02    3.1198370331e-15
       698        124864        1.56250000e-02    2.2988272876e-15
       699        125888        1.22767857e-02    1.8062214402e-15
       700        126912        1.00446429e-02    1.4778175420e-15
       701        127936        4.46428571e-03    6.5680779645e-16
       702        128960        2.23214286e-03    3.2840389822e-16
       703        129984        2.23214286e-03    3.2840389822e-16
       704        131008        1.11607143e-03    1.6420194911e-16
       705        133056        1.11607143e-03    8.2100974556e-17
       706        135104        2.23214286e-03    1.6420194911e-16
