         0             0        3.35548160e+09    3.3333714803e-01
         1             1        6.28403529e+09    6.2426281894e-01
         2             2        2.21908496e+08    2.2044628483e-02
         3             3        6.12742077e+07    6.0870456428e-03
         4             4        2.94839369e+07    2.9289659719e-03
         5             5        1.87821826e+07    1.8658422026e-03
         6             6        1.28740823e+07    1.2789251723e-03
         7             7        9.27592185e+06    9.2148004499e-04
         8             8        7.18344884e+06    7.1361152755e-04
         9             9        5.70907881e+06    5.6714602391e-04
        10            10        4.66746524e+06    4.6367101283e-04
        11            11        3.90510562e+06    3.8793738876e-04
        12            12        3.32217252e+06    3.3002818846e-04
        13            13        2.86642119e+06    2.8475336087e-04
        14            14        2.50470089e+06    2.4881967776e-04
        15            15        2.21006199e+06    2.1954993296e-04
        16            16        1.96776253e+06    1.9547964480e-04
        17            17        1.76546196e+06    1.7538288830e-04
        18            18        1.59446312e+06    1.5839567940e-04
        19            19        1.44847149e+06    1.4389271460e-04
        20            20        1.32293002e+06    1.3142129018e-04
        21            21        1.21393925e+06    1.2059402940e-04
        22            22        1.11867851e+06    1.1113072557e-04
        23            23        1.03475730e+06    1.0279390174e-04
        24            24        9.60514760e+05    9.5418568457e-05
        25            25        8.94451963e+05    8.8855819222e-05
        26            26        8.35294337e+05    8.2979037072e-05
        27            27        7.82184644e+05    7.7703063088e-05
        28            28        7.34257333e+05    7.2941912471e-05
        29            29        6.90866438e+05    6.8631414324e-05
        30            30        6.51407206e+05    6.4711491910e-05
        31            31        6.15408984e+05    6.1135389842e-05
        32            32        5.82467843e+05    5.7862981422e-05
        33            33        5.52235558e+05    5.4859673782e-05
        34            34        5.24387920e+05    5.2093259458e-05
        35            35        4.98817205e+05    4.9553037222e-05
        36            36        4.75040905e+05    4.7191074007e-05
        37            37        4.53056319e+05    4.5007101615e-05
        38            38        4.32691829e+05    4.2984071299e-05
        39            39        4.13634366e+05    4.1090882428e-05
        40            40        3.95947333e+05    3.9333833515e-05
        41            41        3.79374585e+05    3.7687478942e-05
        42            42        3.63916679e+05    3.6151873923e-05
        43            43        3.49389661e+05    3.4708744358e-05
        44            44        3.35765712e+05    3.3355326658e-05
        45            45        3.23004771e+05    3.2087641081e-05
        46            46        3.10926434e+05    3.0887766098e-05
        47            47        2.99604857e+05    2.9763068472e-05
        48            48        2.88876901e+05    2.8697341747e-05
        49            49        2.78715621e+05    2.7687909259e-05
        50            50        2.69107241e+05    2.6733402518e-05
        51            51        2.60019279e+05    2.5830594601e-05
        52            52        2.51419391e+05    2.4976272446e-05
        53            53        2.43226998e+05    2.4162431336e-05
        54            54        2.35481657e+05    2.3393000897e-05
        55            55        2.28092125e+05    2.2658916811e-05
        56            56        2.21072988e+05    2.1961628171e-05
        57            57        2.14352280e+05    2.1293985857e-05
        58            58        2.07967252e+05    2.0659690324e-05
        59            59        2.01884692e+05    2.0055442250e-05
        60            60        1.96071056e+05    1.9477909387e-05
        61            61        1.90478019e+05    1.8922291097e-05
        62            62        1.85171127e+05    1.8395098769e-05
        63            63        1.80068766e+05    1.7888224684e-05
        64            64        1.75204237e+05    1.7404977144e-05
        65            66        3.36537450e+05    1.6715995956e-05
        66            68        3.19257926e+05    1.5857712743e-05
        67            70        3.03347612e+05    1.5067438861e-05
        68            72        2.88624920e+05    1.4336154841e-05
        69            74        2.74976908e+05    1.3658250793e-05
        70            76        2.62318321e+05    1.3029491972e-05
        71            78        2.50507725e+05    1.2442853324e-05
        72            80        2.39487263e+05    1.1895461052e-05
        73            82        2.29213747e+05    1.1385169956e-05
        74            84        2.19594825e+05    1.0907392938e-05
        75            86        2.10594022e+05    1.0460318244e-05
        76            88        2.02136665e+05    1.0040236770e-05
        77            90        1.94170951e+05    9.6445754614e-06
        78            92        1.86708843e+05    9.2739285347e-06
        79            94        1.79656066e+05    8.9236133222e-06
        80            96        1.72992137e+05    8.5926124094e-06
        81            98        1.66726615e+05    8.2814005492e-06
        82           100        1.60753950e+05    7.9847350606e-06
        83           102        1.55142283e+05    7.7060005805e-06
        84           104        1.49815186e+05    7.4414008053e-06
        85           106        1.44757715e+05    7.1901935042e-06
        86           108        1.39946344e+05    6.9512100890e-06
        87           110        1.35367821e+05    6.7237924252e-06
        88           112        1.31023903e+05    6.5080276580e-06
        89           114        1.26898531e+05    6.3031182314e-06
        90           116        1.22935638e+05    6.1062792139e-06
        91           118        1.19163754e+05    5.9189277125e-06
        92           120        1.15570342e+05    5.7404409606e-06
        93           122        1.12149247e+05    5.5705133404e-06
        94           124        1.08890127e+05    5.4086311277e-06
        95           126        1.05739816e+05    5.2521534685e-06
        96           128        1.02746778e+05    5.1034876655e-06
        97           130        9.98449732e+04    4.9593534675e-06
        98           132        9.71134029e+04    4.8236749024e-06
        99           134        9.44476328e+04    4.6912646697e-06
       100           136        9.19103359e+04    4.5652357706e-06
       101           138        8.94761875e+04    4.4443303098e-06
       102           140        8.71495871e+04    4.3287668155e-06
       103           142        8.48933917e+04    4.2167003821e-06
       104           144        8.27174676e+04    4.1086210625e-06
       105           146        8.06476596e+04    4.0058125853e-06
       106           148        7.86357868e+04    3.9058817839e-06
       107           150        7.66936060e+04    3.8094126198e-06
       108           152        7.48573717e+04    3.7182058718e-06
       109           154        7.30473962e+04    3.6283034188e-06
       110           156        7.13208292e+04    3.5425439100e-06
       111           158        6.96399096e+04    3.4590517282e-06
       112           160        6.80470804e+04    3.3799350439e-06
       113           162        6.64587656e+04    3.3010425977e-06
       114           164        6.49753080e+04    3.2273584622e-06
       115           166        6.35067690e+04    3.1544153379e-06
       116           168        6.20930134e+04    3.0841933386e-06
       117           170        6.07354263e+04    3.0167612602e-06
       118           172        5.94043237e+04    2.9506446749e-06
       119           174        5.81396540e+04    2.8878278542e-06
       120           176        5.69119654e+04    2.8268479010e-06
       121           178        5.57048460e+04    2.7668896309e-06
       122           180        5.45533884e+04    2.7096961137e-06
       123           182        5.34168783e+04    2.6532450491e-06
       124           184        5.23447556e+04    2.5999921352e-06
       125           186        5.12738203e+04    2.5467982050e-06
       126           188        5.02462991e+04    2.4957606746e-06
       127           190        4.92369754e+04    2.4456270261e-06
       128           192        4.82810826e+04    2.3981473143e-06
       129           196        9.37675848e+04    2.3287431603e-06
       130           200        9.02322522e+04    2.2409422257e-06
       131           204        8.68510971e+04    2.1569703295e-06
       132           208        8.36884085e+04    2.0784241081e-06
       133           212        8.06680357e+04    2.0034123389e-06
       134           216        7.78346306e+04    1.9330439612e-06
       135           220        7.51384810e+04    1.8660843627e-06
       136           224        7.25614810e+04    1.8020838754e-06
       137           228        7.01202712e+04    1.7414557736e-06
       138           232        6.78171551e+04    1.6842572673e-06
       139           236        6.55827511e+04    1.6287652432e-06
       140           240        6.34665201e+04    1.5762080771e-06
       141           244        6.14629777e+04    1.5264495631e-06
       142           248        5.95446362e+04    1.4788070361e-06
       143           252        5.77139141e+04    1.4333405610e-06
       144           256        5.59836596e+04    1.3903692265e-06
       145           260        5.42922243e+04    1.3483619772e-06
       146           264        5.26844632e+04    1.3084327968e-06
       147           268        5.11588047e+04    1.2705426586e-06
       148           272        4.96937400e+04    1.2341573823e-06
       149           276        4.83027478e+04    1.1996117177e-06
       150           280        4.69417768e+04    1.1658116377e-06
       151           284        4.56290033e+04    1.1332085567e-06
       152           288        4.43947009e+04    1.1025543236e-06
       153           292        4.31935078e+04    1.0727223707e-06
       154           296        4.20646451e+04    1.0446867617e-06
       155           300        4.09415033e+04    1.0167932349e-06
       156           304        3.98939230e+04    9.9077629524e-07
       157           308        3.88695636e+04    9.6533605496e-07
       158           312        3.78775402e+04    9.4069888638e-07
       159           316        3.69258326e+04    9.1706297272e-07
       160           320        3.60133795e+04    8.9440195422e-07
       161           324        3.51301038e+04    8.7246556567e-07
       162           328        3.42820513e+04    8.5140395510e-07
       163           332        3.34679141e+04    8.3118463711e-07
       164           336        3.26702946e+04    8.1137554454e-07
       165           340        3.18985368e+04    7.9220873193e-07
       166           344        3.11610413e+04    7.7389283217e-07
       167           348        3.04455312e+04    7.5612294798e-07
       168           352        2.97486931e+04    7.3881678483e-07
       169           356        2.90767020e+04    7.2212770603e-07
       170           360        2.84412868e+04    7.0634699937e-07
       171           364        2.78034275e+04    6.9050559042e-07
       172           368        2.72077266e+04    6.7571119871e-07
       173           372        2.66151161e+04    6.6099355796e-07
       174           376        2.60488806e+04    6.4693094741e-07
       175           380        2.55003181e+04    6.3330725035e-07
       176           384        2.49579174e+04    6.1983658400e-07
       177           388        2.44396886e+04    6.0696623266e-07
       178           392        2.39315938e+04    5.9434756016e-07
       179           396        2.34490960e+04    5.8236459847e-07
       180           400        2.29762522e+04    5.7062139690e-07
       181           404        2.25207433e+04    5.5930871029e-07
       182           408        2.20646016e+04    5.4798030760e-07
       183           412        2.16280368e+04    5.3713810519e-07
       184           416        2.12083225e+04    5.2671438815e-07
       185           420        2.07951797e+04    5.1645387430e-07
       186           424        2.04012723e+04    5.0667107904e-07
       187           428        2.00095491e+04    4.9694252777e-07
       188           432        1.96393058e+04    4.8774743586e-07
       189           436        1.92655212e+04    4.7846439494e-07
       190           440        1.89105145e+04    4.6964770826e-07
       191           444        1.85634252e+04    4.6102765260e-07
       192           448        1.82243482e+04    4.5260658399e-07
       193           456        3.54643705e+04    4.4038358499e-07
       194           464        3.42041629e+04    4.2473478797e-07
       195           472        3.30272321e+04    4.1012009162e-07
       196           480        3.18931272e+04    3.9603719155e-07
       197           488        3.08201641e+04    3.8271352726e-07
       198           496        2.98011618e+04    3.7005993017e-07
       199           504        2.88317310e+04    3.5802189294e-07
       200           512        2.78963839e+04    3.4640709470e-07
       201           520        2.70134475e+04    3.3544311355e-07
       202           528        2.61670346e+04    3.2493266709e-07
       203           536        2.53589475e+04    3.1489813756e-07
       204           544        2.45927757e+04    3.0538409538e-07
       205           552        2.38547623e+04    2.9621971494e-07
       206           560        2.31355848e+04    2.8728923228e-07
       207           568        2.24711540e+04    2.7903857353e-07
       208           576        2.18151641e+04    2.7089273014e-07
       209           584        2.11985893e+04    2.6323633002e-07
       210           592        2.05952299e+04    2.5574403394e-07
       211           600        2.00245580e+04    2.4865763927e-07
       212           608        1.94695804e+04    2.4176612940e-07
       213           616        1.89444688e+04    2.3524548548e-07
       214           624        1.84366819e+04    2.2893997430e-07
       215           632        1.79627020e+04    2.2305426509e-07
       216           640        1.74820145e+04    2.1708526349e-07
       217           648        1.70241507e+04    2.1139967776e-07
       218           656        1.65866953e+04    2.0596751710e-07
       219           664        1.61752712e+04    2.0085860299e-07
       220           672        1.57741663e+04    1.9587782888e-07
       221           680        1.53784364e+04    1.9096379956e-07
       222           688        1.50022232e+04    1.8629212199e-07
       223           696        1.46388884e+04    1.8178036303e-07
       224           704        1.42922924e+04    1.7747646087e-07
       225           712        1.39558516e+04    1.7329866144e-07
       226           720        1.36312712e+04    1.6926814126e-07
       227           728        1.33106417e+04    1.6528668181e-07
       228           736        1.30056373e+04    1.6149924791e-07
       229           744        1.27056786e+04    1.5777447039e-07
       230           752        1.24281920e+04    1.5432874317e-07
       231           760        1.21485915e+04    1.5085676707e-07
       232           768        1.18769855e+04    1.4748406275e-07
       233           776        1.16265569e+04    1.4437433232e-07
       234           784        1.13742969e+04    1.4124185933e-07
       235           792        1.11350837e+04    1.3827139767e-07
       236           800        1.08977467e+04    1.3532423292e-07
       237           808        1.06646083e+04    1.3242920561e-07
       238           816        1.04444397e+04    1.2969523336e-07
       239           824        1.02338806e+04    1.2708058681e-07
       240           832        1.00190279e+04    1.2441262481e-07
       241           840        9.82258705e+03    1.2197329419e-07
       242           848        9.62417299e+03    1.1950946091e-07
       243           856        9.43994754e+03    1.1722181669e-07
       244           864        9.24188058e+03    1.1476229355e-07
       245           872        9.06704353e+03    1.1259123095e-07
       246           880        8.88981138e+03    1.1039042701e-07
       247           888        8.72408817e+03    1.0833253674e-07
       248           896        8.55139621e+03    1.0618811107e-07
       249           904        8.39378013e+03    1.0423089233e-07
       250           912        8.23016406e+03    1.0219916779e-07
       251           920        8.08166406e+03    1.0035514909e-07
       252           928        7.93300335e+03    9.8509134703e-08
       253           936        7.79231138e+03    9.6762073337e-08
       254           944        7.65510938e+03    9.5058348961e-08
       255           952        7.51492969e+03    9.3317648862e-08
       256           960        7.38026674e+03    9.1645453635e-08
       257           976        1.43714520e+04    8.9229717906e-08
       258           992        1.38806507e+04    8.6182422127e-08
       259          1008        1.34159833e+04    8.3297387131e-08
       260          1024        1.29684364e+04    8.0518650412e-08
       261          1040        1.25496797e+04    7.7918666648e-08
       262          1056        1.21384833e+04    7.5365623204e-08
       263          1072        1.17430335e+04    7.2910347843e-08
       264          1088        1.13832031e+04    7.0676226945e-08
       265          1104        1.10262020e+04    6.8459672288e-08
       266          1120        1.06948080e+04    6.6402107699e-08
       267          1136        1.03652344e+04    6.4355845097e-08
       268          1152        1.00638438e+04    6.2484565812e-08
       269          1168        9.76561719e+03    6.0632931612e-08
       270          1184        9.48486719e+03    5.8889806193e-08
       271          1200        9.21121540e+03    5.7190752289e-08
       272          1216        8.96110938e+03    5.5637889697e-08
       273          1232        8.70508817e+03    5.4048300843e-08
       274          1248        8.46584487e+03    5.2562882913e-08
       275          1264        8.24102344e+03    5.1167007769e-08
       276          1280        8.01583929e+03    4.9768880542e-08
       277          1296        7.80447098e+03    4.8456533391e-08
       278          1312        7.59750223e+03    4.7171502263e-08
       279          1328        7.40488393e+03    4.5975570434e-08
       280          1344        7.21390625e+03    4.4789824945e-08
       281          1360        7.03424442e+03    4.3674337489e-08
       282          1376        6.85861607e+03    4.2583893186e-08
       283          1392        6.69032254e+03    4.1538989449e-08
       284          1408        6.52290625e+03    4.0499532285e-08
       285          1424        6.37036607e+03    3.9552438206e-08
       286          1440        6.21728125e+03    3.8601962539e-08
       287          1456        6.07085156e+03    3.7692807382e-08
       288          1472        5.92985826e+03    3.6817405739e-08
       289          1488        5.79279129e+03    3.5966382018e-08
       290          1504        5.66134040e+03    3.5150227458e-08
       291          1520        5.52996763e+03    3.4334557962e-08
       292          1536        5.40974219e+03    3.3588100147e-08
       293          1552        5.29182701e+03    3.2855986363e-08
       294          1568        5.17415737e+03    3.2125397064e-08
       295          1584        5.05962723e+03    3.1414300403e-08
       296          1600        4.95492411e+03    3.0764217843e-08
       297          1616        4.84371987e+03    3.0073771043e-08
       298          1632        4.74270536e+03    2.9446590426e-08
       299          1648        4.64598326e+03    2.8846060602e-08
       300          1664        4.55243304e+03    2.8265224371e-08
       301          1680        4.45719643e+03    2.7673917689e-08
       302          1696        4.36848549e+03    2.7123127698e-08
       303          1712        4.28101339e+03    2.6580029433e-08
       304          1728        4.19415625e+03    2.6040749314e-08
       305          1744        4.11316406e+03    2.5537883630e-08
       306          1760        4.03345312e+03    2.5042972993e-08
       307          1776        3.95301786e+03    2.4543565121e-08
       308          1792        3.87897321e+03    2.4083835472e-08
       309          1808        3.80351897e+03    2.3615353885e-08
       310          1824        3.73430804e+03    2.3185635828e-08
       311          1840        3.66060826e+03    2.2728047389e-08
       312          1856        3.59542411e+03    2.2323330909e-08
       313          1872        3.53111272e+03    2.1924033284e-08
       314          1888        3.46710268e+03    2.1526606620e-08
       315          1904        3.40503571e+03    2.1141244187e-08
       316          1920        3.34101339e+03    2.0743741299e-08
       317          1936        3.28124665e+03    2.0372660531e-08
       318          1952        3.22682812e+03    2.0034785848e-08
       319          1968        3.16889732e+03    1.9675104081e-08
       320          1984        3.11655134e+03    1.9350097448e-08
       321          2016        6.06725893e+03    1.8835250687e-08
       322          2048        5.86631250e+03    1.8211430870e-08
       323          2080        5.67700223e+03    1.7623734450e-08
       324          2112        5.48469978e+03    1.7026749057e-08
       325          2144        5.31399777e+03    1.6496820276e-08
       326          2176        5.14434487e+03    1.5970148351e-08
       327          2208        4.98670312e+03    1.5480763977e-08
       328          2240        4.83468080e+03    1.5008824578e-08
       329          2272        4.68226451e+03    1.4535662125e-08
       330          2304        4.54733482e+03    1.4116785245e-08
       331          2336        4.41476004e+03    1.3705218970e-08
       332          2368        4.28444643e+03    1.3300672262e-08
       333          2400        4.15964621e+03    1.2913241378e-08
       334          2432        4.04594531e+03    1.2560267351e-08
       335          2464        3.93120647e+03    1.2204071113e-08
       336          2496        3.82698884e+03    1.1880536996e-08
       337          2528        3.72268192e+03    1.1556725700e-08
       338          2560        3.62005022e+03    1.1238114980e-08
       339          2592        3.52566406e+03    1.0945101773e-08
       340          2624        3.43385603e+03    1.0660092119e-08
       341          2656        3.34812388e+03    1.0393944519e-08
       342          2688        3.25965067e+03    1.0119287513e-08
       343          2720        3.18020089e+03    9.8726429444e-09
       344          2752        3.10007924e+03    9.6239126010e-09
       345          2784        3.02446094e+03    9.3891624905e-09
       346          2816        2.94891853e+03    9.1546479823e-09
       347          2848        2.88398884e+03    8.9530797032e-09
       348          2880        2.80943080e+03    8.7216210973e-09
       349          2912        2.74594420e+03    8.5245327292e-09
       350          2944        2.67834598e+03    8.3146802527e-09
       351          2976        2.61766964e+03    8.1263161043e-09
       352          3008        2.56089509e+03    7.9500646929e-09
       353          3040        2.50075893e+03    7.7633774795e-09
       354          3072        2.44589732e+03    7.5930646355e-09
       355          3104        2.39345312e+03    7.4302564220e-09
       356          3136        2.34205692e+03    7.2707016010e-09
       357          3168        2.28978125e+03    7.1084165635e-09
       358          3200        2.24158705e+03    6.9588020865e-09
       359          3232        2.19524330e+03    6.8149321513e-09
       360          3264        2.14612277e+03    6.6624419387e-09
       361          3296        2.10171317e+03    6.5245764009e-09
       362          3328        2.05805915e+03    6.3890564932e-09
       363          3360        2.01902344e+03    6.2678736867e-09
       364          3392        1.97558259e+03    6.1330155447e-09
       365          3424        1.93914732e+03    6.0199055865e-09
       366          3456        1.90185826e+03    5.9041451009e-09
       367          3488        1.86134710e+03    5.7783819059e-09
       368          3520        1.82380134e+03    5.6618245296e-09
       369          3552        1.79170089e+03    5.5621716283e-09
       370          3584        1.75827455e+03    5.4584026137e-09
       371          3616        1.72262500e+03    5.3477318337e-09
       372          3648        1.69157701e+03    5.2513461837e-09
       373          3680        1.66013058e+03    5.1537236210e-09
       374          3712        1.62847210e+03    5.0554427573e-09
       375          3744        1.59989286e+03    4.9667211161e-09
       376          3776        1.57164286e+03    4.8790215736e-09
       377          3808        1.54212612e+03    4.7873895493e-09
       378          3840        1.51567076e+03    4.7052613116e-09
       379          3872        1.48855580e+03    4.6210854115e-09
       380          3904        1.46210714e+03    4.5389779622e-09
       381          3936        1.43372321e+03    4.4508626507e-09
       382          3968        1.41075893e+03    4.3795721251e-09
       383          4000        1.38672991e+03    4.3049762358e-09
       384          4032        1.36406138e+03    4.2346038667e-09
       385          4096        2.65773661e+03    4.1253501660e-09
       386          4160        2.57205022e+03    3.9923473932e-09
       387          4224        2.49168750e+03    3.8676080294e-09
       388          4288        2.41021317e+03    3.7411432242e-09
       389          4352        2.33447321e+03    3.6235793405e-09
       390          4416        2.26367522e+03    3.5136863950e-09
       391          4480        2.19588393e+03    3.4084604565e-09
       392          4544        2.12743862e+03    3.3022193488e-09
       393          4608        2.06523884e+03    3.2056725883e-09
       394          4672        2.00220201e+03    3.1078265498e-09
       395          4736        1.94585938e+03    3.0203712716e-09
       396          4800        1.89042634e+03    2.9343278757e-09
       397          4864        1.83932031e+03    2.8550008816e-09
       398          4928        1.79003013e+03    2.7784924549e-09
       399          4992        1.73854464e+03    2.6985764548e-09
       400          5056        1.69313393e+03    2.6280897492e-09
       401          5120        1.64639955e+03    2.5555484518e-09
       402          5184        1.60582589e+03    2.4925698415e-09
       403          5248        1.56398438e+03    2.4276232580e-09
       404          5312        1.52260491e+03    2.3633938759e-09
       405          5376        1.48349554e+03    2.3026881363e-09
       406          5440        1.44535045e+03    2.2434791650e-09
       407          5504        1.41059152e+03    2.1895262069e-09
       408          5568        1.37501674e+03    2.1343068857e-09
       409          5632        1.34403460e+03    2.0862162706e-09
       410          5696        1.31163839e+03    2.0359307417e-09
       411          5760        1.28152902e+03    1.9891948406e-09
       412          5824        1.25250893e+03    1.9441497335e-09
       413          5888        1.21981362e+03    1.8933999291e-09
       414          5952        1.19352232e+03    1.8525904688e-09
       415          6016        1.16713281e+03    1.8116285598e-09
       416          6080        1.13975781e+03    1.7691369673e-09
       417          6144        1.11361049e+03    1.7285509828e-09
       418          6208        1.09017634e+03    1.6921763918e-09
       419          6272        1.06748214e+03    1.6569503627e-09
       420          6336        1.04415625e+03    1.6207438118e-09
       421          6400        1.02139732e+03    1.5854173052e-09
       422          6464        9.99496652e+02    1.5514229918e-09
       423          6528        9.79217634e+02    1.5199458132e-09
       424          6592        9.59411830e+02    1.4892031599e-09
       425          6656        9.39702009e+02    1.4586094905e-09
       426          6720        9.22251116e+02    1.4315221398e-09
       427          6784        9.02520089e+02    1.4008955553e-09
       428          6848        8.84128348e+02    1.3723478159e-09
       429          6912        8.65049107e+02    1.3427329361e-09
       430          6976        8.50334821e+02    1.3198933586e-09
       431          7040        8.33762277e+02    1.2941693837e-09
       432          7104        8.16887277e+02    1.2679759363e-09
       433          7168        8.02162946e+02    1.2451207675e-09
       434          7232        7.87080357e+02    1.2217095077e-09
       435          7296        7.72112723e+02    1.1984766821e-09
       436          7360        7.56628348e+02    1.1744417688e-09
       437          7424        7.43758929e+02    1.1544658004e-09
       438          7488        7.30812500e+02    1.1343702984e-09
       439          7552        7.15783482e+02    1.1110421924e-09
       440          7616        7.04222098e+02    1.0930965627e-09
       441          7680        6.91179688e+02    1.0728520768e-09
       442          7744        6.81112723e+02    1.0572260916e-09
       443          7808        6.68187500e+02    1.0371635047e-09
       444          7872        6.56695312e+02    1.0193252820e-09
       445          7936        6.43549107e+02    9.9891968559e-10
       446          8000        6.33222098e+02    9.8289005802e-10
       447          8064        6.24542411e+02    9.6941740984e-10
       448          8128        6.12424107e+02    9.5060732703e-10
       449          8256        1.19481808e+03    9.2730087566e-10
       450          8384        1.15777455e+03    8.9855131505e-10
       451          8512        1.11994866e+03    8.6919455844e-10
       452          8640        1.08331362e+03    8.4076202170e-10
       453          8768        1.05219420e+03    8.1661017334e-10
       454          8896        1.01819643e+03    7.9022443277e-10
       455          9024        9.89186384e+02    7.6770967488e-10
       456          9152        9.60352679e+02    7.4533177429e-10
       457          9280        9.31912946e+02    7.2325963715e-10
       458          9408        9.05795759e+02    7.0299003190e-10
       459          9536        8.79572545e+02    6.8263813903e-10
       460          9664        8.53108259e+02    6.6209915011e-10
       461          9792        8.29787946e+02    6.4400020554e-10
       462          9920        8.10174107e+02    6.2877786279e-10
       463         10048        7.86093750e+02    6.1008904595e-10
       464         10176        7.66210938e+02    5.9465795251e-10
       465         10304        7.46301339e+02    5.7920607062e-10
       466         10432        7.28382812e+02    5.6529946354e-10
       467         10560        7.06797991e+02    5.4854743731e-10
       468         10688        6.90197545e+02    5.3566379523e-10
       469         10816        6.73890625e+02    5.2300795990e-10
       470         10944        6.56343750e+02    5.0938979257e-10
       471         11072        6.39255580e+02    4.9612762745e-10
       472         11200        6.25191964e+02    4.8521282484e-10
       473         11328        6.10800223e+02    4.7404336372e-10
       474         11456        5.96610491e+02    4.6303068216e-10
       475         11584        5.81897321e+02    4.5161175963e-10
       476         11712        5.67747768e+02    4.4063026074e-10
       477         11840        5.55161830e+02    4.3086228765e-10
       478         11968        5.42829241e+02    4.2129093864e-10
       479         12096        5.31462054e+02    4.1246884004e-10
       480         12224        5.20194196e+02    4.0372383193e-10
       481         12352        5.07764509e+02    3.9407712479e-10
       482         12480        4.97762277e+02    3.8631437097e-10
       483         12608        4.84933036e+02    3.7635756945e-10
       484         12736        4.76905134e+02    3.7012709765e-10
       485         12864        4.67195312e+02    3.6259128440e-10
       486         12992        4.57253348e+02    3.5487530459e-10
       487         13120        4.48247768e+02    3.4788605436e-10
       488         13248        4.39301339e+02    3.4094271195e-10
       489         13376        4.31047991e+02    3.3453727069e-10
       490         13504        4.21258929e+02    3.2693995828e-10
       491         13632        4.12013393e+02    3.1976447818e-10
       492         13760        4.04888393e+02    3.1423475039e-10
       493         13888        3.98121652e+02    3.0898306813e-10
       494         14016        3.89214286e+02    3.0207004221e-10
       495         14144        3.82523438e+02    2.9687726055e-10
       496         14272        3.75572545e+02    2.9148265769e-10
       497         14400        3.68191964e+02    2.8575457344e-10
       498         14528        3.61732143e+02    2.8074109217e-10
       499         14656        3.55965402e+02    2.7626551205e-10
       500         14784        3.50034598e+02    2.7166260268e-10
       501         14912        3.42584821e+02    2.6588081493e-10
       502         15040        3.36907366e+02    2.6147452965e-10
       503         15168        3.31095982e+02    2.5696430211e-10
       504         15296        3.24963170e+02    2.5220461317e-10
       505         15424        3.19977679e+02    2.4833536286e-10
       506         15552        3.14155134e+02    2.4381647347e-10
       507         15680        3.09665179e+02    2.4033180948e-10
       508         15808        3.03984375e+02    2.3592292564e-10
       509         15936        2.99407366e+02    2.3237069919e-10
       510         16064        2.94219866e+02    2.2834466931e-10
       511         16192        2.89032366e+02    2.2431863943e-10
       512         16320        2.85322545e+02    2.2143943906e-10
       513         16576        5.56940848e+02    2.1612149361e-10
       514         16832        5.38933036e+02    2.0913354265e-10
       515         17088        5.23419643e+02    2.0311355391e-10
       516         17344        5.08016741e+02    1.9713644135e-10
       517         17600        4.91756696e+02    1.9082671358e-10
       518         17856        4.77841518e+02    1.8542691361e-10
       519         18112        4.63410714e+02    1.7982702481e-10
       520         18368        4.51500000e+02    1.7520505935e-10
       521         18624        4.38282366e+02    1.7007594232e-10
       522         18880        4.27492188e+02    1.6588880195e-10
       523         19136        4.16344866e+02    1.6156307192e-10
       524         19392        4.05803571e+02    1.5747251122e-10
       525         19648        3.94406250e+02    1.5304976841e-10
       526         19904        3.84463170e+02    1.4919134542e-10
       527         20160        3.75381696e+02    1.4566726999e-10
       528         20416        3.65393973e+02    1.4179152328e-10
       529         20672        3.57172991e+02    1.3860136234e-10
       530         20928        3.48094866e+02    1.3507858620e-10
       531         21184        3.41474330e+02    1.3250948021e-10
       532         21440        3.33944196e+02    1.2958740366e-10
       533         21696        3.24763393e+02    1.2602478299e-10
       534         21952        3.17467634e+02    1.2319365591e-10
       535         22208        3.11477679e+02    1.2086924731e-10
       536         22464        3.03835938e+02    1.1790386149e-10
       537         22720        2.96491071e+02    1.1505367833e-10
       538         22976        2.90187500e+02    1.1260757068e-10
       539         23232        2.84027902e+02    1.1021733198e-10
       540         23488        2.79530134e+02    1.0847196834e-10
       541         23744        2.72883929e+02    1.0589290122e-10
       542         24000        2.66021205e+02    1.0322981411e-10
       543         24256        2.62078125e+02    1.0169969755e-10
       544         24512        2.55784598e+02    9.9257487732e-11
       545         24768        2.51129464e+02    9.7451058017e-11
       546         25024        2.46376116e+02    9.5606516143e-11
       547         25280        2.41889509e+02    9.3865483428e-11
       548         25536        2.35847098e+02    9.1520719469e-11
       549         25792        2.32534598e+02    9.0235300290e-11
       550         26048        2.26882812e+02    8.8042118781e-11
       551         26304        2.23593750e+02    8.6765794549e-11
       552         26560        2.19827009e+02    8.5304106636e-11
       553         26816        2.15256696e+02    8.3530591967e-11
       554         27072        2.11060268e+02    8.1902163358e-11
       555         27328        2.07466518e+02    8.0507604816e-11
       556         27584        2.03717634e+02    7.9052846385e-11
       557         27840        2.00358259e+02    7.7749237313e-11
       558         28096        1.95511161e+02    7.5868315651e-11
       559         28352        1.92790179e+02    7.4812435612e-11
       560         28608        1.88860491e+02    7.3287516162e-11
       561         28864        1.85845982e+02    7.2117732738e-11
       562         29120        1.82602679e+02    7.0859165308e-11
       563         29376        1.80141741e+02    6.9904195871e-11
       564         29632        1.76351562e+02    6.8433413010e-11
       565         29888        1.73849330e+02    6.7462419143e-11
       566         30144        1.70647321e+02    6.6219876143e-11
       567         30400        1.67056920e+02    6.4826616879e-11
       568         30656        1.64972098e+02    6.4017599687e-11
       569         30912        1.62180804e+02    6.2934434806e-11
       570         31168        1.59437500e+02    6.1869892913e-11
       571         31424        1.55831473e+02    6.0470570350e-11
       572         31680        1.53274554e+02    5.9478354940e-11
       573         31936        1.51325893e+02    5.8722175059e-11
       574         32192        1.48588170e+02    5.7659798629e-11
       575         32448        1.46016741e+02    5.6661953013e-11
       576         32704        1.43608259e+02    5.5727338934e-11
       577         33216        2.80495536e+02    5.4423296769e-11
       578         33728        2.72174107e+02    5.2808727127e-11
       579         34240        2.63299107e+02    5.1086750491e-11
       580         34752        2.53908482e+02    4.9264729439e-11
       581         35264        2.45438616e+02    4.7621359131e-11
       582         35776        2.38327009e+02    4.6241525741e-11
       583         36288        2.30848214e+02    4.4790448599e-11
       584         36800        2.23619420e+02    4.3387877841e-11
       585         37312        2.16824777e+02    4.2069543616e-11
       586         37824        2.09766741e+02    4.0700104451e-11
       587         38336        2.03627232e+02    3.9508882938e-11
       588         38848        1.97838170e+02    3.8385656981e-11
       589         39360        1.91021205e+02    3.7062991829e-11
       590         39872        1.85263393e+02    3.5945829170e-11
       591         40384        1.80073661e+02    3.4938888608e-11
       592         40896        1.74507812e+02    3.3858971923e-11
       593         41408        1.69513393e+02    3.2889926972e-11
       594         41920        1.64046875e+02    3.1829282913e-11
       595         42432        1.58901786e+02    3.0831004205e-11
       596         42944        1.54332589e+02    2.9944463417e-11
       597         43456        1.49813616e+02    2.9067667215e-11
       598         43968        1.45445312e+02    2.8220104772e-11
       599         44480        1.40840402e+02    2.7326634500e-11
       600         44992        1.36886161e+02    2.6559410755e-11
       601         45504        1.33070312e+02    2.5819038759e-11
       602         46016        1.30206473e+02    2.5263380805e-11
       603         46528        1.25694196e+02    2.4387883882e-11
       604         47040        1.22206473e+02    2.3711176514e-11
       605         47552        1.19026786e+02    2.3094235942e-11
       606         48064        1.15439732e+02    2.2398255948e-11
       607         48576        1.11681920e+02    2.1669144362e-11
       608         49088        1.08893973e+02    2.1128211561e-11
       609         49600        1.06133929e+02    2.0592692419e-11
       610         50112        1.02945312e+02    1.9974019475e-11
       611         50624        9.99095982e+01    1.9385013383e-11
       612         51136        9.72343750e+01    1.8865951764e-11
       613         51648        9.43928571e+01    1.8314624737e-11
       614         52160        9.22243304e+01    1.7893875165e-11
       615         52672        8.94598214e+01    1.7357489837e-11
       616         53184        8.65267857e+01    1.6788406009e-11
       617         53696        8.47477679e+01    1.6443231115e-11
       618         54208        8.21752232e+01    1.5944091761e-11
       619         54720        7.98426339e+01    1.5491509874e-11
       620         55232        7.83314732e+01    1.5198306106e-11
       621         55744        7.51986607e+01    1.4590460480e-11
       622         56256        7.38069196e+01    1.4320427172e-11
       623         56768        7.10993304e+01    1.3795085709e-11
       624         57280        6.98683036e+01    1.3556235076e-11
       625         57792        6.77410714e+01    1.3143497719e-11
       626         58304        6.59017857e+01    1.2786629321e-11
       627         58816        6.44888393e+01    1.2512481633e-11
       628         59328        6.21595982e+01    1.2060549385e-11
       629         59840        6.04631696e+01    1.1731398921e-11
       630         60352        5.83604911e+01    1.1323425583e-11
       631         60864        5.69263393e+01    1.1045163514e-11
       632         61376        5.51171875e+01    1.0694141868e-11
       633         61888        5.37745536e+01    1.0433636600e-11
       634         62400        5.21729911e+01    1.0122892577e-11
       635         62912        5.03895089e+01    9.7768514977e-12
       636         63424        4.89453125e+01    9.4966405110e-12
       637         63936        4.78638393e+01    9.2868070905e-12
       638         64448        4.60993304e+01    8.9444472992e-12
       639         64960        4.45435268e+01    8.6425816768e-12
       640         65472        4.31216518e+01    8.3667016172e-12
       641         66496        8.28783482e+01    8.0402579832e-12
       642         67520        7.76875000e+01    7.5366794287e-12
       643         68544        7.32656250e+01    7.1077010944e-12
       644         69568        6.76462054e+01    6.5625456392e-12
       645         70592        6.38013393e+01    6.1895445383e-12
       646         71616        5.91941964e+01    5.7425928563e-12
       647         72640        5.54441964e+01    5.3787949756e-12
       648         73664        5.23214286e+01    5.0758466213e-12
       649         74688        4.84587054e+01    4.7011131496e-12
       650         75712        4.46774554e+01    4.3342836198e-12
       651         76736        4.16082589e+01    4.0365323782e-12
       652         77760        3.90078125e+01    3.7842558716e-12
       653         78784        3.57600446e+01    3.4691809214e-12
       654         79808        3.30256696e+01    3.2039116334e-12
       655         80832        3.02935268e+01    2.9388588917e-12
       656         81856        2.80725446e+01    2.7233952659e-12
       657         82880        2.58470982e+01    2.5074985474e-12
       658         83904        2.39464286e+01    2.3231093240e-12
       659         84928        2.18470982e+01    2.1194474747e-12
       660         85952        2.00178571e+01    1.9419877346e-12
       661         86976        1.83080357e+01    1.7761132247e-12
       662         88000        1.65267857e+01    1.6033092314e-12
       663         89024        1.52555804e+01    1.4799860808e-12
       664         90048        1.35267857e+01    1.3122709268e-12
       665         91072        1.20301339e+01    1.1670765941e-12
       666         92096        1.09218750e+01    1.0595613276e-12
       667         93120        1.00457589e+01    9.7456688222e-13
       668         94144        8.74218750e+00    8.4810380940e-13
       669         95168        7.75781250e+00    7.5260686572e-13
       670         96192        6.73325893e+00    6.5321208759e-13
       671         97216        6.12165179e+00    5.9387838562e-13
       672         98240        5.27566964e+00    5.1180731610e-13
       673         99264        4.65848214e+00    4.5193224824e-13
       674        100288        4.17410714e+00    4.0494168865e-13
       675        101312        3.56919643e+00    3.4625762575e-13
       676        102336        3.10379464e+00    3.0110771019e-13
       677        103360        2.61607143e+00    2.5379233107e-13
       678        104384        2.10267857e+00    2.0398666883e-13
       679        105408        1.85491071e+00    1.7995002314e-13
       680        106432        1.59709821e+00    1.5493891884e-13
       681        107456        1.35602679e+00    1.3155191222e-13
       682        108480        1.04799107e+00    1.0166851488e-13
       683        109504        9.01785714e-01    8.7484728456e-14
       684        110528        7.71205357e-01    7.4816766539e-14
       685        111552        6.21651786e-01    6.0308160582e-14
       686        112576        4.96651786e-01    4.8181564558e-14
       687        113600        3.86160714e-01    3.7462519859e-14
       688        114624        3.04687500e-01    2.9558577808e-14
       689        115648        2.19866071e-01    2.1329816220e-14
       690        116672        1.80803571e-01    1.7540254963e-14
       691        117696        1.30580357e-01    1.2667961918e-14
       692        118720        1.06026786e-01    1.0285951984e-14
       693        119744        9.15178571e-02    8.8784006602e-15
       694        120768        6.36160714e-02    6.1715711906e-15
       695        121792        3.79464286e-02    3.6812880786e-15
       696        122816        3.79464286e-02    3.6812880786e-15
       697        123840        2.12053571e-02    2.0571903969e-15
       698        124864        1.56250000e-02    1.5158245030e-15
       699        125888        1.22767857e-02    1.1910049666e-15
       700        126912        1.00446429e-02    9.7445860904e-16
       701        127936        4.46428571e-03    4.3309271513e-16
       702        128960        2.23214286e-03    2.1654635756e-16
       703        129984        2.23214286e-03    2.1654635756e-16
       704        131008        1.11607143e-03    1.0827317878e-16
       705        133056        1.11607143e-03    5.4136589391e-17
       706        135104        2.23214286e-03    1.0827317878e-16
