       326          2176        5.00000000e-03    4.8828125000e-08
       327          2208        0.00000000e+00    0.0000000000e+00
       328          2240        1.00000000e-02    9.7656250000e-08
       329          2272        1.50000000e-02    1.4648437500e-07
       330          2304        2.00000000e-02    1.9531250000e-07
       331          2336        4.50000000e-02    4.3945312500e-07
       332          2368        6.00000000e-02    5.8593750000e-07
       333          2400        8.00000000e-02    7.8125000000e-07
       334          2432        7.50000000e-02    7.3242187500e-07
       335          2464        1.55000000e-01    1.5136718750e-06
       336          2496        1.30000000e-01    1.2695312500e-06
       337          2528        2.30000000e-01    2.2460937500e-06
       338          2560        3.25000000e-01    3.1738281250e-06
       339          2592        4.25000000e-01    4.1503906250e-06
       340          2624        4.15000000e-01    4.0527343750e-06
       341          2656        6.20000000e-01    6.0546875000e-06
       342          2688        7.30000000e-01    7.1289062500e-06
       343          2720        6.55000000e-01    6.3964843750e-06
       344          2752        9.80000000e-01    9.5703125000e-06
       345          2784        1.14500000e+00    1.1181640625e-05
       346          2816        1.31500000e+00    1.2841796875e-05
       347          2848        1.55000000e+00    1.5136718750e-05
       348          2880        1.92500000e+00    1.8798828125e-05
       349          2912        2.08500000e+00    2.0361328125e-05
       350          2944        2.51000000e+00    2.4511718750e-05
       351          2976        2.87500000e+00    2.8076171875e-05
       352          3008        3.24000000e+00    3.1640625000e-05
       353          3040        3.46000000e+00    3.3789062500e-05
       354          3072        3.68000000e+00    3.5937500000e-05
       355          3104        4.32500000e+00    4.2236328125e-05
       356          3136        4.75000000e+00    4.6386718750e-05
       357          3168        5.00500000e+00    4.8876953125e-05
       358          3200        5.47500000e+00    5.3466796875e-05
       359          3232        5.58500000e+00    5.4541015625e-05
       360          3264        6.12500000e+00    5.9814453125e-05
       361          3296        6.93500000e+00    6.7724609375e-05
       362          3328        7.08000000e+00    6.9140625000e-05
       363          3360        7.71000000e+00    7.5292968750e-05
       364          3392        8.15000000e+00    7.9589843750e-05
       365          3424        9.42500000e+00    9.2041015625e-05
       366          3456        9.73000000e+00    9.5019531250e-05
       367          3488        1.00250000e+01    9.7900390625e-05
       368          3520        1.07600000e+01    1.0507812500e-04
       369          3552        1.09850000e+01    1.0727539062e-04
       370          3584        1.17000000e+01    1.1425781250e-04
       371          3616        1.21450000e+01    1.1860351563e-04
       372          3648        1.29750000e+01    1.2670898438e-04
       373          3680        1.32000000e+01    1.2890625000e-04
       374          3712        1.31800000e+01    1.2871093750e-04
       375          3744        1.45050000e+01    1.4165039063e-04
       376          3776        1.46850000e+01    1.4340820313e-04
       377          3808        1.50000000e+01    1.4648437500e-04
       378          3840        1.61600000e+01    1.5781250000e-04
       379          3872        1.61700000e+01    1.5791015625e-04
       380          3904        1.63800000e+01    1.5996093750e-04
       381          3936        1.69550000e+01    1.6557617188e-04
       382          3968        1.75100000e+01    1.7099609375e-04
       383          4000        1.77250000e+01    1.7309570313e-04
       384          4032        1.83300000e+01    1.7900390625e-04
       385          4096        3.78200000e+01    1.8466796875e-04
       386          4160        3.90900000e+01    1.9086914062e-04
       387          4224        3.95450000e+01    1.9309082031e-04
       388          4288        4.17700000e+01    2.0395507813e-04
       389          4352        4.33100000e+01    2.1147460937e-04
       390          4416        4.35500000e+01    2.1264648437e-04
       391          4480        4.35550000e+01    2.1267089844e-04
       392          4544        4.52550000e+01    2.2097167969e-04
       393          4608        4.52200000e+01    2.2080078125e-04
       394          4672        4.59600000e+01    2.2441406250e-04
       395          4736        4.60900000e+01    2.2504882813e-04
       396          4800        4.61150000e+01    2.2517089844e-04
       397          4864        4.62800000e+01    2.2597656250e-04
       398          4928        4.70950000e+01    2.2995605469e-04
       399          4992        4.60100000e+01    2.2465820313e-04
       400          5056        4.61900000e+01    2.2553710938e-04
       401          5120        4.61700000e+01    2.2543945312e-04
       402          5184        4.55250000e+01    2.2229003906e-04
       403          5248        4.49750000e+01    2.1960449219e-04
       404          5312        4.52300000e+01    2.2084960938e-04
       405          5376        4.54600000e+01    2.2197265625e-04
       406          5440        4.37750000e+01    2.1374511719e-04
       407          5504        4.37100000e+01    2.1342773437e-04
       408          5568        4.31650000e+01    2.1076660156e-04
       409          5632        4.29700000e+01    2.0981445312e-04
       410          5696        4.23250000e+01    2.0666503906e-04
       411          5760        4.10150000e+01    2.0026855469e-04
       412          5824        4.04800000e+01    1.9765625000e-04
       413          5888        3.94000000e+01    1.9238281250e-04
       414          5952        3.85900000e+01    1.8842773437e-04
       415          6016        3.82200000e+01    1.8662109375e-04
       416          6080        3.75550000e+01    1.8337402344e-04
       417          6144        3.71800000e+01    1.8154296875e-04
       418          6208        3.54450000e+01    1.7307128906e-04
       419          6272        3.48850000e+01    1.7033691406e-04
       420          6336        3.51300000e+01    1.7153320313e-04
       421          6400        3.36500000e+01    1.6430664062e-04
       422          6464        3.22300000e+01    1.5737304688e-04
       423          6528        3.30450000e+01    1.6135253906e-04
       424          6592        3.27650000e+01    1.5998535156e-04
       425          6656        3.14150000e+01    1.5339355469e-04
       426          6720        3.04750000e+01    1.4880371094e-04
       427          6784        2.94900000e+01    1.4399414062e-04
       428          6848        2.93500000e+01    1.4331054688e-04
       429          6912        2.80250000e+01    1.3684082031e-04
       430          6976        2.73100000e+01    1.3334960938e-04
       431          7040        2.77350000e+01    1.3542480469e-04
       432          7104        2.61300000e+01    1.2758789062e-04
       433          7168        2.54800000e+01    1.2441406250e-04
       434          7232        2.51700000e+01    1.2290039063e-04
       435          7296        2.45350000e+01    1.1979980469e-04
       436          7360        2.38750000e+01    1.1657714844e-04
       437          7424        2.27300000e+01    1.1098632812e-04
       438          7488        2.23750000e+01    1.0925292969e-04
       439          7552        2.19200000e+01    1.0703125000e-04
       440          7616        2.13150000e+01    1.0407714844e-04
       441          7680        2.10050000e+01    1.0256347656e-04
       442          7744        2.05500000e+01    1.0034179687e-04
       443          7808        2.00350000e+01    9.7827148438e-05
       444          7872        1.96650000e+01    9.6020507813e-05
       445          7936        1.79250000e+01    8.7524414063e-05
       446          8000        1.78750000e+01    8.7280273437e-05
       447          8064        1.80050000e+01    8.7915039063e-05
       448          8128        1.77350000e+01    8.6596679688e-05
       449          8256        3.31250000e+01    8.0871582031e-05
       450          8384        3.20500000e+01    7.8247070313e-05
       451          8512        3.01500000e+01    7.3608398438e-05
       452          8640        2.81150000e+01    6.8640136719e-05
       453          8768        2.64950000e+01    6.4685058594e-05
       454          8896        2.55500000e+01    6.2377929688e-05
       455          9024        2.35550000e+01    5.7507324219e-05
       456          9152        2.23150000e+01    5.4479980469e-05
       457          9280        2.13000000e+01    5.2001953125e-05
       458          9408        2.00350000e+01    4.8913574219e-05
       459          9536        1.87750000e+01    4.5837402344e-05
       460          9664        1.84400000e+01    4.5019531250e-05
       461          9792        1.69800000e+01    4.1455078125e-05
       462          9920        1.63600000e+01    3.9941406250e-05
       463         10048        1.51250000e+01    3.6926269531e-05
       464         10176        1.44450000e+01    3.5266113281e-05
       465         10304        1.37400000e+01    3.3544921875e-05
       466         10432        1.31450000e+01    3.2092285156e-05
       467         10560        1.21200000e+01    2.9589843750e-05
       468         10688        1.15450000e+01    2.8186035156e-05
       469         10816        1.04200000e+01    2.5439453125e-05
       470         10944        1.02100000e+01    2.4926757813e-05
       471         11072        9.24000000e+00    2.2558593750e-05
       472         11200        9.23000000e+00    2.2534179687e-05
       473         11328        8.47000000e+00    2.0678710937e-05
       474         11456        8.53000000e+00    2.0825195312e-05
       475         11584        7.50000000e+00    1.8310546875e-05
       476         11712        7.58500000e+00    1.8518066406e-05
       477         11840        7.05000000e+00    1.7211914062e-05
       478         11968        6.77500000e+00    1.6540527344e-05
       479         12096        6.47500000e+00    1.5808105469e-05
       480         12224        6.01000000e+00    1.4672851562e-05
       481         12352        5.65000000e+00    1.3793945312e-05
       482         12480        5.30000000e+00    1.2939453125e-05
       483         12608        4.98500000e+00    1.2170410156e-05
       484         12736        4.69000000e+00    1.1450195312e-05
       485         12864        4.32000000e+00    1.0546875000e-05
       486         12992        4.12500000e+00    1.0070800781e-05
       487         13120        3.87500000e+00    9.4604492187e-06
       488         13248        3.94000000e+00    9.6191406250e-06
       489         13376        3.35000000e+00    8.1787109375e-06
       490         13504        3.42000000e+00    8.3496093750e-06
       491         13632        3.29500000e+00    8.0444335937e-06
       492         13760        2.97000000e+00    7.2509765625e-06
       493         13888        2.78000000e+00    6.7871093750e-06
       494         14016        2.55500000e+00    6.2377929687e-06
       495         14144        2.46000000e+00    6.0058593750e-06
       496         14272        2.44500000e+00    5.9692382812e-06
       497         14400        2.28000000e+00    5.5664062500e-06
       498         14528        1.94000000e+00    4.7363281250e-06
       499         14656        1.90000000e+00    4.6386718750e-06
       500         14784        1.86500000e+00    4.5532226562e-06
       501         14912        1.75500000e+00    4.2846679687e-06
       502         15040        1.63000000e+00    3.9794921875e-06
       503         15168        1.44000000e+00    3.5156250000e-06
       504         15296        1.35000000e+00    3.2958984375e-06
       505         15424        1.38500000e+00    3.3813476562e-06
       506         15552        1.23500000e+00    3.0151367187e-06
       507         15680        1.21500000e+00    2.9663085937e-06
       508         15808        9.95000000e-01    2.4291992188e-06
       509         15936        9.90000000e-01    2.4169921875e-06
       510         16064        1.12500000e+00    2.7465820312e-06
       511         16192        1.04000000e+00    2.5390625000e-06
       512         16320        7.70000000e-01    1.8798828125e-06
       513         16576        1.52000000e+00    1.8554687500e-06
       514         16832        1.39500000e+00    1.7028808594e-06
       515         17088        1.24000000e+00    1.5136718750e-06
       516         17344        1.05500000e+00    1.2878417969e-06
       517         17600        9.95000000e-01    1.2145996094e-06
       518         17856        7.20000000e-01    8.7890625000e-07
       519         18112        6.85000000e-01    8.3618164063e-07
       520         18368        6.75000000e-01    8.2397460938e-07
       521         18624        5.95000000e-01    7.2631835938e-07
       522         18880        4.70000000e-01    5.7373046875e-07
       523         19136        4.70000000e-01    5.7373046875e-07
       524         19392        4.00000000e-01    4.8828125000e-07
       525         19648        3.50000000e-01    4.2724609375e-07
       526         19904        3.20000000e-01    3.9062500000e-07
       527         20160        3.00000000e-01    3.6621093750e-07
       528         20416        2.10000000e-01    2.5634765625e-07
       529         20672        1.70000000e-01    2.0751953125e-07
       530         20928        1.65000000e-01    2.0141601563e-07
       531         21184        1.25000000e-01    1.5258789063e-07
       532         21440        7.50000000e-02    9.1552734375e-08
       533         21696        9.00000000e-02    1.0986328125e-07
       534         21952        1.50000000e-01    1.8310546875e-07
       535         22208        6.50000000e-02    7.9345703125e-08
       536         22464        6.00000000e-02    7.3242187500e-08
       537         22720        4.00000000e-02    4.8828125000e-08
       538         22976        6.50000000e-02    7.9345703125e-08
       539         23232        8.00000000e-02    9.7656250000e-08
       540         23488        2.50000000e-02    3.0517578125e-08
       541         23744        2.00000000e-02    2.4414062500e-08
       542         24000        3.00000000e-02    3.6621093750e-08
       543         24256        2.50000000e-02    3.0517578125e-08
       544         24512        2.00000000e-02    2.4414062500e-08
       545         24768        3.00000000e-02    3.6621093750e-08
       546         25024        2.00000000e-02    2.4414062500e-08
       547         25280        1.50000000e-02    1.8310546875e-08
       548         25536        2.00000000e-02    2.4414062500e-08
       549         25792        5.00000000e-03    6.1035156250e-09
       550         26048        1.00000000e-02    1.2207031250e-08
       551         26304        5.00000000e-03    6.1035156250e-09
       552         26560        0.00000000e+00    0.0000000000e+00
       553         26816        1.00000000e-02    1.2207031250e-08
       554         27072        0.00000000e+00    0.0000000000e+00
       555         27328        0.00000000e+00    0.0000000000e+00
       556         27584        1.00000000e-02    1.2207031250e-08
       557         27840        0.00000000e+00    0.0000000000e+00
       558         28096        5.00000000e-03    6.1035156250e-09
       559         28352        0.00000000e+00    0.0000000000e+00
       560         28608        0.00000000e+00    0.0000000000e+00
       561         28864        5.00000000e-03    6.1035156250e-09
       562         29120        0.00000000e+00    0.0000000000e+00
       563         29376        0.00000000e+00    0.0000000000e+00
       564         29632        0.00000000e+00    0.0000000000e+00
       565         29888        0.00000000e+00    0.0000000000e+00
       566         30144        0.00000000e+00    0.0000000000e+00
       567         30400        0.00000000e+00    0.0000000000e+00
       568         30656        5.00000000e-03    6.1035156250e-09
