       274          1248        2.50000000e-03    1.5625000000e-08
       275          1264        1.00000000e-02    6.2500000000e-08
       276          1280        2.50000000e-03    1.5625000000e-08
       277          1296        5.00000000e-03    3.1250000000e-08
       278          1312        1.25000000e-02    7.8125000000e-08
       279          1328        1.50000000e-02    9.3750000000e-08
       280          1344        3.00000000e-02    1.8750000000e-07
       281          1360        2.00000000e-02    1.2500000000e-07
       282          1376        5.50000000e-02    3.4375000000e-07
       283          1392        6.75000000e-02    4.2187500000e-07
       284          1408        9.50000000e-02    5.9375000000e-07
       285          1424        1.47500000e-01    9.2187500000e-07
       286          1440        1.35000000e-01    8.4375000000e-07
       287          1456        2.55000000e-01    1.5937500000e-06
       288          1472        3.17500000e-01    1.9843750000e-06
       289          1488        3.50000000e-01    2.1875000000e-06
       290          1504        5.45000000e-01    3.4062500000e-06
       291          1520        5.77500000e-01    3.6093750000e-06
       292          1536        7.27500000e-01    4.5468750000e-06
       293          1552        9.40000000e-01    5.8750000000e-06
       294          1568        1.11750000e+00    6.9843750000e-06
       295          1584        1.18750000e+00    7.4218750000e-06
       296          1600        1.66500000e+00    1.0406250000e-05
       297          1616        1.76500000e+00    1.1031250000e-05
       298          1632        2.19000000e+00    1.3687500000e-05
       299          1648        2.68500000e+00    1.6781250000e-05
       300          1664        3.11000000e+00    1.9437500000e-05
       301          1680        3.36750000e+00    2.1046875000e-05
       302          1696        3.90500000e+00    2.4406250000e-05
       303          1712        4.64750000e+00    2.9046875000e-05
       304          1728        5.01250000e+00    3.1328125000e-05
       305          1744        5.63250000e+00    3.5203125000e-05
       306          1760        6.14000000e+00    3.8375000000e-05
       307          1776        7.22500000e+00    4.5156250000e-05
       308          1792        7.71000000e+00    4.8187500000e-05
       309          1808        9.04500000e+00    5.6531250000e-05
       310          1824        9.39250000e+00    5.8703125000e-05
       311          1840        1.04625000e+01    6.5390625000e-05
       312          1856        1.11975000e+01    6.9984375000e-05
       313          1872        1.27350000e+01    7.9593750000e-05
       314          1888        1.33725000e+01    8.3578125000e-05
       315          1904        1.42550000e+01    8.9093750000e-05
       316          1920        1.58950000e+01    9.9343750000e-05
       317          1936        1.68175000e+01    1.0510937500e-04
       318          1952        1.81100000e+01    1.1318750000e-04
       319          1968        1.94075000e+01    1.2129687500e-04
       320          1984        2.03100000e+01    1.2693750000e-04
       321          2016        4.42175000e+01    1.3817968750e-04
       322          2048        5.06550000e+01    1.5829687500e-04
       323          2080        5.51025000e+01    1.7219531250e-04
       324          2112        6.06225000e+01    1.8944531250e-04
       325          2144        6.63225000e+01    2.0725781250e-04
       326          2176        7.11150000e+01    2.2223437500e-04
       327          2208        7.58075000e+01    2.3689843750e-04
       328          2240        8.07650000e+01    2.5239062500e-04
       329          2272        8.60525000e+01    2.6891406250e-04
       330          2304        9.09150000e+01    2.8410937500e-04
       331          2336        9.55225000e+01    2.9850781250e-04
       332          2368        9.84650000e+01    3.0770312500e-04
       333          2400        1.03697500e+02    3.2405468750e-04
       334          2432        1.06072500e+02    3.3147656250e-04
       335          2464        1.09840000e+02    3.4325000000e-04
       336          2496        1.12987500e+02    3.5308593750e-04
       337          2528        1.16725000e+02    3.6476562500e-04
       338          2560        1.18100000e+02    3.6906250000e-04
       339          2592        1.20317500e+02    3.7599218750e-04
       340          2624        1.22785000e+02    3.8370312500e-04
       341          2656        1.24582500e+02    3.8932031250e-04
       342          2688        1.25130000e+02    3.9103125000e-04
       343          2720        1.26292500e+02    3.9466406250e-04
       344          2752        1.27635000e+02    3.9885937500e-04
       345          2784        1.28717500e+02    4.0224218750e-04
       346          2816        1.29697500e+02    4.0530468750e-04
       347          2848        1.28200000e+02    4.0062500000e-04
       348          2880        1.29157500e+02    4.0361718750e-04
       349          2912        1.28422500e+02    4.0132031250e-04
       350          2944        1.28200000e+02    4.0062500000e-04
       351          2976        1.28035000e+02    4.0010937500e-04
       352          3008        1.26962500e+02    3.9675781250e-04
       353          3040        1.27217500e+02    3.9755468750e-04
       354          3072        1.27242500e+02    3.9763281250e-04
       355          3104        1.25335000e+02    3.9167187500e-04
       356          3136        1.24052500e+02    3.8766406250e-04
       357          3168        1.22987500e+02    3.8433593750e-04
       358          3200        1.21450000e+02    3.7953125000e-04
       359          3232        1.20392500e+02    3.7622656250e-04
       360          3264        1.18607500e+02    3.7064843750e-04
       361          3296        1.17547500e+02    3.6733593750e-04
       362          3328        1.15587500e+02    3.6121093750e-04
       363          3360        1.13275000e+02    3.5398437500e-04
       364          3392        1.12542500e+02    3.5169531250e-04
       365          3424        1.11147500e+02    3.4733593750e-04
       366          3456        1.09220000e+02    3.4131250000e-04
       367          3488        1.07577500e+02    3.3617968750e-04
       368          3520        1.05082500e+02    3.2838281250e-04
       369          3552        1.03117500e+02    3.2224218750e-04
       370          3584        1.01840000e+02    3.1825000000e-04
       371          3616        9.95975000e+01    3.1124218750e-04
       372          3648        9.90025000e+01    3.0938281250e-04
       373          3680        9.64325000e+01    3.0135156250e-04
       374          3712        9.42075000e+01    2.9439843750e-04
       375          3744        9.28075000e+01    2.9002343750e-04
       376          3776        8.98575000e+01    2.8080468750e-04
       377          3808        8.94725000e+01    2.7960156250e-04
       378          3840        8.73050000e+01    2.7282812500e-04
       379          3872        8.49275000e+01    2.6539843750e-04
       380          3904        8.38000000e+01    2.6187500000e-04
       381          3936        8.20925000e+01    2.5653906250e-04
       382          3968        8.06375000e+01    2.5199218750e-04
       383          4000        7.86375000e+01    2.4574218750e-04
       384          4032        7.64550000e+01    2.3892187500e-04
       385          4096        1.49257500e+02    2.3321484375e-04
       386          4160        1.41875000e+02    2.2167968750e-04
       387          4224        1.36340000e+02    2.1303125000e-04
       388          4288        1.30197500e+02    2.0343359375e-04
       389          4352        1.23402500e+02    1.9281640625e-04
       390          4416        1.18357500e+02    1.8493359375e-04
       391          4480        1.12170000e+02    1.7526562500e-04
       392          4544        1.07590000e+02    1.6810937500e-04
       393          4608        1.01440000e+02    1.5850000000e-04
       394          4672        9.83775000e+01    1.5371484375e-04
       395          4736        9.34400000e+01    1.4600000000e-04
       396          4800        8.86975000e+01    1.3858984375e-04
       397          4864        8.53025000e+01    1.3328515625e-04
       398          4928        7.99125000e+01    1.2486328125e-04
       399          4992        7.63050000e+01    1.1922656250e-04
       400          5056        7.28425000e+01    1.1381640625e-04
       401          5120        6.92075000e+01    1.0813671875e-04
       402          5184        6.57450000e+01    1.0272656250e-04
       403          5248        6.25575000e+01    9.7746093750e-05
       404          5312        6.04925000e+01    9.4519531250e-05
       405          5376        5.67800000e+01    8.8718750000e-05
       406          5440        5.39650000e+01    8.4320312500e-05
       407          5504        5.24925000e+01    8.2019531250e-05
       408          5568        4.96400000e+01    7.7562500000e-05
       409          5632        4.67350000e+01    7.3023437500e-05
       410          5696        4.45375000e+01    6.9589843750e-05
       411          5760        4.21125000e+01    6.5800781250e-05
       412          5824        4.05050000e+01    6.3289062500e-05
       413          5888        3.86675000e+01    6.0417968750e-05
       414          5952        3.68050000e+01    5.7507812500e-05
       415          6016        3.45950000e+01    5.4054687500e-05
       416          6080        3.30900000e+01    5.1703125000e-05
       417          6144        3.11800000e+01    4.8718750000e-05
       418          6208        2.99375000e+01    4.6777343750e-05
       419          6272        2.89900000e+01    4.5296875000e-05
       420          6336        2.66525000e+01    4.1644531250e-05
       421          6400        2.59675000e+01    4.0574218750e-05
       422          6464        2.47300000e+01    3.8640625000e-05
       423          6528        2.36200000e+01    3.6906250000e-05
       424          6592        2.26150000e+01    3.5335937500e-05
       425          6656        2.06825000e+01    3.2316406250e-05
       426          6720        2.01750000e+01    3.1523437500e-05
       427          6784        1.95775000e+01    3.0589843750e-05
       428          6848        1.77950000e+01    2.7804687500e-05
       429          6912        1.68950000e+01    2.6398437500e-05
       430          6976        1.60825000e+01    2.5128906250e-05
       431          7040        1.54425000e+01    2.4128906250e-05
       432          7104        1.44875000e+01    2.2636718750e-05
       433          7168        1.41075000e+01    2.2042968750e-05
       434          7232        1.31125000e+01    2.0488281250e-05
       435          7296        1.29250000e+01    2.0195312500e-05
       436          7360        1.19525000e+01    1.8675781250e-05
       437          7424        1.13800000e+01    1.7781250000e-05
       438          7488        1.10425000e+01    1.7253906250e-05
       439          7552        1.03075000e+01    1.6105468750e-05
       440          7616        9.68750000e+00    1.5136718750e-05
       441          7680        9.39000000e+00    1.4671875000e-05
       442          7744        8.91500000e+00    1.3929687500e-05
       443          7808        8.20750000e+00    1.2824218750e-05
       444          7872        8.13000000e+00    1.2703125000e-05
       445          7936        7.58500000e+00    1.1851562500e-05
       446          8000        7.20250000e+00    1.1253906250e-05
       447          8064        6.85000000e+00    1.0703125000e-05
       448          8128        6.35000000e+00    9.9218750000e-06
       449          8256        1.19300000e+01    9.3203125000e-06
       450          8384        1.04075000e+01    8.1308593750e-06
       451          8512        9.79500000e+00    7.6523437500e-06
       452          8640        8.86000000e+00    6.9218750000e-06
       453          8768        7.73750000e+00    6.0449218750e-06
       454          8896        7.20000000e+00    5.6250000000e-06
       455          9024        6.41750000e+00    5.0136718750e-06
       456          9152        5.51000000e+00    4.3046875000e-06
       457          9280        4.97250000e+00    3.8847656250e-06
       458          9408        4.66000000e+00    3.6406250000e-06
       459          9536        4.09000000e+00    3.1953125000e-06
       460          9664        3.56250000e+00    2.7832031250e-06
       461          9792        3.21000000e+00    2.5078125000e-06
       462          9920        2.92000000e+00    2.2812500000e-06
       463         10048        2.70250000e+00    2.1113281250e-06
       464         10176        2.40000000e+00    1.8750000000e-06
       465         10304        2.12750000e+00    1.6621093750e-06
       466         10432        1.98750000e+00    1.5527343750e-06
       467         10560        1.74000000e+00    1.3593750000e-06
       468         10688        1.45250000e+00    1.1347656250e-06
       469         10816        1.38750000e+00    1.0839843750e-06
       470         10944        1.20750000e+00    9.4335937500e-07
       471         11072        1.03500000e+00    8.0859375000e-07
       472         11200        9.52500000e-01    7.4414062500e-07
       473         11328        9.02500000e-01    7.0507812500e-07
       474         11456        7.02500000e-01    5.4882812500e-07
       475         11584        6.32500000e-01    4.9414062500e-07
       476         11712        5.52500000e-01    4.3164062500e-07
       477         11840        5.15000000e-01    4.0234375000e-07
       478         11968        3.57500000e-01    2.7929687500e-07
       479         12096        3.95000000e-01    3.0859375000e-07
       480         12224        3.72500000e-01    2.9101562500e-07
       481         12352        3.17500000e-01    2.4804687500e-07
       482         12480        2.37500000e-01    1.8554687500e-07
       483         12608        2.35000000e-01    1.8359375000e-07
       484         12736        2.27500000e-01    1.7773437500e-07
       485         12864        2.25000000e-01    1.7578125000e-07
       486         12992        1.55000000e-01    1.2109375000e-07
       487         13120        1.70000000e-01    1.3281250000e-07
       488         13248        1.45000000e-01    1.1328125000e-07
       489         13376        1.10000000e-01    8.5937500000e-08
       490         13504        1.37500000e-01    1.0742187500e-07
       491         13632        1.00000000e-01    7.8125000000e-08
       492         13760        9.25000000e-02    7.2265625000e-08
       493         13888        8.25000000e-02    6.4453125000e-08
       494         14016        7.25000000e-02    5.6640625000e-08
       495         14144        4.50000000e-02    3.5156250000e-08
       496         14272        3.50000000e-02    2.7343750000e-08
       497         14400        3.25000000e-02    2.5390625000e-08
       498         14528        3.50000000e-02    2.7343750000e-08
       499         14656        1.50000000e-02    1.1718750000e-08
       500         14784        4.50000000e-02    3.5156250000e-08
       501         14912        2.50000000e-02    1.9531250000e-08
       502         15040        1.75000000e-02    1.3671875000e-08
       503         15168        1.50000000e-02    1.1718750000e-08
       504         15296        7.50000000e-03    5.8593750000e-09
       505         15424        1.00000000e-02    7.8125000000e-09
       506         15552        7.50000000e-03    5.8593750000e-09
       507         15680        2.50000000e-03    1.9531250000e-09
       508         15808        7.50000000e-03    5.8593750000e-09
       509         15936        7.50000000e-03    5.8593750000e-09
       510         16064        5.00000000e-03    3.9062500000e-09
       511         16192        0.00000000e+00    0.0000000000e+00
       512         16320        0.00000000e+00    0.0000000000e+00
       513         16576        1.00000000e-02    3.9062500000e-09
       514         16832        7.50000000e-03    2.9296875000e-09
       515         17088        2.50000000e-03    9.7656250000e-10
       516         17344        2.50000000e-03    9.7656250000e-10
       517         17600        0.00000000e+00    0.0000000000e+00
       518         17856        2.50000000e-03    9.7656250000e-10
       519         18112        2.50000000e-03    9.7656250000e-10
       520         18368        0.00000000e+00    0.0000000000e+00
       521         18624        0.00000000e+00    0.0000000000e+00
       522         18880        0.00000000e+00    0.0000000000e+00
       523         19136        0.00000000e+00    0.0000000000e+00
       524         19392        0.00000000e+00    0.0000000000e+00
       525         19648        0.00000000e+00    0.0000000000e+00
       526         19904        0.00000000e+00    0.0000000000e+00
       527         20160        0.00000000e+00    0.0000000000e+00
       528         20416        0.00000000e+00    0.0000000000e+00
       529         20672        0.00000000e+00    0.0000000000e+00
       530         20928        0.00000000e+00    0.0000000000e+00
       531         21184        0.00000000e+00    0.0000000000e+00
       532         21440        0.00000000e+00    0.0000000000e+00
       533         21696        0.00000000e+00    0.0000000000e+00
       534         21952        2.50000000e-03    9.7656250000e-10
