       188           432        5.00000000e-03    2.4414062500e-08
       189           436        1.50000000e-02    7.3242187500e-08
       190           440        3.00000000e-02    1.4648437500e-07
       191           444        1.00000000e-02    4.8828125000e-08
       192           448        2.50000000e-02    1.2207031250e-07
       193           456        6.50000000e-02    1.5869140625e-07
       194           464        1.60000000e-01    3.9062500000e-07
       195           472        1.95000000e-01    4.7607421875e-07
       196           480        2.45000000e-01    5.9814453125e-07
       197           488        4.05000000e-01    9.8876953125e-07
       198           496        5.75000000e-01    1.4038085938e-06
       199           504        9.55000000e-01    2.3315429688e-06
       200           512        1.15500000e+00    2.8198242187e-06
       201           520        1.76500000e+00    4.3090820312e-06
       202           528        2.57000000e+00    6.2744140625e-06
       203           536        3.13000000e+00    7.6416015625e-06
       204           544        4.46000000e+00    1.0888671875e-05
       205           552        5.60000000e+00    1.3671875000e-05
       206           560        7.19500000e+00    1.7565917969e-05
       207           568        8.83000000e+00    2.1557617188e-05
       208           576        1.12100000e+01    2.7368164062e-05
       209           584        1.39700000e+01    3.4106445313e-05
       210           592        1.65800000e+01    4.0478515625e-05
       211           600        1.96550000e+01    4.7985839844e-05
       212           608        2.32700000e+01    5.6811523437e-05
       213           616        2.75000000e+01    6.7138671875e-05
       214           624        3.24500000e+01    7.9223632814e-05
       215           632        3.89400000e+01    9.5068359379e-05
       216           640        4.34500000e+01    1.0607910157e-04
       217           648        5.10850000e+01    1.2471923829e-04
       218           656        5.64700000e+01    1.3786621095e-04
       219           664        6.38900000e+01    1.5598144532e-04
       220           672        7.25050000e+01    1.7701416017e-04
       221           680        8.17500000e+01    1.9958496094e-04
       222           688        9.03500000e+01    2.2058105470e-04
       223           696        1.00285000e+02    2.4483642580e-04
       224           704        1.08305000e+02    2.6441650392e-04
       225           712        1.19130000e+02    2.9084472657e-04
       226           720        1.30780000e+02    3.1928710938e-04
       227           728        1.39380000e+02    3.4028320313e-04
       228           736        1.50845000e+02    3.6827392579e-04
       229           744        1.62060000e+02    3.9565429688e-04
       230           752        1.74190000e+02    4.2526855469e-04
       231           760        1.86205000e+02    4.5460205079e-04
       232           768        1.96720000e+02    4.8027343750e-04
       233           776        2.08290000e+02    5.0852050780e-04
       234           784        2.19845000e+02    5.3673095703e-04
       235           792        2.30145000e+02    5.6187744141e-04
       236           800        2.44980000e+02    5.9809570313e-04
       237           808        2.54825000e+02    6.2213134766e-04
       238           816        2.66535000e+02    6.5072021485e-04
       239           824        2.76695000e+02    6.7552490235e-04
       240           832        2.89075000e+02    7.0574951173e-04
       241           840        3.00400000e+02    7.3339843751e-04
       242           848        3.09405000e+02    7.5538330079e-04
       243           856        3.19995000e+02    7.8123779297e-04
       244           864        3.28845000e+02    8.0284423829e-04
       245           872        3.37930000e+02    8.2502441407e-04
       246           880        3.46505000e+02    8.4595947267e-04
       247           888        3.58905000e+02    8.7623291017e-04
       248           896        3.64180000e+02    8.8911132814e-04
       249           904        3.72715000e+02    9.0994873048e-04
       250           912        3.83190000e+02    9.3552246094e-04
       251           920        3.89045000e+02    9.4981689452e-04
       252           928        3.96815000e+02    9.6878662107e-04
       253           936        4.01185000e+02    9.7945556637e-04
       254           944        4.05565000e+02    9.9014892575e-04
       255           952        4.16145000e+02    1.0159790038e-03
       256           960        4.15890000e+02    1.0153564452e-03
       257           976        8.43645000e+02    1.0298400879e-03
       258           992        8.61785000e+02    1.0519836425e-03
       259          1008        8.74610000e+02    1.0676391601e-03
       260          1024        8.86090000e+02    1.0816528320e-03
       261          1040        8.92325000e+02    1.0892639160e-03
       262          1056        8.96540000e+02    1.0944091797e-03
       263          1072        9.01270000e+02    1.1001831055e-03
       264          1088        8.93430000e+02    1.0906127930e-03
       265          1104        8.93515000e+02    1.0907165527e-03
       266          1120        8.86105000e+02    1.0816711425e-03
       267          1136        8.79045000e+02    1.0730529785e-03
       268          1152        8.67565000e+02    1.0590393066e-03
       269          1168        8.64865000e+02    1.0557434082e-03
       270          1184        8.50010000e+02    1.0376098633e-03
       271          1200        8.33575000e+02    1.0175476074e-03
       272          1216        8.19195000e+02    9.9999389644e-04
       273          1232        8.08065000e+02    9.8640747066e-04
       274          1248        7.93830000e+02    9.6903076171e-04
       275          1264        7.76340000e+02    9.4768066407e-04
       276          1280        7.59725000e+02    9.2739868164e-04
       277          1296        7.41210000e+02    9.0479736329e-04
       278          1312        7.25575000e+02    8.8571166992e-04
       279          1328        7.10865000e+02    8.6775512696e-04
       280          1344        6.93610000e+02    8.4669189454e-04
       281          1360        6.75480000e+02    8.2456054688e-04
       282          1376        6.56995000e+02    8.0199584961e-04
       283          1392        6.40480000e+02    7.8183593750e-04
       284          1408        6.23025000e+02    7.6052856445e-04
       285          1424        6.05945000e+02    7.3967895508e-04
       286          1440        5.88405000e+02    7.1826782227e-04
       287          1456        5.72750000e+02    6.9915771485e-04
       288          1472        5.55140000e+02    6.7766113282e-04
       289          1488        5.38795000e+02    6.5770874023e-04
       290          1504        5.21455000e+02    6.3654174804e-04
       291          1520        5.09370000e+02    6.2178955078e-04
       292          1536        4.92795000e+02    6.0155639649e-04
       293          1552        4.77795000e+02    5.8324584962e-04
       294          1568        4.62365000e+02    5.6441040039e-04
       295          1584        4.49170000e+02    5.4830322266e-04
       296          1600        4.36260000e+02    5.3254394531e-04
       297          1616        4.19655000e+02    5.1227416992e-04
       298          1632        4.03315000e+02    4.9232788086e-04
       299          1648        3.94380000e+02    4.8142089843e-04
       300          1664        3.79950000e+02    4.6380615235e-04
       301          1680        3.67210000e+02    4.4825439453e-04
       302          1696        3.57905000e+02    4.3689575196e-04
       303          1712        3.44310000e+02    4.2030029297e-04
       304          1728        3.36095000e+02    4.1027221680e-04
       305          1744        3.22455000e+02    3.9362182618e-04
       306          1760        3.12665000e+02    3.8167114258e-04
       307          1776        3.00925000e+02    3.6734008789e-04
       308          1792        2.92620000e+02    3.5720214844e-04
       309          1808        2.83755000e+02    3.4638061523e-04
       310          1824        2.71825000e+02    3.3181762695e-04
       311          1840        2.63460000e+02    3.2160644532e-04
       312          1856        2.53840000e+02    3.0986328125e-04
       313          1872        2.44660000e+02    2.9865722657e-04
       314          1888        2.36600000e+02    2.8881835937e-04
       315          1904        2.28670000e+02    2.7913818360e-04
       316          1920        2.22130000e+02    2.7115478516e-04
       317          1936        2.14065000e+02    2.6130981446e-04
       318          1952        2.05985000e+02    2.5144653322e-04
       319          1968        1.99920000e+02    2.4404296876e-04
       320          1984        1.93495000e+02    2.3619995118e-04
       321          2016        3.66520000e+02    2.2370605469e-04
       322          2048        3.42680000e+02    2.0915527344e-04
       323          2080        3.17250000e+02    1.9363403320e-04
       324          2112        2.98095000e+02    1.8194274903e-04
       325          2144        2.75650000e+02    1.6824340821e-04
       326          2176        2.60930000e+02    1.5925903321e-04
       327          2208        2.41330000e+02    1.4729614258e-04
       328          2240        2.25900000e+02    1.3787841797e-04
       329          2272        2.10835000e+02    1.2868347168e-04
       330          2304        1.94730000e+02    1.1885375977e-04
       331          2336        1.84500000e+02    1.1260986328e-04
       332          2368        1.71205000e+02    1.0449523926e-04
       333          2400        1.59830000e+02    9.7552490235e-05
       334          2432        1.48825000e+02    9.0835571290e-05
       335          2464        1.38750000e+02    8.4686279297e-05
       336          2496        1.29255000e+02    7.8890991211e-05
       337          2528        1.20430000e+02    7.3504638672e-05
       338          2560        1.13320000e+02    6.9165039063e-05
       339          2592        1.03995000e+02    6.3473510743e-05
       340          2624        9.65500000e+01    5.8929443360e-05
       341          2656        9.12250000e+01    5.5679321289e-05
       342          2688        8.48050000e+01    5.1760864259e-05
       343          2720        7.94550000e+01    4.8495483399e-05
       344          2752        7.37200000e+01    4.4995117188e-05
       345          2784        6.82150000e+01    4.1635131836e-05
       346          2816        6.41950000e+01    3.9181518554e-05
       347          2848        5.97650000e+01    3.6477661133e-05
       348          2880        5.58100000e+01    3.4063720703e-05
       349          2912        5.14400000e+01    3.1396484375e-05
       350          2944        4.82400000e+01    2.9443359375e-05
       351          2976        4.43950000e+01    2.7096557618e-05
       352          3008        4.11400000e+01    2.5109863282e-05
       353          3040        3.82900000e+01    2.3370361329e-05
       354          3072        3.60300000e+01    2.1990966797e-05
       355          3104        3.39000000e+01    2.0690917969e-05
       356          3136        3.08950000e+01    1.8856811524e-05
       357          3168        2.95550000e+01    1.8038940430e-05
       358          3200        2.76700000e+01    1.6888427735e-05
       359          3232        2.48350000e+01    1.5158081055e-05
       360          3264        2.36400000e+01    1.4428710938e-05
       361          3296        2.12900000e+01    1.2994384766e-05
       362          3328        2.01300000e+01    1.2286376953e-05
       363          3360        1.86900000e+01    1.1407470703e-05
       364          3392        1.74500000e+01    1.0650634765e-05
       365          3424        1.60250000e+01    9.7808837889e-06
       366          3456        1.52150000e+01    9.2864990230e-06
       367          3488        1.40500000e+01    8.5754394529e-06
       368          3520        1.29750000e+01    7.9193115232e-06
       369          3552        1.21700000e+01    7.4279785155e-06
       370          3584        1.11050000e+01    6.7779541016e-06
       371          3616        1.03350000e+01    6.3079833984e-06
       372          3648        9.92500000e+00    6.0577392579e-06
       373          3680        9.30000000e+00    5.6762695313e-06
       374          3712        8.38500000e+00    5.1177978517e-06
       375          3744        7.87000000e+00    4.8034667970e-06
       376          3776        6.78000000e+00    4.1381835938e-06
       377          3808        6.63500000e+00    4.0496826173e-06
       378          3840        6.14000000e+00    3.7475585938e-06
       379          3872        5.19000000e+00    3.1677246094e-06
       380          3904        5.17000000e+00    3.1555175782e-06
       381          3936        4.84000000e+00    2.9541015626e-06
       382          3968        4.58000000e+00    2.7954101563e-06
       383          4000        4.03000000e+00    2.4597167969e-06
       384          4032        3.90000000e+00    2.3803710937e-06
       385          4096        6.86000000e+00    2.0935058593e-06
       386          4160        5.92500000e+00    1.8081665038e-06
       387          4224        4.91000000e+00    1.4984130858e-06
       388          4288        4.12500000e+00    1.2588500976e-06
       389          4352        3.75500000e+00    1.1459350585e-06
       390          4416        3.10000000e+00    9.4604492182e-07
       391          4480        2.44000000e+00    7.4462890622e-07
       392          4544        2.21000000e+00    6.7443847655e-07
       393          4608        1.75500000e+00    5.3558349609e-07
       394          4672        1.77000000e+00    5.4016113281e-07
       395          4736        1.42000000e+00    4.3334960938e-07
       396          4800        1.14500000e+00    3.4942626955e-07
       397          4864        9.45000000e-01    2.8839111330e-07
       398          4928        8.85000000e-01    2.7008056642e-07
       399          4992        6.95000000e-01    2.1209716799e-07
       400          5056        6.25000000e-01    1.9073486329e-07
       401          5120        4.95000000e-01    1.5106201173e-07
       402          5184        4.65000000e-01    1.4190673829e-07
       403          5248        2.80000000e-01    8.5449218760e-08
       404          5312        2.75000000e-01    8.3923339854e-08
       405          5376        2.80000000e-01    8.5449218762e-08
       406          5440        1.90000000e-01    5.7983398445e-08
       407          5504        1.60000000e-01    4.8828125008e-08
       408          5568        1.95000000e-01    5.9509277351e-08
       409          5632        1.20000000e-01    3.6621093756e-08
       410          5696        8.00000000e-02    2.4414062504e-08
       411          5760        6.50000000e-02    1.9836425783e-08
       412          5824        7.00000000e-02    2.1362304690e-08
       413          5888        8.00000000e-02    2.4414062504e-08
       414          5952        6.50000000e-02    1.9836425784e-08
       415          6016        3.50000000e-02    1.0681152346e-08
       416          6080        5.00000000e-02    1.5258789065e-08
       417          6144        3.00000000e-02    9.1552734390e-09
       418          6208        2.50000000e-02    7.6293945325e-09
       419          6272        2.00000000e-02    6.1035156260e-09
       420          6336        2.50000000e-02    7.6293945325e-09
       421          6400        5.00000000e-03    1.5258789065e-09
       422          6464        1.50000000e-02    4.5776367195e-09
       423          6528        1.00000000e-02    3.0517578130e-09
       424          6592        1.00000000e-02    3.0517578130e-09
       425          6656        0.00000000e+00    0.0000000000e+00
       426          6720        5.00000000e-03    1.5258789065e-09
       427          6784        5.00000000e-03    1.5258789065e-09
       428          6848        0.00000000e+00    0.0000000000e+00
       429          6912        5.00000000e-03    1.5258789065e-09
       430          6976        5.00000000e-03    1.5258789065e-09
       431          7040        5.00000000e-03    1.5258789065e-09
       432          7104        5.00000000e-03    1.5258789065e-09
       433          7168        0.00000000e+00    0.0000000000e+00
       434          7232        0.00000000e+00    0.0000000000e+00
       435          7296        0.00000000e+00    0.0000000000e+00
       436          7360        0.00000000e+00    0.0000000000e+00
       437          7424        0.00000000e+00    0.0000000000e+00
       438          7488        0.00000000e+00    0.0000000000e+00
       439          7552        0.00000000e+00    0.0000000000e+00
       440          7616        5.00000000e-03    1.5258789065e-09
