       229           744        5.00000000e-03    1.2207031250e-08
       230           752        0.00000000e+00    0.0000000000e+00
       231           760        2.00000000e-02    4.8828125000e-08
       232           768        3.00000000e-02    7.3242187500e-08
       233           776        5.50000000e-02    1.3427734375e-07
       234           784        2.00000000e-02    4.8828125000e-08
       235           792        6.00000000e-02    1.4648437500e-07
       236           800        1.40000000e-01    3.4179687500e-07
       237           808        1.30000000e-01    3.1738281250e-07
       238           816        1.25000000e-01    3.0517578125e-07
       239           824        2.55000000e-01    6.2255859375e-07
       240           832        2.30000000e-01    5.6152343750e-07
       241           840        4.05000000e-01    9.8876953125e-07
       242           848        4.10000000e-01    1.0009765625e-06
       243           856        5.05000000e-01    1.2329101563e-06
       244           864        7.45000000e-01    1.8188476563e-06
       245           872        8.25000000e-01    2.0141601563e-06
       246           880        9.60000000e-01    2.3437500000e-06
       247           888        1.21500000e+00    2.9663085937e-06
       248           896        1.58000000e+00    3.8574218750e-06
       249           904        2.00000000e+00    4.8828125000e-06
       250           912        2.21000000e+00    5.3955078125e-06
       251           920        2.56500000e+00    6.2622070312e-06
       252           928        3.05000000e+00    7.4462890625e-06
       253           936        4.06000000e+00    9.9121093750e-06
       254           944        4.24000000e+00    1.0351562500e-05
       255           952        5.16000000e+00    1.2597656250e-05
       256           960        5.84000000e+00    1.4257812500e-05
       257           976        1.47200000e+01    1.7968750001e-05
       258           992        1.85750000e+01    2.2674560547e-05
       259          1008        2.40150000e+01    2.9315185547e-05
       260          1024        2.97800000e+01    3.6352539062e-05
       261          1040        3.70600000e+01    4.5239257813e-05
       262          1056        4.51750000e+01    5.5145263673e-05
       263          1072        5.37100000e+01    6.5563964845e-05
       264          1088        6.53850000e+01    7.9815673829e-05
       265          1104        7.68000000e+01    9.3750000002e-05
       266          1120        8.85550000e+01    1.0809936524e-04
       267          1136        1.04610000e+02    1.2769775391e-04
       268          1152        1.16430000e+02    1.4212646485e-04
       269          1168        1.32660000e+02    1.6193847657e-04
       270          1184        1.47515000e+02    1.8007202149e-04
       271          1200        1.66430000e+02    2.0316162110e-04
       272          1216        1.83780000e+02    2.2434082032e-04
       273          1232        1.97400000e+02    2.4096679688e-04
       274          1248        2.20115000e+02    2.6869506836e-04
       275          1264        2.38870000e+02    2.9158935547e-04
       276          1280        2.54640000e+02    3.1083984375e-04
       277          1296        2.75035000e+02    3.3573608398e-04
       278          1312        2.92350000e+02    3.5687255860e-04
       279          1328        3.13040000e+02    3.8212890626e-04
       280          1344        3.30735000e+02    4.0372924805e-04
       281          1360        3.47220000e+02    4.2385253907e-04
       282          1376        3.66430000e+02    4.4730224610e-04
       283          1392        3.83015000e+02    4.6754760743e-04
       284          1408        3.99415000e+02    4.8756713867e-04
       285          1424        4.15675000e+02    5.0741577148e-04
       286          1440        4.33595000e+02    5.2929077148e-04
       287          1456        4.45085000e+02    5.4331665039e-04
       288          1472        4.58295000e+02    5.5944213867e-04
       289          1488        4.69485000e+02    5.7310180665e-04
       290          1504        4.84530000e+02    5.9146728516e-04
       291          1520        4.91605000e+02    6.0010375977e-04
       292          1536        5.00495000e+02    6.1095581056e-04
       293          1552        5.14135000e+02    6.2760620117e-04
       294          1568        5.20190000e+02    6.3499755859e-04
       295          1584        5.25855000e+02    6.4191284179e-04
       296          1600        5.33835000e+02    6.5165405273e-04
       297          1616        5.37920000e+02    6.5664062500e-04
       298          1632        5.44820000e+02    6.6506347656e-04
       299          1648        5.52825000e+02    6.7483520508e-04
       300          1664        5.55925000e+02    6.7861938477e-04
       301          1680        5.57840000e+02    6.8095703125e-04
       302          1696        5.59400000e+02    6.8286132813e-04
       303          1712        5.60645000e+02    6.8438110352e-04
       304          1728        5.62115000e+02    6.8617553712e-04
       305          1744        5.62045000e+02    6.8609008790e-04
       306          1760        5.62020000e+02    6.8605957032e-04
       307          1776        5.57715000e+02    6.8080444336e-04
       308          1792        5.58885000e+02    6.8223266602e-04
       309          1808        5.56315000e+02    6.7909545899e-04
       310          1824        5.58715000e+02    6.8202514649e-04
       311          1840        5.53380000e+02    6.7551269531e-04
       312          1856        5.52235000e+02    6.7411499024e-04
       313          1872        5.43010000e+02    6.6285400391e-04
       314          1888        5.41425000e+02    6.6091918945e-04
       315          1904        5.37785000e+02    6.5647583007e-04
       316          1920        5.30780000e+02    6.4792480468e-04
       317          1936        5.26095000e+02    6.4220581055e-04
       318          1952        5.22135000e+02    6.3737182617e-04
       319          1968        5.17465000e+02    6.3167114258e-04
       320          1984        5.10360000e+02    6.2299804687e-04
       321          2016        1.00389000e+03    6.1272583008e-04
       322          2048        9.79580000e+02    5.9788818360e-04
       323          2080        9.55775000e+02    5.8335876465e-04
       324          2112        9.26645000e+02    5.6557922364e-04
       325          2144        9.04940000e+02    5.5233154296e-04
       326          2176        8.73300000e+02    5.3302001953e-04
       327          2208        8.46855000e+02    5.1687927246e-04
       328          2240        8.24995000e+02    5.0353698730e-04
       329          2272        7.94475000e+02    4.8490905762e-04
       330          2304        7.66705000e+02    4.6795959473e-04
       331          2336        7.37755000e+02    4.5028991699e-04
       332          2368        7.16725000e+02    4.3745422364e-04
       333          2400        6.87330000e+02    4.1951293945e-04
       334          2432        6.62060000e+02    4.0408935547e-04
       335          2464        6.40745000e+02    3.9107971192e-04
       336          2496        6.13715000e+02    3.7458190918e-04
       337          2528        5.94655000e+02    3.6294860840e-04
       338          2560        5.69125000e+02    3.4736633301e-04
       339          2592        5.47035000e+02    3.3388366699e-04
       340          2624        5.25555000e+02    3.2077331543e-04
       341          2656        5.06530000e+02    3.0916137695e-04
       342          2688        4.83760000e+02    2.9526367187e-04
       343          2720        4.65165000e+02    2.8391418457e-04
       344          2752        4.46180000e+02    2.7232666016e-04
       345          2784        4.29725000e+02    2.6228332520e-04
       346          2816        4.10935000e+02    2.5081481934e-04
       347          2848        3.94590000e+02    2.4083862305e-04
       348          2880        3.76410000e+02    2.2974243164e-04
       349          2912        3.65225000e+02    2.2291564942e-04
       350          2944        3.47695000e+02    2.1221618653e-04
       351          2976        3.33550000e+02    2.0358276367e-04
       352          3008        3.18945000e+02    1.9466857911e-04
       353          3040        3.05105000e+02    1.8622131348e-04
       354          3072        2.95220000e+02    1.8018798828e-04
       355          3104        2.82155000e+02    1.7221374512e-04
       356          3136        2.68775000e+02    1.6404724121e-04
       357          3168        2.60105000e+02    1.5875549316e-04
       358          3200        2.47890000e+02    1.5130004883e-04
       359          3232        2.38490000e+02    1.4556274414e-04
       360          3264        2.29165000e+02    1.3987121583e-04
       361          3296        2.17080000e+02    1.3249511719e-04
       362          3328        2.09210000e+02    1.2769165039e-04
       363          3360        2.01085000e+02    1.2273254395e-04
       364          3392        1.93355000e+02    1.1801452637e-04
       365          3424        1.82880000e+02    1.1162109375e-04
       366          3456        1.75145000e+02    1.0690002442e-04
       367          3488        1.70860000e+02    1.0428466797e-04
       368          3520        1.61400000e+02    9.8510742187e-05
       369          3552        1.55630000e+02    9.4989013673e-05
       370          3584        1.48905000e+02    9.0884399415e-05
       371          3616        1.43155000e+02    8.7374877931e-05
       372          3648        1.37170000e+02    8.3721923828e-05
       373          3680        1.30730000e+02    7.9791259766e-05
       374          3712        1.24450000e+02    7.5958251953e-05
       375          3744        1.19215000e+02    7.2763061524e-05
       376          3776        1.14345000e+02    6.9790649415e-05
       377          3808        1.10765000e+02    6.7605590821e-05
       378          3840        1.07190000e+02    6.5423583985e-05
       379          3872        9.95400000e+01    6.0754394532e-05
       380          3904        9.66700000e+01    5.9002685547e-05
       381          3936        9.24900000e+01    5.6451416016e-05
       382          3968        8.90050000e+01    5.4324340821e-05
       383          4000        8.54000000e+01    5.2124023437e-05
       384          4032        8.13600000e+01    4.9658203125e-05
       385          4096        1.52720000e+02    4.6606445312e-05
       386          4160        1.41225000e+02    4.3098449707e-05
       387          4224        1.27805000e+02    3.9002990723e-05
       388          4288        1.17860000e+02    3.5968017578e-05
       389          4352        1.07930000e+02    3.2937622070e-05
       390          4416        9.96400000e+01    3.0407714844e-05
       391          4480        9.04500000e+01    2.7603149414e-05
       392          4544        8.30150000e+01    2.5334167480e-05
       393          4608        7.45450000e+01    2.2749328613e-05
       394          4672        6.91050000e+01    2.1089172363e-05
       395          4736        6.33700000e+01    1.9338989258e-05
       396          4800        5.82650000e+01    1.7781066894e-05
       397          4864        5.32300000e+01    1.6244506837e-05
       398          4928        4.90450000e+01    1.4967346192e-05
       399          4992        4.44800000e+01    1.3574218750e-05
       400          5056        4.15100000e+01    1.2667846680e-05
       401          5120        3.74100000e+01    1.1416625976e-05
       402          5184        3.47700000e+01    1.0610961914e-05
       403          5248        3.08000000e+01    9.3994140621e-06
       404          5312        2.90300000e+01    8.8592529294e-06
       405          5376        2.64600000e+01    8.0749511716e-06
       406          5440        2.39400000e+01    7.3059082031e-06
       407          5504        2.14950000e+01    6.5597534179e-06
       408          5568        2.01250000e+01    6.1416625977e-06
       409          5632        1.82250000e+01    5.5618286133e-06
       410          5696        1.63850000e+01    5.0003051759e-06
       411          5760        1.51550000e+01    4.6249389649e-06
       412          5824        1.39650000e+01    4.2617797852e-06
       413          5888        1.29800000e+01    3.9611816407e-06
       414          5952        1.17950000e+01    3.5995483399e-06
       415          6016        1.04350000e+01    3.1845092774e-06
       416          6080        9.68000000e+00    2.9541015626e-06
       417          6144        9.21000000e+00    2.8106689454e-06
       418          6208        7.36500000e+00    2.2476196289e-06
       419          6272        7.28500000e+00    2.2232055663e-06
       420          6336        6.68000000e+00    2.0385742187e-06
       421          6400        5.91500000e+00    1.8051147460e-06
       422          6464        5.62000000e+00    1.7150878905e-06
       423          6528        4.78000000e+00    1.4587402343e-06
       424          6592        4.60000000e+00    1.4038085936e-06
       425          6656        4.07500000e+00    1.2435913085e-06
       426          6720        3.75500000e+00    1.1459350585e-06
       427          6784        3.40000000e+00    1.0375976562e-06
       428          6848        3.15000000e+00    9.6130371090e-07
       429          6912        2.74500000e+00    8.3770751948e-07
       430          6976        2.51000000e+00    7.6599121091e-07
       431          7040        2.41000000e+00    7.3547363278e-07
       432          7104        1.93500000e+00    5.9051513672e-07
       433          7168        1.67000000e+00    5.0964355469e-07
       434          7232        1.64500000e+00    5.0201416016e-07
       435          7296        1.49000000e+00    4.5471191407e-07
       436          7360        1.37000000e+00    4.1809082032e-07
       437          7424        1.16000000e+00    3.5400390626e-07
       438          7488        1.13500000e+00    3.4637451173e-07
       439          7552        9.60000000e-01    2.9296875002e-07
       440          7616        9.60000000e-01    2.9296875001e-07
       441          7680        7.95000000e-01    2.4261474611e-07
       442          7744        8.10000000e-01    2.4719238283e-07
       443          7808        6.50000000e-01    1.9836425783e-07
       444          7872        6.30000000e-01    1.9226074220e-07
       445          7936        4.90000000e-01    1.4953613282e-07
       446          8000        4.75000000e-01    1.4495849611e-07
       447          8064        3.45000000e-01    1.0528564454e-07
       448          8128        3.90000000e-01    1.1901855470e-07
       449          8256        6.25000000e-01    9.5367431637e-08
       450          8384        5.00000000e-01    7.6293945312e-08
       451          8512        3.60000000e-01    5.4931640620e-08
       452          8640        4.10000000e-01    6.2561035149e-08
       453          8768        3.10000000e-01    4.7302246088e-08
       454          8896        2.15000000e-01    3.2806396481e-08
       455          9024        2.15000000e-01    3.2806396481e-08
       456          9152        1.85000000e-01    2.8228759762e-08
       457          9280        9.00000000e-02    1.3732910154e-08
       458          9408        4.50000000e-02    6.8664550770e-09
       459          9536        7.50000000e-02    1.1444091795e-08
       460          9664        6.50000000e-02    9.9182128890e-09
       461          9792        5.50000000e-02    8.3923339830e-09
       462          9920        7.00000000e-02    1.0681152342e-08
       463         10048        2.00000000e-02    3.0517578120e-09
       464         10176        1.00000000e-02    1.5258789060e-09
       465         10304        0.00000000e+00    0.0000000000e+00
       466         10432        1.50000000e-02    2.2888183590e-09
       467         10560        5.00000000e-03    7.6293945300e-10
       468         10688        1.00000000e-02    1.5258789060e-09
       469         10816        0.00000000e+00    0.0000000000e+00
       470         10944        5.00000000e-03    7.6293945300e-10
       471         11072        5.00000000e-03    7.6293945300e-10
       472         11200        0.00000000e+00    0.0000000000e+00
       473         11328        0.00000000e+00    0.0000000000e+00
       474         11456        0.00000000e+00    0.0000000000e+00
       475         11584        0.00000000e+00    0.0000000000e+00
       476         11712        0.00000000e+00    0.0000000000e+00
       477         11840        0.00000000e+00    0.0000000000e+00
       478         11968        0.00000000e+00    0.0000000000e+00
       479         12096        0.00000000e+00    0.0000000000e+00
       480         12224        5.00000000e-03    7.6293945300e-10
